trial,day,infections
1,1,3
1,2,8
1,3,18
1,4,40
1,5,79
1,6,163
1,7,269
1,8,335
1,9,371
1,10,391
1,11,384
1,12,378
1,13,371
1,14,377
1,15,391
1,16,385
1,17,394
1,18,392
1,19,384
1,20,395
1,21,394
1,22,393
1,23,395
1,24,397
1,25,387
1,26,383
1,27,384
1,28,380
1,29,373
1,30,383
1,31,383
1,32,381
1,33,387
1,34,394
1,35,386
1,36,411
1,37,393
1,38,380
1,39,395
1,40,387
1,41,387
1,42,373
1,43,372
1,44,377
1,45,384
1,46,385
1,47,386
1,48,386
1,49,396
1,50,377
1,51,365
1,52,385
1,53,388
1,54,385
1,55,376
1,56,367
1,57,387
1,58,371
1,59,382
1,60,375
1,61,384
1,62,373
1,63,395
1,64,368
1,65,387
1,66,390
1,67,396
1,68,384
1,69,373
1,70,375
1,71,385
1,72,375
1,73,376
1,74,382
1,75,373
1,76,384
1,77,399
1,78,386
1,79,389
1,80,378
1,81,374
1,82,375
1,83,374
1,84,378
1,85,376
1,86,375
1,87,359
1,88,375
1,89,379
1,90,369
1,91,362
1,92,369
1,93,384
1,94,381
1,95,376
1,96,390
1,97,380
1,98,378
1,99,383
1,100,376
1,101,380
1,102,391
1,103,373
1,104,392
1,105,376
1,106,386
1,107,386
1,108,385
1,109,394
1,110,385
1,111,387
1,112,383
1,113,375
1,114,387
1,115,384
1,116,392
1,117,390
1,118,390
1,119,395
1,120,386
1,121,381
1,122,375
1,123,382
1,124,380
1,125,380
1,126,381
1,127,373
1,128,384
1,129,382
1,130,374
1,131,368
1,132,377
1,133,408
1,134,381
1,135,388
1,136,382
1,137,382
1,138,384
1,139,381
1,140,389
1,141,388
1,142,384
1,143,387
1,144,378
1,145,385
1,146,393
1,147,372
1,148,382
1,149,384
1,150,384
1,151,378
1,152,386
1,153,371
1,154,376
1,155,382
1,156,381
1,157,387
1,158,375
1,159,376
1,160,392
1,161,383
1,162,386
1,163,377
1,164,395
1,165,368
1,166,379
1,167,387
1,168,387
1,169,378
1,170,388
1,171,391
1,172,389
1,173,389
1,174,385
1,175,387
1,176,386
1,177,395
1,178,389
1,179,381
1,180,394
1,181,391
1,182,376
1,183,370
1,184,378
1,185,386
1,186,383
1,187,368
1,188,385
1,189,389
1,190,390
1,191,377
1,192,388
1,193,374
1,194,385
1,195,388
1,196,371
1,197,394
1,198,385
1,199,398
1,200,382
2,1,2
2,2,5
2,3,12
2,4,34
2,5,65
2,6,144
2,7,247
2,8,316
2,9,363
2,10,375
2,11,393
2,12,395
2,13,378
2,14,386
2,15,378
2,16,382
2,17,373
2,18,385
2,19,392
2,20,394
2,21,389
2,22,393
2,23,391
2,24,387
2,25,381
2,26,386
2,27,393
2,28,401
2,29,391
2,30,373
2,31,385
2,32,386
2,33,377
2,34,374
2,35,384
2,36,396
2,37,389
2,38,386
2,39,407
2,40,387
2,41,387
2,42,385
2,43,375
2,44,388
2,45,394
2,46,372
2,47,371
2,48,377
2,49,386
2,50,368
2,51,394
2,52,383
2,53,385
2,54,388
2,55,374
2,56,386
2,57,379
2,58,389
2,59,379
2,60,388
2,61,382
2,62,386
2,63,384
2,64,384
2,65,363
2,66,372
2,67,377
2,68,379
2,69,387
2,70,371
2,71,372
2,72,384
2,73,372
2,74,384
2,75,384
2,76,379
2,77,369
2,78,376
2,79,371
2,80,390
2,81,374
2,82,392
2,83,383
2,84,392
2,85,390
2,86,387
2,87,393
2,88,375
2,89,383
2,90,382
2,91,389
2,92,383
2,93,379
2,94,386
2,95,395
2,96,371
2,97,372
2,98,370
2,99,376
2,100,368
2,101,393
2,102,381
2,103,385
2,104,404
2,105,400
2,106,371
2,107,382
2,108,379
2,109,370
2,110,387
2,111,370
2,112,379
2,113,395
2,114,391
2,115,375
2,116,387
2,117,385
2,118,376
2,119,380
2,120,373
2,121,384
2,122,383
2,123,387
2,124,377
2,125,374
2,126,381
2,127,386
2,128,388
2,129,386
2,130,377
2,131,377
2,132,374
2,133,386
2,134,392
2,135,390
2,136,395
2,137,381
2,138,389
2,139,393
2,140,386
2,141,389
2,142,380
2,143,390
2,144,394
2,145,372
2,146,376
2,147,371
2,148,396
2,149,381
2,150,387
2,151,364
2,152,369
2,153,373
2,154,397
2,155,386
2,156,383
2,157,373
2,158,381
2,159,387
2,160,385
2,161,371
2,162,370
2,163,386
2,164,376
2,165,379
2,166,384
2,167,369
2,168,393
2,169,389
2,170,373
2,171,390
2,172,384
2,173,380
2,174,382
2,175,381
2,176,385
2,177,372
2,178,370
2,179,371
2,180,374
2,181,383
2,182,390
2,183,387
2,184,385
2,185,378
2,186,381
2,187,375
2,188,382
2,189,383
2,190,389
2,191,382
2,192,368
2,193,374
2,194,378
2,195,379
2,196,383
2,197,386
2,198,379
2,199,388
2,200,393
3,1,2
3,2,5
3,3,12
3,4,25
3,5,54
3,6,121
3,7,205
3,8,307
3,9,350
3,10,375
3,11,376
3,12,381
3,13,378
3,14,378
3,15,401
3,16,395
3,17,391
3,18,389
3,19,382
3,20,382
3,21,370
3,22,375
3,23,382
3,24,387
3,25,377
3,26,368
3,27,377
3,28,387
3,29,378
3,30,385
3,31,370
3,32,374
3,33,379
3,34,373
3,35,376
3,36,366
3,37,377
3,38,379
3,39,387
3,40,383
3,41,383
3,42,373
3,43,395
3,44,383
3,45,391
3,46,388
3,47,378
3,48,379
3,49,373
3,50,398
3,51,375
3,52,392
3,53,378
3,54,372
3,55,383
3,56,365
3,57,358
3,58,360
3,59,383
3,60,367
3,61,381
3,62,382
3,63,399
3,64,393
3,65,380
3,66,373
3,67,377
3,68,378
3,69,366
3,70,382
3,71,377
3,72,375
3,73,372
3,74,387
3,75,383
3,76,371
3,77,358
3,78,372
3,79,366
3,80,370
3,81,382
3,82,387
3,83,382
3,84,373
3,85,386
3,86,394
3,87,393
3,88,379
3,89,381
3,90,361
3,91,374
3,92,364
3,93,374
3,94,364
3,95,376
3,96,380
3,97,395
3,98,385
3,99,373
3,100,383
3,101,388
3,102,385
3,103,382
3,104,368
3,105,384
3,106,371
3,107,380
3,108,388
3,109,381
3,110,381
3,111,374
3,112,378
3,113,385
3,114,387
3,115,374
3,116,380
3,117,383
3,118,385
3,119,393
3,120,385
3,121,382
3,122,379
3,123,378
3,124,371
3,125,379
3,126,383
3,127,384
3,128,374
3,129,378
3,130,384
3,131,367
3,132,389
3,133,371
3,134,377
3,135,377
3,136,361
3,137,378
3,138,370
3,139,376
3,140,389
3,141,386
3,142,388
3,143,382
3,144,387
3,145,395
3,146,381
3,147,365
3,148,372
3,149,379
3,150,384
3,151,371
3,152,381
3,153,390
3,154,378
3,155,384
3,156,388
3,157,382
3,158,391
3,159,386
3,160,383
3,161,375
3,162,388
3,163,387
3,164,397
3,165,374
3,166,366
3,167,366
3,168,383
3,169,368
3,170,370
3,171,383
3,172,371
3,173,379
3,174,375
3,175,381
3,176,388
3,177,373
3,178,387
3,179,377
3,180,372
3,181,384
3,182,383
3,183,383
3,184,385
3,185,385
3,186,395
3,187,391
3,188,381
3,189,372
3,190,379
3,191,392
3,192,385
3,193,379
3,194,381
3,195,383
3,196,380
3,197,384
3,198,385
3,199,395
3,200,388
4,1,4
4,2,11
4,3,28
4,4,62
4,5,123
4,6,208
4,7,297
4,8,352
4,9,372
4,10,378
4,11,389
4,12,371
4,13,365
4,14,375
4,15,385
4,16,378
4,17,381
4,18,387
4,19,381
4,20,384
4,21,382
4,22,374
4,23,382
4,24,383
4,25,388
4,26,374
4,27,373
4,28,375
4,29,369
4,30,382
4,31,388
4,32,373
4,33,373
4,34,368
4,35,353
4,36,380
4,37,384
4,38,391
4,39,380
4,40,363
4,41,368
4,42,384
4,43,376
4,44,386
4,45,382
4,46,380
4,47,378
4,48,383
4,49,375
4,50,395
4,51,378
4,52,388
4,53,387
4,54,385
4,55,380
4,56,383
4,57,385
4,58,384
4,59,384
4,60,368
4,61,369
4,62,376
4,63,373
4,64,372
4,65,380
4,66,391
4,67,397
4,68,382
4,69,384
4,70,373
4,71,386
4,72,377
4,73,402
4,74,388
4,75,394
4,76,378
4,77,379
4,78,378
4,79,377
4,80,400
4,81,375
4,82,373
4,83,397
4,84,395
4,85,386
4,86,372
4,87,378
4,88,379
4,89,382
4,90,376
4,91,394
4,92,401
4,93,382
4,94,384
4,95,388
4,96,385
4,97,369
4,98,365
4,99,383
4,100,402
4,101,382
4,102,382
4,103,373
4,104,385
4,105,400
4,106,385
4,107,387
4,108,386
4,109,374
4,110,377
4,111,372
4,112,372
4,113,379
4,114,375
4,115,359
4,116,371
4,117,381
4,118,383
4,119,396
4,120,389
4,121,382
4,122,385
4,123,373
4,124,376
4,125,383
4,126,399
4,127,393
4,128,382
4,129,388
4,130,383
4,131,392
4,132,388
4,133,386
4,134,389
4,135,372
4,136,365
4,137,385
4,138,393
4,139,380
4,140,374
4,141,381
4,142,377
4,143,387
4,144,382
4,145,368
4,146,382
4,147,376
4,148,369
4,149,376
4,150,366
4,151,371
4,152,362
4,153,373
4,154,363
4,155,383
4,156,372
4,157,379
4,158,374
4,159,375
4,160,379
4,161,352
4,162,371
4,163,365
4,164,370
4,165,385
4,166,379
4,167,389
4,168,368
4,169,378
4,170,372
4,171,377
4,172,385
4,173,374
4,174,380
4,175,385
4,176,387
4,177,400
4,178,393
4,179,367
4,180,373
4,181,383
4,182,378
4,183,375
4,184,371
4,185,389
4,186,390
4,187,386
4,188,385
4,189,368
4,190,382
4,191,385
4,192,381
4,193,370
4,194,397
4,195,389
4,196,385
4,197,375
4,198,378
4,199,380
4,200,381
5,1,3
5,2,9
5,3,23
5,4,54
5,5,110
5,6,214
5,7,315
5,8,351
5,9,375
5,10,385
5,11,382
5,12,373
5,13,370
5,14,372
5,15,384
5,16,381
5,17,384
5,18,384
5,19,387
5,20,379
5,21,390
5,22,397
5,23,399
5,24,389
5,25,380
5,26,382
5,27,370
5,28,389
5,29,375
5,30,384
5,31,381
5,32,388
5,33,370
5,34,383
5,35,389
5,36,372
5,37,386
5,38,396
5,39,390
5,40,394
5,41,395
5,42,371
5,43,389
5,44,389
5,45,382
5,46,385
5,47,383
5,48,380
5,49,368
5,50,378
5,51,385
5,52,383
5,53,388
5,54,382
5,55,382
5,56,384
5,57,386
5,58,385
5,59,380
5,60,384
5,61,382
5,62,388
5,63,375
5,64,379
5,65,386
5,66,389
5,67,394
5,68,375
5,69,382
5,70,376
5,71,378
5,72,386
5,73,387
5,74,383
5,75,378
5,76,377
5,77,385
5,78,371
5,79,393
5,80,374
5,81,378
5,82,383
5,83,384
5,84,386
5,85,384
5,86,386
5,87,381
5,88,377
5,89,374
5,90,376
5,91,368
5,92,385
5,93,376
5,94,388
5,95,384
5,96,378
5,97,396
5,98,383
5,99,382
5,100,389
5,101,386
5,102,392
5,103,379
5,104,384
5,105,377
5,106,384
5,107,392
5,108,383
5,109,383
5,110,368
5,111,371
5,112,380
5,113,379
5,114,370
5,115,383
5,116,386
5,117,378
5,118,376
5,119,393
5,120,381
5,121,372
5,122,376
5,123,378
5,124,380
5,125,383
5,126,379
5,127,382
5,128,388
5,129,385
5,130,375
5,131,382
5,132,385
5,133,373
5,134,394
5,135,375
5,136,378
5,137,370
5,138,379
5,139,380
5,140,378
5,141,372
5,142,368
5,143,369
5,144,369
5,145,377
5,146,382
5,147,377
5,148,375
5,149,371
5,150,383
5,151,389
5,152,384
5,153,380
5,154,381
5,155,388
5,156,376
5,157,378
5,158,380
5,159,385
5,160,360
5,161,376
5,162,377
5,163,387
5,164,383
5,165,380
5,166,389
5,167,383
5,168,373
5,169,369
5,170,384
5,171,381
5,172,367
5,173,364
5,174,375
5,175,375
5,176,386
5,177,381
5,178,390
5,179,362
5,180,380
5,181,386
5,182,394
5,183,389
5,184,375
5,185,381
5,186,388
5,187,372
5,188,380
5,189,388
5,190,378
5,191,389
5,192,383
5,193,370
5,194,367
5,195,393
5,196,389
5,197,393
5,198,376
5,199,392
5,200,386
6,1,2
6,2,4
6,3,9
6,4,25
6,5,54
6,6,117
6,7,206
6,8,277
6,9,327
6,10,371
6,11,377
6,12,393
6,13,388
6,14,395
6,15,384
6,16,367
6,17,381
6,18,390
6,19,386
6,20,393
6,21,387
6,22,396
6,23,388
6,24,388
6,25,375
6,26,396
6,27,375
6,28,387
6,29,383
6,30,394
6,31,391
6,32,395
6,33,375
6,34,384
6,35,374
6,36,376
6,37,386
6,38,388
6,39,389
6,40,388
6,41,393
6,42,378
6,43,388
6,44,391
6,45,359
6,46,371
6,47,378
6,48,378
6,49,379
6,50,395
6,51,386
6,52,373
6,53,383
6,54,379
6,55,379
6,56,377
6,57,376
6,58,389
6,59,373
6,60,379
6,61,391
6,62,377
6,63,375
6,64,376
6,65,381
6,66,370
6,67,378
6,68,374
6,69,393
6,70,385
6,71,384
6,72,364
6,73,387
6,74,381
6,75,392
6,76,369
6,77,378
6,78,376
6,79,387
6,80,377
6,81,370
6,82,387
6,83,380
6,84,374
6,85,372
6,86,366
6,87,378
6,88,382
6,89,378
6,90,390
6,91,390
6,92,385
6,93,375
6,94,368
6,95,378
6,96,394
6,97,378
6,98,369
6,99,379
6,100,388
6,101,384
6,102,388
6,103,383
6,104,388
6,105,393
6,106,390
6,107,387
6,108,385
6,109,380
6,110,373
6,111,384
6,112,379
6,113,387
6,114,378
6,115,387
6,116,381
6,117,376
6,118,384
6,119,386
6,120,386
6,121,372
6,122,386
6,123,378
6,124,366
6,125,372
6,126,357
6,127,366
6,128,373
6,129,374
6,130,378
6,131,376
6,132,395
6,133,382
6,134,373
6,135,385
6,136,372
6,137,363
6,138,385
6,139,377
6,140,378
6,141,383
6,142,371
6,143,378
6,144,384
6,145,377
6,146,368
6,147,367
6,148,372
6,149,383
6,150,368
6,151,371
6,152,373
6,153,377
6,154,378
6,155,372
6,156,379
6,157,397
6,158,390
6,159,375
6,160,393
6,161,380
6,162,369
6,163,373
6,164,370
6,165,390
6,166,387
6,167,380
6,168,384
6,169,380
6,170,367
6,171,384
6,172,367
6,173,376
6,174,384
6,175,373
6,176,385
6,177,377
6,178,385
6,179,380
6,180,386
6,181,386
6,182,385
6,183,392
6,184,390
6,185,392
6,186,383
6,187,360
6,188,384
6,189,384
6,190,372
6,191,360
6,192,378
6,193,374
6,194,391
6,195,382
6,196,387
6,197,386
6,198,374
6,199,386
6,200,378
7,1,3
7,2,6
7,3,20
7,4,45
7,5,92
7,6,180
7,7,275
7,8,349
7,9,369
7,10,389
7,11,396
7,12,380
7,13,371
7,14,393
7,15,397
7,16,396
7,17,391
7,18,388
7,19,390
7,20,385
7,21,375
7,22,401
7,23,398
7,24,380
7,25,378
7,26,382
7,27,375
7,28,394
7,29,393
7,30,375
7,31,375
7,32,385
7,33,385
7,34,377
7,35,375
7,36,375
7,37,393
7,38,388
7,39,382
7,40,374
7,41,372
7,42,370
7,43,382
7,44,374
7,45,402
7,46,390
7,47,371
7,48,378
7,49,384
7,50,378
7,51,384
7,52,366
7,53,377
7,54,374
7,55,384
7,56,376
7,57,377
7,58,391
7,59,380
7,60,377
7,61,370
7,62,377
7,63,368
7,64,369
7,65,387
7,66,384
7,67,377
7,68,373
7,69,377
7,70,400
7,71,376
7,72,376
7,73,368
7,74,375
7,75,384
7,76,376
7,77,378
7,78,375
7,79,379
7,80,374
7,81,386
7,82,387
7,83,386
7,84,376
7,85,383
7,86,385
7,87,377
7,88,390
7,89,382
7,90,380
7,91,383
7,92,375
7,93,374
7,94,379
7,95,373
7,96,365
7,97,384
7,98,379
7,99,372
7,100,369
7,101,386
7,102,364
7,103,370
7,104,377
7,105,386
7,106,377
7,107,378
7,108,383
7,109,390
7,110,366
7,111,381
7,112,393
7,113,377
7,114,388
7,115,386
7,116,382
7,117,375
7,118,385
7,119,378
7,120,385
7,121,388
7,122,396
7,123,379
7,124,389
7,125,388
7,126,383
7,127,388
7,128,388
7,129,379
7,130,381
7,131,377
7,132,380
7,133,383
7,134,387
7,135,370
7,136,375
7,137,376
7,138,372
7,139,380
7,140,378
7,141,375
7,142,386
7,143,378
7,144,378
7,145,378
7,146,392
7,147,379
7,148,383
7,149,386
7,150,373
7,151,387
7,152,383
7,153,382
7,154,368
7,155,388
7,156,380
7,157,381
7,158,376
7,159,385
7,160,373
7,161,377
7,162,376
7,163,378
7,164,380
7,165,380
7,166,367
7,167,364
7,168,394
7,169,382
7,170,376
7,171,378
7,172,386
7,173,382
7,174,373
7,175,372
7,176,377
7,177,371
7,178,376
7,179,394
7,180,396
7,181,384
7,182,385
7,183,372
7,184,380
7,185,383
7,186,383
7,187,391
7,188,382
7,189,381
7,190,379
7,191,389
7,192,386
7,193,370
7,194,386
7,195,375
7,196,381
7,197,374
7,198,375
7,199,381
7,200,384
8,1,1
8,2,2
8,3,5
8,4,14
8,5,42
8,6,90
8,7,173
8,8,265
8,9,322
8,10,359
8,11,367
8,12,373
8,13,385
8,14,374
8,15,399
8,16,390
8,17,387
8,18,389
8,19,385
8,20,373
8,21,398
8,22,391
8,23,387
8,24,396
8,25,378
8,26,368
8,27,394
8,28,407
8,29,379
8,30,377
8,31,392
8,32,404
8,33,367
8,34,396
8,35,383
8,36,376
8,37,381
8,38,372
8,39,389
8,40,381
8,41,375
8,42,393
8,43,399
8,44,370
8,45,384
8,46,390
8,47,386
8,48,391
8,49,386
8,50,379
8,51,380
8,52,387
8,53,394
8,54,387
8,55,392
8,56,383
8,57,406
8,58,382
8,59,393
8,60,378
8,61,380
8,62,382
8,63,379
8,64,395
8,65,384
8,66,383
8,67,381
8,68,366
8,69,394
8,70,384
8,71,375
8,72,377
8,73,360
8,74,385
8,75,376
8,76,395
8,77,391
8,78,391
8,79,369
8,80,382
8,81,389
8,82,387
8,83,391
8,84,378
8,85,380
8,86,379
8,87,375
8,88,382
8,89,378
8,90,383
8,91,384
8,92,381
8,93,388
8,94,382
8,95,385
8,96,375
8,97,387
8,98,389
8,99,378
8,100,375
8,101,389
8,102,385
8,103,376
8,104,378
8,105,388
8,106,398
8,107,383
8,108,373
8,109,374
8,110,382
8,111,373
8,112,381
8,113,375
8,114,386
8,115,383
8,116,383
8,117,391
8,118,391
8,119,387
8,120,372
8,121,378
8,122,381
8,123,390
8,124,379
8,125,387
8,126,382
8,127,375
8,128,379
8,129,386
8,130,404
8,131,378
8,132,376
8,133,377
8,134,382
8,135,393
8,136,371
8,137,380
8,138,384
8,139,382
8,140,392
8,141,394
8,142,374
8,143,367
8,144,367
8,145,376
8,146,380
8,147,378
8,148,387
8,149,378
8,150,375
8,151,383
8,152,385
8,153,383
8,154,381
8,155,385
8,156,376
8,157,374
8,158,381
8,159,382
8,160,386
8,161,377
8,162,383
8,163,388
8,164,378
8,165,399
8,166,375
8,167,382
8,168,365
8,169,364
8,170,385
8,171,378
8,172,387
8,173,368
8,174,368
8,175,389
8,176,395
8,177,372
8,178,377
8,179,388
8,180,382
8,181,388
8,182,378
8,183,362
8,184,378
8,185,375
8,186,400
8,187,389
8,188,388
8,189,382
8,190,386
8,191,383
8,192,382
8,193,383
8,194,391
8,195,392
8,196,377
8,197,380
8,198,375
8,199,367
8,200,382
9,1,1
9,2,3
9,3,7
9,4,14
9,5,32
9,6,74
9,7,167
9,8,269
9,9,337
9,10,367
9,11,382
9,12,387
9,13,382
9,14,379
9,15,370
9,16,386
9,17,390
9,18,395
9,19,372
9,20,365
9,21,386
9,22,366
9,23,373
9,24,357
9,25,372
9,26,379
9,27,387
9,28,373
9,29,378
9,30,383
9,31,375
9,32,379
9,33,390
9,34,402
9,35,395
9,36,390
9,37,384
9,38,382
9,39,378
9,40,378
9,41,380
9,42,374
9,43,385
9,44,389
9,45,371
9,46,376
9,47,380
9,48,377
9,49,384
9,50,375
9,51,371
9,52,380
9,53,370
9,54,386
9,55,373
9,56,378
9,57,390
9,58,376
9,59,375
9,60,376
9,61,378
9,62,389
9,63,375
9,64,376
9,65,380
9,66,377
9,67,387
9,68,372
9,69,371
9,70,376
9,71,377
9,72,380
9,73,370
9,74,387
9,75,389
9,76,385
9,77,388
9,78,385
9,79,378
9,80,381
9,81,381
9,82,372
9,83,373
9,84,385
9,85,383
9,86,387
9,87,379
9,88,377
9,89,376
9,90,376
9,91,385
9,92,375
9,93,380
9,94,373
9,95,380
9,96,372
9,97,368
9,98,372
9,99,373
9,100,381
9,101,397
9,102,384
9,103,386
9,104,376
9,105,379
9,106,382
9,107,378
9,108,375
9,109,369
9,110,376
9,111,384
9,112,396
9,113,366
9,114,367
9,115,389
9,116,374
9,117,389
9,118,378
9,119,378
9,120,379
9,121,391
9,122,375
9,123,382
9,124,365
9,125,385
9,126,379
9,127,381
9,128,394
9,129,378
9,130,389
9,131,392
9,132,391
9,133,372
9,134,377
9,135,383
9,136,378
9,137,378
9,138,383
9,139,383
9,140,392
9,141,387
9,142,385
9,143,388
9,144,381
9,145,388
9,146,379
9,147,389
9,148,393
9,149,381
9,150,386
9,151,389
9,152,387
9,153,388
9,154,378
9,155,381
9,156,387
9,157,385
9,158,389
9,159,382
9,160,371
9,161,393
9,162,385
9,163,376
9,164,379
9,165,380
9,166,389
9,167,379
9,168,378
9,169,378
9,170,374
9,171,371
9,172,383
9,173,384
9,174,374
9,175,381
9,176,383
9,177,389
9,178,379
9,179,384
9,180,384
9,181,378
9,182,383
9,183,382
9,184,389
9,185,389
9,186,380
9,187,376
9,188,387
9,189,377
9,190,378
9,191,381
9,192,379
9,193,381
9,194,382
9,195,391
9,196,377
9,197,371
9,198,387
9,199,383
9,200,390
10,1,3
10,2,6
10,3,13
10,4,38
10,5,80
10,6,153
10,7,244
10,8,315
10,9,360
10,10,378
10,11,377
10,12,371
10,13,370
10,14,388
10,15,370
10,16,368
10,17,366
10,18,378
10,19,380
10,20,393
10,21,392
10,22,374
10,23,371
10,24,371
10,25,377
10,26,371
10,27,370
10,28,375
10,29,384
10,30,383
10,31,381
10,32,393
10,33,379
10,34,383
10,35,385
10,36,378
10,37,383
10,38,366
10,39,379
10,40,375
10,41,382
10,42,363
10,43,374
10,44,378
10,45,380
10,46,378
10,47,387
10,48,398
10,49,374
10,50,369
10,51,373
10,52,388
10,53,387
10,54,377
10,55,382
10,56,384
10,57,398
10,58,397
10,59,388
10,60,377
10,61,375
10,62,389
10,63,383
10,64,388
10,65,391
10,66,403
10,67,378
10,68,379
10,69,377
10,70,379
10,71,365
10,72,377
10,73,384
10,74,383
10,75,379
10,76,381
10,77,384
10,78,380
10,79,371
10,80,388
10,81,380
10,82,373
10,83,364
10,84,382
10,85,396
10,86,386
10,87,385
10,88,390
10,89,382
10,90,374
10,91,384
10,92,399
10,93,384
10,94,378
10,95,372
10,96,375
10,97,384
10,98,385
10,99,388
10,100,374
10,101,378
10,102,374
10,103,400
10,104,380
10,105,379
10,106,383
10,107,374
10,108,391
10,109,391
10,110,387
10,111,389
10,112,380
10,113,386
10,114,369
10,115,361
10,116,375
10,117,385
10,118,385
10,119,374
10,120,368
10,121,367
10,122,381
10,123,380
10,124,371
10,125,385
10,126,379
10,127,389
10,128,389
10,129,394
10,130,387
10,131,377
10,132,381
10,133,383
10,134,375
10,135,381
10,136,379
10,137,385
10,138,362
10,139,362
10,140,372
10,141,374
10,142,369
10,143,377
10,144,378
10,145,381
10,146,374
10,147,368
10,148,391
10,149,367
10,150,384
10,151,385
10,152,384
10,153,373
10,154,384
10,155,381
10,156,358
10,157,363
10,158,374
10,159,379
10,160,393
10,161,378
10,162,373
10,163,379
10,164,367
10,165,380
10,166,393
10,167,371
10,168,389
10,169,377
10,170,387
10,171,399
10,172,395
10,173,392
10,174,388
10,175,388
10,176,400
10,177,390
10,178,391
10,179,390
10,180,393
10,181,386
10,182,376
10,183,383
10,184,372
10,185,375
10,186,390
10,187,385
10,188,381
10,189,388
10,190,374
10,191,383
10,192,373
10,193,378
10,194,379
10,195,377
10,196,388
10,197,379
10,198,379
10,199,393
10,200,392
11,1,2
11,2,2
11,3,4
11,4,6
11,5,14
11,6,35
11,7,73
11,8,162
11,9,249
11,10,329
11,11,346
11,12,366
11,13,380
11,14,368
11,15,372
11,16,371
11,17,381
11,18,375
11,19,379
11,20,389
11,21,386
11,22,385
11,23,387
11,24,384
11,25,372
11,26,374
11,27,397
11,28,389
11,29,384
11,30,381
11,31,380
11,32,380
11,33,393
11,34,398
11,35,370
11,36,382
11,37,384
11,38,383
11,39,385
11,40,378
11,41,394
11,42,372
11,43,381
11,44,374
11,45,374
11,46,393
11,47,379
11,48,367
11,49,377
11,50,379
11,51,387
11,52,384
11,53,387
11,54,380
11,55,390
11,56,404
11,57,389
11,58,386
11,59,370
11,60,382
11,61,384
11,62,375
11,63,370
11,64,368
11,65,376
11,66,390
11,67,381
11,68,389
11,69,371
11,70,366
11,71,384
11,72,372
11,73,379
11,74,373
11,75,378
11,76,382
11,77,370
11,78,387
11,79,371
11,80,402
11,81,390
11,82,392
11,83,384
11,84,379
11,85,384
11,86,377
11,87,386
11,88,385
11,89,376
11,90,380
11,91,371
11,92,389
11,93,389
11,94,394
11,95,390
11,96,384
11,97,384
11,98,391
11,99,391
11,100,395
11,101,376
11,102,383
11,103,378
11,104,374
11,105,385
11,106,382
11,107,363
11,108,379
11,109,384
11,110,384
11,111,388
11,112,363
11,113,375
11,114,383
11,115,371
11,116,379
11,117,374
11,118,381
11,119,386
11,120,379
11,121,381
11,122,382
11,123,387
11,124,368
11,125,378
11,126,382
11,127,379
11,128,385
11,129,386
11,130,382
11,131,374
11,132,380
11,133,387
11,134,374
11,135,368
11,136,382
11,137,375
11,138,384
11,139,381
11,140,384
11,141,383
11,142,387
11,143,394
11,144,397
11,145,381
11,146,369
11,147,373
11,148,380
11,149,385
11,150,365
11,151,369
11,152,371
11,153,405
11,154,376
11,155,384
11,156,381
11,157,382
11,158,380
11,159,382
11,160,361
11,161,387
11,162,377
11,163,388
11,164,377
11,165,379
11,166,384
11,167,380
11,168,389
11,169,380
11,170,382
11,171,390
11,172,380
11,173,374
11,174,381
11,175,385
11,176,385
11,177,371
11,178,385
11,179,375
11,180,379
11,181,388
11,182,387
11,183,379
11,184,377
11,185,367
11,186,367
11,187,378
11,188,377
11,189,380
11,190,388
11,191,379
11,192,381
11,193,387
11,194,389
11,195,382
11,196,382
11,197,368
11,198,385
11,199,377
11,200,384
12,1,3
12,2,7
12,3,16
12,4,42
12,5,78
12,6,164
12,7,273
12,8,353
12,9,364
12,10,391
12,11,383
12,12,368
12,13,376
12,14,372
12,15,381
12,16,380
12,17,378
12,18,372
12,19,382
12,20,382
12,21,387
12,22,385
12,23,382
12,24,379
12,25,366
12,26,378
12,27,387
12,28,387
12,29,381
12,30,392
12,31,379
12,32,377
12,33,393
12,34,385
12,35,371
12,36,397
12,37,388
12,38,387
12,39,378
12,40,390
12,41,384
12,42,397
12,43,374
12,44,379
12,45,385
12,46,393
12,47,394
12,48,391
12,49,393
12,50,377
12,51,386
12,52,394
12,53,379
12,54,382
12,55,386
12,56,390
12,57,381
12,58,385
12,59,390
12,60,383
12,61,375
12,62,384
12,63,380
12,64,390
12,65,384
12,66,397
12,67,383
12,68,376
12,69,388
12,70,399
12,71,388
12,72,391
12,73,391
12,74,391
12,75,377
12,76,385
12,77,377
12,78,381
12,79,388
12,80,383
12,81,390
12,82,375
12,83,380
12,84,391
12,85,389
12,86,387
12,87,382
12,88,383
12,89,388
12,90,392
12,91,383
12,92,380
12,93,375
12,94,370
12,95,380
12,96,383
12,97,368
12,98,394
12,99,375
12,100,391
12,101,382
12,102,401
12,103,389
12,104,393
12,105,390
12,106,380
12,107,380
12,108,384
12,109,389
12,110,395
12,111,395
12,112,378
12,113,380
12,114,371
12,115,377
12,116,364
12,117,379
12,118,375
12,119,363
12,120,375
12,121,382
12,122,362
12,123,377
12,124,387
12,125,374
12,126,370
12,127,386
12,128,373
12,129,369
12,130,369
12,131,375
12,132,395
12,133,392
12,134,380
12,135,380
12,136,369
12,137,382
12,138,388
12,139,391
12,140,383
12,141,381
12,142,380
12,143,381
12,144,376
12,145,379
12,146,379
12,147,382
12,148,374
12,149,387
12,150,380
12,151,389
12,152,380
12,153,390
12,154,381
12,155,365
12,156,364
12,157,363
12,158,373
12,159,367
12,160,379
12,161,378
12,162,395
12,163,369
12,164,380
12,165,382
12,166,396
12,167,377
12,168,384
12,169,392
12,170,392
12,171,388
12,172,394
12,173,378
12,174,374
12,175,374
12,176,378
12,177,360
12,178,382
12,179,388
12,180,379
12,181,379
12,182,373
12,183,381
12,184,376
12,185,387
12,186,369
12,187,383
12,188,387
12,189,395
12,190,372
12,191,390
12,192,383
12,193,372
12,194,384
12,195,385
12,196,385
12,197,389
12,198,383
12,199,390
12,200,376
13,1,4
13,2,6
13,3,16
13,4,41
13,5,90
13,6,176
13,7,291
13,8,348
13,9,381
13,10,372
13,11,373
13,12,389
13,13,386
13,14,392
13,15,374
13,16,372
13,17,383
13,18,382
13,19,379
13,20,376
13,21,385
13,22,396
13,23,394
13,24,384
13,25,388
13,26,381
13,27,385
13,28,379
13,29,372
13,30,394
13,31,391
13,32,391
13,33,371
13,34,379
13,35,384
13,36,389
13,37,398
13,38,384
13,39,385
13,40,367
13,41,386
13,42,377
13,43,369
13,44,385
13,45,391
13,46,386
13,47,379
13,48,382
13,49,382
13,50,399
13,51,393
13,52,396
13,53,371
13,54,376
13,55,382
13,56,384
13,57,383
13,58,391
13,59,398
13,60,392
13,61,384
13,62,379
13,63,387
13,64,391
13,65,400
13,66,396
13,67,391
13,68,400
13,69,371
13,70,385
13,71,405
13,72,385
13,73,396
13,74,394
13,75,383
13,76,387
13,77,389
13,78,385
13,79,384
13,80,387
13,81,390
13,82,387
13,83,393
13,84,391
13,85,372
13,86,389
13,87,374
13,88,382
13,89,387
13,90,378
13,91,373
13,92,377
13,93,373
13,94,388
13,95,383
13,96,396
13,97,371
13,98,374
13,99,376
13,100,382
13,101,381
13,102,383
13,103,377
13,104,381
13,105,379
13,106,392
13,107,365
13,108,383
13,109,387
13,110,373
13,111,384
13,112,384
13,113,383
13,114,365
13,115,372
13,116,378
13,117,370
13,118,379
13,119,368
13,120,390
13,121,382
13,122,399
13,123,397
13,124,393
13,125,380
13,126,399
13,127,374
13,128,387
13,129,396
13,130,374
13,131,383
13,132,378
13,133,379
13,134,379
13,135,379
13,136,381
13,137,392
13,138,387
13,139,369
13,140,384
13,141,377
13,142,370
13,143,387
13,144,386
13,145,374
13,146,379
13,147,378
13,148,389
13,149,387
13,150,380
13,151,391
13,152,381
13,153,401
13,154,392
13,155,387
13,156,367
13,157,390
13,158,388
13,159,374
13,160,384
13,161,372
13,162,385
13,163,387
13,164,380
13,165,394
13,166,381
13,167,380
13,168,392
13,169,388
13,170,382
13,171,376
13,172,368
13,173,395
13,174,396
13,175,393
13,176,391
13,177,380
13,178,370
13,179,407
13,180,402
13,181,379
13,182,378
13,183,385
13,184,387
13,185,396
13,186,408
13,187,385
13,188,375
13,189,383
13,190,376
13,191,391
13,192,383
13,193,383
13,194,384
13,195,374
13,196,394
13,197,389
13,198,387
13,199,372
13,200,366
14,1,2
14,2,6
14,3,13
14,4,23
14,5,43
14,6,80
14,7,141
14,8,262
14,9,328
14,10,354
14,11,372
14,12,392
14,13,386
14,14,384
14,15,369
14,16,384
14,17,386
14,18,386
14,19,362
14,20,388
14,21,384
14,22,384
14,23,364
14,24,384
14,25,396
14,26,373
14,27,377
14,28,389
14,29,386
14,30,377
14,31,377
14,32,376
14,33,381
14,34,382
14,35,389
14,36,372
14,37,370
14,38,371
14,39,391
14,40,389
14,41,381
14,42,380
14,43,381
14,44,389
14,45,381
14,46,372
14,47,382
14,48,376
14,49,380
14,50,385
14,51,376
14,52,395
14,53,392
14,54,397
14,55,383
14,56,374
14,57,373
14,58,387
14,59,383
14,60,373
14,61,378
14,62,364
14,63,391
14,64,381
14,65,395
14,66,388
14,67,390
14,68,390
14,69,379
14,70,383
14,71,368
14,72,380
14,73,387
14,74,383
14,75,379
14,76,377
14,77,377
14,78,390
14,79,392
14,80,397
14,81,392
14,82,377
14,83,370
14,84,371
14,85,381
14,86,383
14,87,386
14,88,385
14,89,388
14,90,369
14,91,383
14,92,387
14,93,390
14,94,386
14,95,390
14,96,389
14,97,382
14,98,388
14,99,384
14,100,386
14,101,363
14,102,374
14,103,392
14,104,377
14,105,386
14,106,369
14,107,371
14,108,385
14,109,380
14,110,385
14,111,388
14,112,381
14,113,385
14,114,381
14,115,410
14,116,397
14,117,395
14,118,387
14,119,388
14,120,374
14,121,374
14,122,368
14,123,378
14,124,376
14,125,381
14,126,377
14,127,384
14,128,378
14,129,388
14,130,372
14,131,382
14,132,385
14,133,383
14,134,374
14,135,379
14,136,371
14,137,371
14,138,389
14,139,396
14,140,399
14,141,392
14,142,376
14,143,376
14,144,380
14,145,378
14,146,370
14,147,386
14,148,385
14,149,385
14,150,393
14,151,379
14,152,375
14,153,383
14,154,362
14,155,380
14,156,374
14,157,383
14,158,388
14,159,385
14,160,387
14,161,383
14,162,381
14,163,379
14,164,379
14,165,385
14,166,387
14,167,382
14,168,371
14,169,385
14,170,378
14,171,378
14,172,382
14,173,387
14,174,397
14,175,381
14,176,374
14,177,382
14,178,367
14,179,380
14,180,393
14,181,371
14,182,364
14,183,367
14,184,368
14,185,376
14,186,379
14,187,379
14,188,386
14,189,392
14,190,393
14,191,381
14,192,370
14,193,377
14,194,372
14,195,379
14,196,394
14,197,379
14,198,371
14,199,388
14,200,382
15,1,1
15,2,2
15,3,7
15,4,14
15,5,44
15,6,98
15,7,183
15,8,278
15,9,353
15,10,372
15,11,382
15,12,392
15,13,374
15,14,374
15,15,381
15,16,379
15,17,383
15,18,369
15,19,362
15,20,382
15,21,369
15,22,390
15,23,382
15,24,386
15,25,389
15,26,382
15,27,365
15,28,392
15,29,390
15,30,387
15,31,388
15,32,387
15,33,391
15,34,370
15,35,382
15,36,374
15,37,389
15,38,383
15,39,378
15,40,379
15,41,377
15,42,383
15,43,380
15,44,392
15,45,375
15,46,373
15,47,381
15,48,382
15,49,375
15,50,380
15,51,387
15,52,386
15,53,375
15,54,380
15,55,380
15,56,392
15,57,383
15,58,381
15,59,370
15,60,366
15,61,388
15,62,363
15,63,365
15,64,379
15,65,374
15,66,379
15,67,383
15,68,371
15,69,385
15,70,376
15,71,388
15,72,377
15,73,383
15,74,387
15,75,394
15,76,397
15,77,379
15,78,390
15,79,389
15,80,396
15,81,395
15,82,375
15,83,389
15,84,390
15,85,382
15,86,375
15,87,394
15,88,372
15,89,380
15,90,369
15,91,377
15,92,379
15,93,381
15,94,382
15,95,370
15,96,377
15,97,383
15,98,389
15,99,377
15,100,380
15,101,375
15,102,373
15,103,377
15,104,367
15,105,374
15,106,396
15,107,390
15,108,373
15,109,374
15,110,368
15,111,381
15,112,384
15,113,388
15,114,394
15,115,374
15,116,377
15,117,383
15,118,393
15,119,402
15,120,396
15,121,376
15,122,388
15,123,376
15,124,376
15,125,376
15,126,376
15,127,388
15,128,374
15,129,389
15,130,376
15,131,391
15,132,387
15,133,366
15,134,375
15,135,390
15,136,371
15,137,370
15,138,382
15,139,377
15,140,378
15,141,384
15,142,379
15,143,382
15,144,390
15,145,381
15,146,376
15,147,374
15,148,386
15,149,386
15,150,379
15,151,394
15,152,372
15,153,372
15,154,373
15,155,390
15,156,390
15,157,375
15,158,364
15,159,381
15,160,376
15,161,388
15,162,396
15,163,385
15,164,394
15,165,377
15,166,375
15,167,392
15,168,390
15,169,387
15,170,377
15,171,387
15,172,381
15,173,382
15,174,381
15,175,389
15,176,379
15,177,373
15,178,375
15,179,375
15,180,383
15,181,372
15,182,372
15,183,363
15,184,366
15,185,391
15,186,377
15,187,376
15,188,373
15,189,385
15,190,372
15,191,387
15,192,386
15,193,385
15,194,388
15,195,393
15,196,389
15,197,388
15,198,368
15,199,369
15,200,370
16,1,3
16,2,6
16,3,13
16,4,27
16,5,64
16,6,133
16,7,229
16,8,304
16,9,352
16,10,365
16,11,372
16,12,405
16,13,389
16,14,388
16,15,396
16,16,389
16,17,387
16,18,383
16,19,385
16,20,380
16,21,372
16,22,371
16,23,378
16,24,384
16,25,395
16,26,393
16,27,379
16,28,380
16,29,394
16,30,395
16,31,390
16,32,405
16,33,385
16,34,378
16,35,384
16,36,388
16,37,382
16,38,386
16,39,379
16,40,374
16,41,383
16,42,385
16,43,384
16,44,378
16,45,391
16,46,374
16,47,382
16,48,385
16,49,397
16,50,392
16,51,389
16,52,400
16,53,387
16,54,385
16,55,378
16,56,382
16,57,402
16,58,395
16,59,384
16,60,387
16,61,371
16,62,383
16,63,375
16,64,371
16,65,378
16,66,372
16,67,386
16,68,377
16,69,375
16,70,379
16,71,375
16,72,391
16,73,367
16,74,368
16,75,380
16,76,381
16,77,373
16,78,385
16,79,372
16,80,378
16,81,389
16,82,384
16,83,384
16,84,386
16,85,387
16,86,379
16,87,377
16,88,372
16,89,381
16,90,389
16,91,379
16,92,379
16,93,393
16,94,377
16,95,370
16,96,375
16,97,372
16,98,366
16,99,373
16,100,391
16,101,389
16,102,375
16,103,382
16,104,369
16,105,388
16,106,370
16,107,381
16,108,388
16,109,393
16,110,372
16,111,375
16,112,398
16,113,397
16,114,380
16,115,392
16,116,384
16,117,376
16,118,376
16,119,375
16,120,371
16,121,387
16,122,376
16,123,387
16,124,387
16,125,395
16,126,375
16,127,369
16,128,378
16,129,384
16,130,388
16,131,388
16,132,385
16,133,373
16,134,379
16,135,382
16,136,371
16,137,386
16,138,382
16,139,388
16,140,382
16,141,371
16,142,396
16,143,397
16,144,395
16,145,370
16,146,381
16,147,383
16,148,379
16,149,374
16,150,380
16,151,386
16,152,371
16,153,378
16,154,370
16,155,371
16,156,362
16,157,385
16,158,382
16,159,374
16,160,378
16,161,381
16,162,388
16,163,391
16,164,386
16,165,388
16,166,375
16,167,390
16,168,372
16,169,384
16,170,376
16,171,372
16,172,379
16,173,375
16,174,387
16,175,394
16,176,379
16,177,361
16,178,383
16,179,370
16,180,378
16,181,384
16,182,381
16,183,384
16,184,379
16,185,372
16,186,386
16,187,389
16,188,374
16,189,383
16,190,383
16,191,377
16,192,382
16,193,368
16,194,376
16,195,387
16,196,384
16,197,392
16,198,384
16,199,374
16,200,380
17,1,3
17,2,6
17,3,17
17,4,38
17,5,78
17,6,155
17,7,250
17,8,317
17,9,346
17,10,348
17,11,379
17,12,386
17,13,373
17,14,388
17,15,382
17,16,362
17,17,372
17,18,380
17,19,385
17,20,388
17,21,372
17,22,390
17,23,375
17,24,377
17,25,374
17,26,371
17,27,385
17,28,379
17,29,364
17,30,377
17,31,389
17,32,385
17,33,388
17,34,382
17,35,400
17,36,383
17,37,390
17,38,394
17,39,377
17,40,371
17,41,382
17,42,385
17,43,385
17,44,364
17,45,381
17,46,378
17,47,375
17,48,371
17,49,370
17,50,391
17,51,379
17,52,386
17,53,381
17,54,380
17,55,372
17,56,379
17,57,392
17,58,386
17,59,369
17,60,377
17,61,368
17,62,385
17,63,390
17,64,398
17,65,387
17,66,376
17,67,363
17,68,365
17,69,374
17,70,376
17,71,380
17,72,388
17,73,392
17,74,365
17,75,369
17,76,386
17,77,387
17,78,381
17,79,390
17,80,377
17,81,371
17,82,389
17,83,386
17,84,381
17,85,380
17,86,378
17,87,371
17,88,383
17,89,376
17,90,371
17,91,376
17,92,370
17,93,377
17,94,374
17,95,386
17,96,378
17,97,381
17,98,381
17,99,384
17,100,380
17,101,394
17,102,399
17,103,398
17,104,388
17,105,373
17,106,372
17,107,380
17,108,378
17,109,383
17,110,369
17,111,381
17,112,386
17,113,394
17,114,380
17,115,401
17,116,377
17,117,365
17,118,390
17,119,398
17,120,383
17,121,388
17,122,374
17,123,374
17,124,385
17,125,376
17,126,383
17,127,376
17,128,389
17,129,390
17,130,389
17,131,390
17,132,385
17,133,381
17,134,396
17,135,396
17,136,381
17,137,376
17,138,379
17,139,368
17,140,388
17,141,393
17,142,393
17,143,392
17,144,379
17,145,386
17,146,380
17,147,383
17,148,399
17,149,397
17,150,383
17,151,389
17,152,376
17,153,383
17,154,388
17,155,393
17,156,396
17,157,390
17,158,380
17,159,379
17,160,380
17,161,370
17,162,384
17,163,371
17,164,388
17,165,396
17,166,395
17,167,379
17,168,374
17,169,375
17,170,399
17,171,366
17,172,375
17,173,380
17,174,389
17,175,377
17,176,377
17,177,375
17,178,392
17,179,392
17,180,389
17,181,375
17,182,386
17,183,383
17,184,370
17,185,377
17,186,382
17,187,385
17,188,377
17,189,374
17,190,394
17,191,390
17,192,369
17,193,382
17,194,386
17,195,381
17,196,385
17,197,385
17,198,391
17,199,389
17,200,393
18,1,5
18,2,15
18,3,31
18,4,75
18,5,160
18,6,263
18,7,332
18,8,370
18,9,392
18,10,387
18,11,390
18,12,392
18,13,385
18,14,379
18,15,379
18,16,380
18,17,372
18,18,371
18,19,386
18,20,379
18,21,372
18,22,385
18,23,381
18,24,382
18,25,380
18,26,380
18,27,381
18,28,383
18,29,384
18,30,379
18,31,388
18,32,382
18,33,392
18,34,386
18,35,376
18,36,384
18,37,381
18,38,396
18,39,403
18,40,380
18,41,373
18,42,383
18,43,380
18,44,386
18,45,380
18,46,376
18,47,385
18,48,369
18,49,387
18,50,384
18,51,379
18,52,375
18,53,382
18,54,389
18,55,389
18,56,378
18,57,379
18,58,389
18,59,396
18,60,395
18,61,390
18,62,397
18,63,376
18,64,388
18,65,380
18,66,383
18,67,376
18,68,378
18,69,385
18,70,370
18,71,393
18,72,394
18,73,387
18,74,386
18,75,390
18,76,380
18,77,383
18,78,386
18,79,406
18,80,376
18,81,367
18,82,384
18,83,394
18,84,379
18,85,364
18,86,355
18,87,377
18,88,380
18,89,387
18,90,381
18,91,374
18,92,375
18,93,373
18,94,388
18,95,385
18,96,374
18,97,386
18,98,387
18,99,388
18,100,379
18,101,378
18,102,364
18,103,385
18,104,374
18,105,387
18,106,402
18,107,386
18,108,376
18,109,376
18,110,376
18,111,387
18,112,381
18,113,380
18,114,383
18,115,382
18,116,396
18,117,380
18,118,379
18,119,387
18,120,383
18,121,372
18,122,371
18,123,380
18,124,381
18,125,386
18,126,384
18,127,395
18,128,383
18,129,381
18,130,386
18,131,382
18,132,383
18,133,380
18,134,386
18,135,372
18,136,374
18,137,378
18,138,385
18,139,370
18,140,392
18,141,378
18,142,367
18,143,375
18,144,384
18,145,384
18,146,387
18,147,390
18,148,384
18,149,382
18,150,385
18,151,371
18,152,371
18,153,366
18,154,374
18,155,378
18,156,374
18,157,377
18,158,386
18,159,383
18,160,378
18,161,371
18,162,378
18,163,376
18,164,373
18,165,377
18,166,400
18,167,392
18,168,376
18,169,373
18,170,376
18,171,376
18,172,392
18,173,388
18,174,396
18,175,395
18,176,388
18,177,369
18,178,372
18,179,374
18,180,381
18,181,381
18,182,393
18,183,380
18,184,400
18,185,382
18,186,392
18,187,392
18,188,391
18,189,381
18,190,369
18,191,362
18,192,375
18,193,374
18,194,393
18,195,374
18,196,376
18,197,381
18,198,380
18,199,372
18,200,380
19,1,0
19,2,0
19,3,0
19,4,0
19,5,0
19,6,0
19,7,0
19,8,0
19,9,0
19,10,0
19,11,0
19,12,0
19,13,0
19,14,0
19,15,0
19,16,0
19,17,0
19,18,0
19,19,0
19,20,0
19,21,0
19,22,0
19,23,0
19,24,0
19,25,0
19,26,0
19,27,0
19,28,0
19,29,0
19,30,0
19,31,0
19,32,0
19,33,0
19,34,0
19,35,0
19,36,0
19,37,0
19,38,0
19,39,0
19,40,0
19,41,0
19,42,0
19,43,0
19,44,0
19,45,0
19,46,0
19,47,0
19,48,0
19,49,0
19,50,0
19,51,0
19,52,0
19,53,0
19,54,0
19,55,0
19,56,0
19,57,0
19,58,0
19,59,0
19,60,0
19,61,0
19,62,0
19,63,0
19,64,0
19,65,0
19,66,0
19,67,0
19,68,0
19,69,0
19,70,0
19,71,0
19,72,0
19,73,0
19,74,0
19,75,0
19,76,0
19,77,0
19,78,0
19,79,0
19,80,0
19,81,0
19,82,0
19,83,0
19,84,0
19,85,0
19,86,0
19,87,0
19,88,0
19,89,0
19,90,0
19,91,0
19,92,0
19,93,0
19,94,0
19,95,0
19,96,0
19,97,0
19,98,0
19,99,0
19,100,0
19,101,0
19,102,0
19,103,0
19,104,0
19,105,0
19,106,0
19,107,0
19,108,0
19,109,0
19,110,0
19,111,0
19,112,0
19,113,0
19,114,0
19,115,0
19,116,0
19,117,0
19,118,0
19,119,0
19,120,0
19,121,0
19,122,0
19,123,0
19,124,0
19,125,0
19,126,0
19,127,0
19,128,0
19,129,0
19,130,0
19,131,0
19,132,0
19,133,0
19,134,0
19,135,0
19,136,0
19,137,0
19,138,0
19,139,0
19,140,0
19,141,0
19,142,0
19,143,0
19,144,0
19,145,0
19,146,0
19,147,0
19,148,0
19,149,0
19,150,0
19,151,0
19,152,0
19,153,0
19,154,0
19,155,0
19,156,0
19,157,0
19,158,0
19,159,0
19,160,0
19,161,0
19,162,0
19,163,0
19,164,0
19,165,0
19,166,0
19,167,0
19,168,0
19,169,0
19,170,0
19,171,0
19,172,0
19,173,0
19,174,0
19,175,0
19,176,0
19,177,0
19,178,0
19,179,0
19,180,0
19,181,0
19,182,0
19,183,0
19,184,0
19,185,0
19,186,0
19,187,0
19,188,0
19,189,0
19,190,0
19,191,0
19,192,0
19,193,0
19,194,0
19,195,0
19,196,0
19,197,0
19,198,0
19,199,0
19,200,0
20,1,2
20,2,5
20,3,11
20,4,25
20,5,66
20,6,134
20,7,232
20,8,314
20,9,366
20,10,371
20,11,377
20,12,372
20,13,392
20,14,384
20,15,396
20,16,374
20,17,367
20,18,382
20,19,367
20,20,380
20,21,376
20,22,384
20,23,390
20,24,382
20,25,378
20,26,378
20,27,384
20,28,374
20,29,367
20,30,370
20,31,376
20,32,374
20,33,371
20,34,374
20,35,380
20,36,375
20,37,387
20,38,379
20,39,392
20,40,390
20,41,378
20,42,386
20,43,382
20,44,375
20,45,380
20,46,374
20,47,375
20,48,363
20,49,384
20,50,381
20,51,387
20,52,404
20,53,387
20,54,374
20,55,389
20,56,377
20,57,380
20,58,376
20,59,387
20,60,394
20,61,388
20,62,397
20,63,385
20,64,389
20,65,386
20,66,380
20,67,384
20,68,376
20,69,367
20,70,365
20,71,358
20,72,361
20,73,369
20,74,379
20,75,384
20,76,390
20,77,394
20,78,384
20,79,380
20,80,378
20,81,376
20,82,389
20,83,398
20,84,399
20,85,382
20,86,382
20,87,386
20,88,388
20,89,378
20,90,384
20,91,383
20,92,376
20,93,382
20,94,369
20,95,381
20,96,398
20,97,370
20,98,373
20,99,386
20,100,385
20,101,366
20,102,372
20,103,380
20,104,378
20,105,371
20,106,364
20,107,374
20,108,381
20,109,375
20,110,384
20,111,394
20,112,384
20,113,384
20,114,377
20,115,385
20,116,371
20,117,384
20,118,390
20,119,379
20,120,384
20,121,376
20,122,372
20,123,377
20,124,386
20,125,385
20,126,386
20,127,380
20,128,379
20,129,374
20,130,379
20,131,395
20,132,379
20,133,376
20,134,382
20,135,373
20,136,373
20,137,376
20,138,385
20,139,394
20,140,393
20,141,380
20,142,364
20,143,393
20,144,378
20,145,381
20,146,394
20,147,378
20,148,381
20,149,388
20,150,391
20,151,375
20,152,374
20,153,370
20,154,379
20,155,393
20,156,386
20,157,391
20,158,383
20,159,383
20,160,383
20,161,387
20,162,382
20,163,399
20,164,385
20,165,408
20,166,388
20,167,380
20,168,385
20,169,378
20,170,382
20,171,375
20,172,381
20,173,393
20,174,369
20,175,373
20,176,391
20,177,378
20,178,384
20,179,388
20,180,380
20,181,375
20,182,380
20,183,372
20,184,377
20,185,362
20,186,375
20,187,386
20,188,382
20,189,389
20,190,397
20,191,383
20,192,382
20,193,404
20,194,386
20,195,390
20,196,390
20,197,388
20,198,377
20,199,371
20,200,363
21,1,2
21,2,2
21,3,7
21,4,12
21,5,20
21,6,39
21,7,81
21,8,157
21,9,265
21,10,325
21,11,374
21,12,388
21,13,380
21,14,374
21,15,375
21,16,377
21,17,365
21,18,363
21,19,364
21,20,375
21,21,370
21,22,388
21,23,377
21,24,367
21,25,381
21,26,369
21,27,377
21,28,378
21,29,370
21,30,395
21,31,369
21,32,366
21,33,371
21,34,380
21,35,385
21,36,382
21,37,389
21,38,389
21,39,388
21,40,395
21,41,382
21,42,367
21,43,374
21,44,371
21,45,388
21,46,384
21,47,381
21,48,372
21,49,374
21,50,383
21,51,366
21,52,374
21,53,391
21,54,381
21,55,362
21,56,374
21,57,376
21,58,382
21,59,373
21,60,372
21,61,377
21,62,379
21,63,375
21,64,386
21,65,378
21,66,381
21,67,395
21,68,377
21,69,381
21,70,386
21,71,380
21,72,371
21,73,374
21,74,385
21,75,382
21,76,382
21,77,371
21,78,385
21,79,378
21,80,392
21,81,373
21,82,382
21,83,376
21,84,383
21,85,380
21,86,396
21,87,387
21,88,393
21,89,384
21,90,383
21,91,395
21,92,386
21,93,393
21,94,395
21,95,389
21,96,382
21,97,380
21,98,383
21,99,369
21,100,372
21,101,380
21,102,371
21,103,379
21,104,377
21,105,384
21,106,380
21,107,384
21,108,371
21,109,393
21,110,389
21,111,385
21,112,390
21,113,398
21,114,391
21,115,389
21,116,383
21,117,383
21,118,386
21,119,376
21,120,386
21,121,386
21,122,365
21,123,381
21,124,380
21,125,385
21,126,396
21,127,381
21,128,395
21,129,390
21,130,395
21,131,371
21,132,375
21,133,398
21,134,393
21,135,386
21,136,385
21,137,376
21,138,364
21,139,375
21,140,385
21,141,387
21,142,387
21,143,378
21,144,377
21,145,376
21,146,387
21,147,380
21,148,392
21,149,391
21,150,397
21,151,378
21,152,375
21,153,381
21,154,371
21,155,375
21,156,367
21,157,385
21,158,395
21,159,391
21,160,376
21,161,384
21,162,373
21,163,394
21,164,386
21,165,397
21,166,384
21,167,383
21,168,383
21,169,369
21,170,377
21,171,387
21,172,386
21,173,379
21,174,387
21,175,388
21,176,383
21,177,365
21,178,379
21,179,384
21,180,390
21,181,383
21,182,391
21,183,383
21,184,382
21,185,374
21,186,378
21,187,384
21,188,392
21,189,383
21,190,379
21,191,387
21,192,369
21,193,379
21,194,381
21,195,377
21,196,380
21,197,381
21,198,388
21,199,391
21,200,388
22,1,1
22,2,2
22,3,4
22,4,12
22,5,26
22,6,68
22,7,126
22,8,205
22,9,304
22,10,372
22,11,387
22,12,371
22,13,384
22,14,363
22,15,378
22,16,369
22,17,385
22,18,388
22,19,378
22,20,395
22,21,391
22,22,376
22,23,382
22,24,373
22,25,371
22,26,377
22,27,380
22,28,369
22,29,400
22,30,389
22,31,387
22,32,391
22,33,380
22,34,379
22,35,377
22,36,380
22,37,376
22,38,394
22,39,378
22,40,372
22,41,382
22,42,380
22,43,372
22,44,378
22,45,387
22,46,385
22,47,377
22,48,387
22,49,379
22,50,381
22,51,374
22,52,384
22,53,378
22,54,379
22,55,383
22,56,381
22,57,380
22,58,381
22,59,387
22,60,388
22,61,387
22,62,379
22,63,385
22,64,385
22,65,389
22,66,393
22,67,386
22,68,371
22,69,383
22,70,384
22,71,380
22,72,382
22,73,379
22,74,380
22,75,395
22,76,381
22,77,373
22,78,381
22,79,385
22,80,381
22,81,378
22,82,386
22,83,376
22,84,384
22,85,377
22,86,356
22,87,377
22,88,381
22,89,382
22,90,369
22,91,393
22,92,380
22,93,386
22,94,379
22,95,388
22,96,370
22,97,387
22,98,384
22,99,397
22,100,387
22,101,369
22,102,388
22,103,391
22,104,377
22,105,383
22,106,388
22,107,385
22,108,401
22,109,374
22,110,386
22,111,397
22,112,395
22,113,385
22,114,388
22,115,384
22,116,371
22,117,399
22,118,376
22,119,379
22,120,400
22,121,379
22,122,377
22,123,376
22,124,382
22,125,391
22,126,399
22,127,379
22,128,380
22,129,392
22,130,398
22,131,379
22,132,397
22,133,379
22,134,387
22,135,376
22,136,371
22,137,365
22,138,386
22,139,383
22,140,374
22,141,379
22,142,375
22,143,373
22,144,388
22,145,388
22,146,374
22,147,368
22,148,379
22,149,389
22,150,378
22,151,392
22,152,392
22,153,399
22,154,392
22,155,372
22,156,396
22,157,387
22,158,376
22,159,385
22,160,389
22,161,368
22,162,375
22,163,368
22,164,375
22,165,382
22,166,391
22,167,403
22,168,390
22,169,375
22,170,373
22,171,370
22,172,384
22,173,377
22,174,388
22,175,379
22,176,386
22,177,385
22,178,374
22,179,372
22,180,391
22,181,384
22,182,381
22,183,387
22,184,387
22,185,385
22,186,403
22,187,393
22,188,391
22,189,379
22,190,373
22,191,380
22,192,382
22,193,393
22,194,370
22,195,384
22,196,369
22,197,379
22,198,383
22,199,380
22,200,382
23,1,2
23,2,2
23,3,5
23,4,13
23,5,32
23,6,66
23,7,137
23,8,234
23,9,319
23,10,359
23,11,379
23,12,392
23,13,382
23,14,372
23,15,383
23,16,381
23,17,380
23,18,372
23,19,399
23,20,387
23,21,371
23,22,376
23,23,387
23,24,387
23,25,382
23,26,369
23,27,387
23,28,380
23,29,372
23,30,381
23,31,379
23,32,390
23,33,381
23,34,401
23,35,373
23,36,380
23,37,389
23,38,383
23,39,378
23,40,373
23,41,364
23,42,376
23,43,367
23,44,381
23,45,381
23,46,379
23,47,389
23,48,388
23,49,382
23,50,382
23,51,385
23,52,386
23,53,383
23,54,397
23,55,389
23,56,397
23,57,406
23,58,392
23,59,370
23,60,358
23,61,386
23,62,383
23,63,392
23,64,379
23,65,385
23,66,392
23,67,392
23,68,383
23,69,379
23,70,376
23,71,371
23,72,391
23,73,388
23,74,386
23,75,387
23,76,399
23,77,390
23,78,385
23,79,383
23,80,380
23,81,381
23,82,371
23,83,380
23,84,388
23,85,381
23,86,382
23,87,393
23,88,386
23,89,392
23,90,391
23,91,376
23,92,397
23,93,405
23,94,392
23,95,374
23,96,384
23,97,379
23,98,391
23,99,365
23,100,390
23,101,378
23,102,385
23,103,377
23,104,375
23,105,389
23,106,392
23,107,394
23,108,400
23,109,383
23,110,379
23,111,386
23,112,385
23,113,388
23,114,391
23,115,389
23,116,383
23,117,390
23,118,386
23,119,381
23,120,392
23,121,378
23,122,375
23,123,369
23,124,392
23,125,399
23,126,384
23,127,398
23,128,376
23,129,371
23,130,368
23,131,384
23,132,390
23,133,391
23,134,386
23,135,394
23,136,387
23,137,390
23,138,395
23,139,393
23,140,377
23,141,379
23,142,381
23,143,376
23,144,383
23,145,386
23,146,378
23,147,375
23,148,369
23,149,368
23,150,380
23,151,383
23,152,390
23,153,385
23,154,387
23,155,389
23,156,385
23,157,384
23,158,390
23,159,390
23,160,383
23,161,374
23,162,381
23,163,374
23,164,376
23,165,399
23,166,375
23,167,375
23,168,374
23,169,384
23,170,373
23,171,372
23,172,371
23,173,376
23,174,380
23,175,384
23,176,390
23,177,379
23,178,389
23,179,391
23,180,371
23,181,388
23,182,374
23,183,385
23,184,374
23,185,363
23,186,384
23,187,388
23,188,391
23,189,386
23,190,379
23,191,380
23,192,385
23,193,387
23,194,359
23,195,377
23,196,378
23,197,373
23,198,374
23,199,387
23,200,392
24,1,1
24,2,3
24,3,10
24,4,21
24,5,35
24,6,72
24,7,150
24,8,259
24,9,327
24,10,370
24,11,368
24,12,388
24,13,373
24,14,382
24,15,381
24,16,374
24,17,384
24,18,385
24,19,381
24,20,382
24,21,388
24,22,372
24,23,377
24,24,367
24,25,383
24,26,398
24,27,384
24,28,375
24,29,379
24,30,373
24,31,370
24,32,385
24,33,382
24,34,386
24,35,365
24,36,380
24,37,387
24,38,370
24,39,386
24,40,386
24,41,373
24,42,381
24,43,389
24,44,375
24,45,389
24,46,374
24,47,385
24,48,381
24,49,390
24,50,388
24,51,387
24,52,382
24,53,359
24,54,389
24,55,383
24,56,378
24,57,376
24,58,388
24,59,373
24,60,382
24,61,384
24,62,379
24,63,382
24,64,373
24,65,377
24,66,384
24,67,381
24,68,387
24,69,400
24,70,383
24,71,378
24,72,378
24,73,382
24,74,394
24,75,387
24,76,376
24,77,371
24,78,382
24,79,384
24,80,372
24,81,388
24,82,401
24,83,379
24,84,382
24,85,379
24,86,371
24,87,379
24,88,384
24,89,388
24,90,373
24,91,382
24,92,381
24,93,362
24,94,380
24,95,378
24,96,381
24,97,380
24,98,381
24,99,377
24,100,377
24,101,381
24,102,383
24,103,377
24,104,372
24,105,381
24,106,387
24,107,375
24,108,368
24,109,388
24,110,382
24,111,388
24,112,374
24,113,369
24,114,374
24,115,383
24,116,390
24,117,393
24,118,373
24,119,366
24,120,374
24,121,397
24,122,383
24,123,374
24,124,382
24,125,385
24,126,383
24,127,380
24,128,382
24,129,383
24,130,388
24,131,385
24,132,378
24,133,389
24,134,386
24,135,385
24,136,375
24,137,379
24,138,371
24,139,376
24,140,385
24,141,385
24,142,364
24,143,373
24,144,388
24,145,382
24,146,381
24,147,378
24,148,376
24,149,380
24,150,387
24,151,381
24,152,379
24,153,389
24,154,365
24,155,381
24,156,376
24,157,379
24,158,373
24,159,386
24,160,387
24,161,376
24,162,375
24,163,376
24,164,363
24,165,366
24,166,368
24,167,380
24,168,389
24,169,392
24,170,392
24,171,387
24,172,365
24,173,376
24,174,371
24,175,369
24,176,383
24,177,360
24,178,364
24,179,379
24,180,372
24,181,384
24,182,379
24,183,390
24,184,372
24,185,381
24,186,369
24,187,380
24,188,388
24,189,367
24,190,385
24,191,375
24,192,388
24,193,371
24,194,396
24,195,383
24,196,378
24,197,383
24,198,391
24,199,370
24,200,377
25,1,1
25,2,4
25,3,13
25,4,39
25,5,87
25,6,172
25,7,265
25,8,342
25,9,376
25,10,372
25,11,374
25,12,387
25,13,386
25,14,373
25,15,372
25,16,377
25,17,385
25,18,363
25,19,368
25,20,384
25,21,389
25,22,382
25,23,380
25,24,371
25,25,387
25,26,372
25,27,365
25,28,378
25,29,400
25,30,376
25,31,383
25,32,388
25,33,379
25,34,378
25,35,389
25,36,387
25,37,371
25,38,388
25,39,376
25,40,385
25,41,363
25,42,385
25,43,388
25,44,384
25,45,371
25,46,378
25,47,376
25,48,363
25,49,379
25,50,368
25,51,378
25,52,367
25,53,373
25,54,364
25,55,372
25,56,361
25,57,388
25,58,370
25,59,383
25,60,370
25,61,374
25,62,376
25,63,377
25,64,378
25,65,379
25,66,385
25,67,370
25,68,357
25,69,371
25,70,375
25,71,380
25,72,376
25,73,394
25,74,369
25,75,387
25,76,376
25,77,378
25,78,380
25,79,380
25,80,379
25,81,377
25,82,378
25,83,375
25,84,381
25,85,390
25,86,406
25,87,394
25,88,389
25,89,389
25,90,375
25,91,394
25,92,391
25,93,375
25,94,374
25,95,385
25,96,380
25,97,388
25,98,379
25,99,389
25,100,392
25,101,383
25,102,374
25,103,386
25,104,389
25,105,388
25,106,395
25,107,374
25,108,383
25,109,386
25,110,387
25,111,393
25,112,395
25,113,387
25,114,388
25,115,391
25,116,380
25,117,378
25,118,376
25,119,392
25,120,378
25,121,358
25,122,376
25,123,377
25,124,385
25,125,380
25,126,379
25,127,376
25,128,377
25,129,392
25,130,393
25,131,395
25,132,386
25,133,379
25,134,393
25,135,393
25,136,386
25,137,391
25,138,381
25,139,375
25,140,373
25,141,376
25,142,378
25,143,378
25,144,388
25,145,363
25,146,376
25,147,383
25,148,367
25,149,367
25,150,374
25,151,375
25,152,367
25,153,366
25,154,379
25,155,400
25,156,378
25,157,385
25,158,382
25,159,387
25,160,381
25,161,379
25,162,386
25,163,397
25,164,385
25,165,376
25,166,375
25,167,388
25,168,381
25,169,375
25,170,386
25,171,391
25,172,382
25,173,382
25,174,388
25,175,381
25,176,377
25,177,379
25,178,385
25,179,381
25,180,375
25,181,370
25,182,371
25,183,382
25,184,377
25,185,395
25,186,392
25,187,379
25,188,386
25,189,376
25,190,391
25,191,373
25,192,379
25,193,381
25,194,381
25,195,380
25,196,385
25,197,389
25,198,393
25,199,382
25,200,396
26,1,2
26,2,5
26,3,14
26,4,28
26,5,66
26,6,129
26,7,223
26,8,292
26,9,355
26,10,369
26,11,384
26,12,389
26,13,386
26,14,387
26,15,387
26,16,380
26,17,375
26,18,393
26,19,378
26,20,360
26,21,359
26,22,376
26,23,375
26,24,366
26,25,383
26,26,379
26,27,390
26,28,377
26,29,382
26,30,378
26,31,390
26,32,365
26,33,386
26,34,399
26,35,387
26,36,381
26,37,384
26,38,387
26,39,381
26,40,372
26,41,373
26,42,382
26,43,377
26,44,367
26,45,377
26,46,362
26,47,380
26,48,375
26,49,378
26,50,392
26,51,395
26,52,397
26,53,396
26,54,387
26,55,383
26,56,374
26,57,378
26,58,375
26,59,378
26,60,379
26,61,389
26,62,383
26,63,387
26,64,378
26,65,382
26,66,389
26,67,403
26,68,376
26,69,391
26,70,384
26,71,393
26,72,394
26,73,377
26,74,388
26,75,378
26,76,377
26,77,380
26,78,388
26,79,388
26,80,385
26,81,392
26,82,380
26,83,384
26,84,365
26,85,376
26,86,372
26,87,390
26,88,390
26,89,375
26,90,391
26,91,397
26,92,379
26,93,384
26,94,374
26,95,392
26,96,399
26,97,372
26,98,378
26,99,375
26,100,387
26,101,387
26,102,384
26,103,370
26,104,373
26,105,392
26,106,385
26,107,384
26,108,386
26,109,393
26,110,370
26,111,369
26,112,382
26,113,375
26,114,373
26,115,377
26,116,374
26,117,384
26,118,387
26,119,377
26,120,383
26,121,393
26,122,373
26,123,390
26,124,380
26,125,379
26,126,383
26,127,379
26,128,384
26,129,367
26,130,390
26,131,382
26,132,392
26,133,383
26,134,383
26,135,387
26,136,382
26,137,366
26,138,373
26,139,388
26,140,392
26,141,387
26,142,373
26,143,388
26,144,373
26,145,388
26,146,382
26,147,385
26,148,381
26,149,386
26,150,377
26,151,381
26,152,369
26,153,368
26,154,383
26,155,381
26,156,388
26,157,389
26,158,385
26,159,382
26,160,375
26,161,387
26,162,382
26,163,395
26,164,398
26,165,388
26,166,369
26,167,390
26,168,394
26,169,376
26,170,395
26,171,388
26,172,367
26,173,377
26,174,380
26,175,386
26,176,387
26,177,384
26,178,392
26,179,379
26,180,393
26,181,375
26,182,366
26,183,380
26,184,374
26,185,372
26,186,366
26,187,391
26,188,378
26,189,381
26,190,378
26,191,362
26,192,372
26,193,385
26,194,393
26,195,382
26,196,368
26,197,382
26,198,383
26,199,395
26,200,384
27,1,3
27,2,9
27,3,23
27,4,59
27,5,135
27,6,229
27,7,311
27,8,349
27,9,370
27,10,387
27,11,385
27,12,384
27,13,381
27,14,387
27,15,394
27,16,386
27,17,388
27,18,380
27,19,372
27,20,374
27,21,381
27,22,389
27,23,381
27,24,380
27,25,377
27,26,375
27,27,378
27,28,383
27,29,384
27,30,384
27,31,374
27,32,394
27,33,379
27,34,363
27,35,374
27,36,385
27,37,394
27,38,399
27,39,366
27,40,384
27,41,373
27,42,376
27,43,361
27,44,356
27,45,375
27,46,363
27,47,376
27,48,394
27,49,398
27,50,376
27,51,379
27,52,374
27,53,374
27,54,377
27,55,386
27,56,378
27,57,377
27,58,390
27,59,370
27,60,386
27,61,386
27,62,380
27,63,368
27,64,386
27,65,396
27,66,398
27,67,385
27,68,385
27,69,376
27,70,369
27,71,374
27,72,375
27,73,381
27,74,376
27,75,376
27,76,387
27,77,400
27,78,386
27,79,378
27,80,376
27,81,373
27,82,384
27,83,384
27,84,378
27,85,373
27,86,366
27,87,368
27,88,392
27,89,382
27,90,395
27,91,380
27,92,379
27,93,368
27,94,379
27,95,388
27,96,381
27,97,376
27,98,383
27,99,377
27,100,388
27,101,373
27,102,383
27,103,389
27,104,379
27,105,388
27,106,388
27,107,373
27,108,371
27,109,378
27,110,378
27,111,382
27,112,375
27,113,385
27,114,378
27,115,381
27,116,376
27,117,384
27,118,391
27,119,380
27,120,382
27,121,373
27,122,390
27,123,382
27,124,389
27,125,393
27,126,381
27,127,381
27,128,386
27,129,384
27,130,389
27,131,379
27,132,375
27,133,376
27,134,382
27,135,383
27,136,380
27,137,379
27,138,389
27,139,385
27,140,384
27,141,382
27,142,374
27,143,381
27,144,390
27,145,385
27,146,359
27,147,367
27,148,387
27,149,391
27,150,389
27,151,391
27,152,380
27,153,369
27,154,383
27,155,377
27,156,394
27,157,389
27,158,384
27,159,378
27,160,373
27,161,365
27,162,385
27,163,374
27,164,378
27,165,383
27,166,400
27,167,395
27,168,378
27,169,375
27,170,382
27,171,371
27,172,366
27,173,358
27,174,374
27,175,394
27,176,386
27,177,380
27,178,382
27,179,377
27,180,371
27,181,374
27,182,384
27,183,384
27,184,366
27,185,374
27,186,378
27,187,392
27,188,395
27,189,376
27,190,379
27,191,389
27,192,381
27,193,392
27,194,400
27,195,388
27,196,384
27,197,387
27,198,381
27,199,378
27,200,364
28,1,4
28,2,9
28,3,22
28,4,55
28,5,121
28,6,223
28,7,304
28,8,355
28,9,379
28,10,384
28,11,375
28,12,382
28,13,385
28,14,389
28,15,379
28,16,377
28,17,369
28,18,368
28,19,378
28,20,381
28,21,372
28,22,386
28,23,385
28,24,368
28,25,371
28,26,361
28,27,371
28,28,382
28,29,387
28,30,393
28,31,391
28,32,386
28,33,377
28,34,389
28,35,385
28,36,372
28,37,378
28,38,380
28,39,388
28,40,394
28,41,384
28,42,382
28,43,388
28,44,385
28,45,378
28,46,380
28,47,388
28,48,367
28,49,392
28,50,388
28,51,389
28,52,387
28,53,378
28,54,382
28,55,384
28,56,382
28,57,372
28,58,380
28,59,389
28,60,385
28,61,386
28,62,388
28,63,388
28,64,397
28,65,385
28,66,369
28,67,374
28,68,378
28,69,400
28,70,395
28,71,390
28,72,388
28,73,382
28,74,391
28,75,394
28,76,384
28,77,372
28,78,371
28,79,375
28,80,388
28,81,378
28,82,397
28,83,389
28,84,390
28,85,386
28,86,379
28,87,361
28,88,376
28,89,379
28,90,366
28,91,375
28,92,383
28,93,397
28,94,389
28,95,388
28,96,393
28,97,379
28,98,377
28,99,382
28,100,379
28,101,391
28,102,369
28,103,376
28,104,378
28,105,385
28,106,390
28,107,388
28,108,381
28,109,377
28,110,380
28,111,375
28,112,382
28,113,385
28,114,365
28,115,372
28,116,390
28,117,384
28,118,369
28,119,380
28,120,395
28,121,378
28,122,382
28,123,390
28,124,375
28,125,364
28,126,367
28,127,379
28,128,371
28,129,368
28,130,360
28,131,382
28,132,373
28,133,376
28,134,382
28,135,379
28,136,379
28,137,379
28,138,385
28,139,372
28,140,378
28,141,378
28,142,382
28,143,389
28,144,388
28,145,373
28,146,385
28,147,370
28,148,385
28,149,372
28,150,373
28,151,370
28,152,374
28,153,376
28,154,376
28,155,393
28,156,394
28,157,389
28,158,375
28,159,378
28,160,376
28,161,367
28,162,383
28,163,384
28,164,380
28,165,372
28,166,388
28,167,381
28,168,389
28,169,381
28,170,388
28,171,364
28,172,378
28,173,388
28,174,390
28,175,379
28,176,382
28,177,392
28,178,385
28,179,382
28,180,386
28,181,387
28,182,389
28,183,385
28,184,377
28,185,373
28,186,364
28,187,376
28,188,372
28,189,378
28,190,380
28,191,371
28,192,379
28,193,377
28,194,384
28,195,389
28,196,382
28,197,383
28,198,392
28,199,388
28,200,370
29,1,5
29,2,13
29,3,37
29,4,74
29,5,144
29,6,233
29,7,304
29,8,361
29,9,370
29,10,366
29,11,383
29,12,371
29,13,381
29,14,390
29,15,364
29,16,364
29,17,368
29,18,382
29,19,391
29,20,382
29,21,382
29,22,392
29,23,379
29,24,377
29,25,378
29,26,374
29,27,377
29,28,391
29,29,397
29,30,386
29,31,374
29,32,381
29,33,370
29,34,373
29,35,397
29,36,384
29,37,383
29,38,386
29,39,397
29,40,379
29,41,377
29,42,377
29,43,384
29,44,379
29,45,391
29,46,376
29,47,395
29,48,381
29,49,375
29,50,368
29,51,383
29,52,384
29,53,382
29,54,397
29,55,368
29,56,384
29,57,378
29,58,388
29,59,367
29,60,389
29,61,383
29,62,381
29,63,385
29,64,383
29,65,376
29,66,389
29,67,388
29,68,380
29,69,391
29,70,379
29,71,373
29,72,372
29,73,359
29,74,377
29,75,379
29,76,380
29,77,374
29,78,369
29,79,386
29,80,369
29,81,362
29,82,362
29,83,376
29,84,402
29,85,377
29,86,384
29,87,389
29,88,399
29,89,384
29,90,392
29,91,371
29,92,381
29,93,396
29,94,385
29,95,386
29,96,375
29,97,380
29,98,372
29,99,382
29,100,378
29,101,373
29,102,378
29,103,362
29,104,376
29,105,377
29,106,378
29,107,381
29,108,393
29,109,380
29,110,375
29,111,391
29,112,373
29,113,386
29,114,386
29,115,391
29,116,390
29,117,382
29,118,386
29,119,385
29,120,384
29,121,385
29,122,394
29,123,397
29,124,393
29,125,372
29,126,391
29,127,384
29,128,384
29,129,367
29,130,376
29,131,369
29,132,386
29,133,383
29,134,386
29,135,385
29,136,377
29,137,380
29,138,380
29,139,388
29,140,389
29,141,393
29,142,384
29,143,367
29,144,375
29,145,384
29,146,384
29,147,372
29,148,393
29,149,373
29,150,391
29,151,387
29,152,382
29,153,377
29,154,387
29,155,396
29,156,391
29,157,370
29,158,382
29,159,385
29,160,368
29,161,372
29,162,373
29,163,388
29,164,374
29,165,379
29,166,379
29,167,383
29,168,382
29,169,374
29,170,359
29,171,365
29,172,371
29,173,372
29,174,376
29,175,389
29,176,383
29,177,384
29,178,397
29,179,376
29,180,370
29,181,382
29,182,391
29,183,376
29,184,392
29,185,387
29,186,377
29,187,384
29,188,390
29,189,374
29,190,380
29,191,378
29,192,361
29,193,388
29,194,390
29,195,390
29,196,386
29,197,392
29,198,375
29,199,362
29,200,385
30,1,1
30,2,3
30,3,8
30,4,25
30,5,61
30,6,123
30,7,217
30,8,312
30,9,355
30,10,367
30,11,371
30,12,373
30,13,382
30,14,375
30,15,376
30,16,370
30,17,367
30,18,383
30,19,379
30,20,380
30,21,375
30,22,395
30,23,376
30,24,380
30,25,391
30,26,390
30,27,384
30,28,392
30,29,392
30,30,385
30,31,384
30,32,381
30,33,380
30,34,381
30,35,386
30,36,384
30,37,399
30,38,383
30,39,399
30,40,387
30,41,384
30,42,376
30,43,362
30,44,372
30,45,383
30,46,391
30,47,389
30,48,375
30,49,364
30,50,393
30,51,380
30,52,378
30,53,385
30,54,386
30,55,385
30,56,372
30,57,374
30,58,375
30,59,373
30,60,379
30,61,385
30,62,381
30,63,394
30,64,382
30,65,388
30,66,378
30,67,364
30,68,371
30,69,380
30,70,372
30,71,378
30,72,371
30,73,378
30,74,382
30,75,370
30,76,384
30,77,391
30,78,383
30,79,384
30,80,402
30,81,388
30,82,389
30,83,392
30,84,386
30,85,375
30,86,373
30,87,391
30,88,385
30,89,373
30,90,376
30,91,375
30,92,372
30,93,381
30,94,379
30,95,384
30,96,384
30,97,380
30,98,386
30,99,374
30,100,378
30,101,391
30,102,392
30,103,382
30,104,388
30,105,383
30,106,387
30,107,373
30,108,380
30,109,369
30,110,370
30,111,384
30,112,391
30,113,379
30,114,383
30,115,369
30,116,378
30,117,376
30,118,393
30,119,381
30,120,388
30,121,371
30,122,367
30,123,381
30,124,380
30,125,368
30,126,376
30,127,379
30,128,394
30,129,404
30,130,384
30,131,382
30,132,381
30,133,381
30,134,387
30,135,367
30,136,387
30,137,384
30,138,367
30,139,362
30,140,376
30,141,385
30,142,385
30,143,381
30,144,380
30,145,387
30,146,382
30,147,372
30,148,377
30,149,374
30,150,373
30,151,375
30,152,383
30,153,373
30,154,382
30,155,377
30,156,377
30,157,379
30,158,386
30,159,374
30,160,361
30,161,378
30,162,374
30,163,374
30,164,377
30,165,383
30,166,386
30,167,388
30,168,380
30,169,382
30,170,378
30,171,382
30,172,377
30,173,380
30,174,361
30,175,373
30,176,385
30,177,389
30,178,382
30,179,378
30,180,371
30,181,369
30,182,382
30,183,359
30,184,382
30,185,380
30,186,368
30,187,392
30,188,372
30,189,367
30,190,375
30,191,380
30,192,384
30,193,371
30,194,379
30,195,380
30,196,391
30,197,402
30,198,383
30,199,381
30,200,375
31,1,2
31,2,5
31,3,8
31,4,20
31,5,52
31,6,105
31,7,193
31,8,289
31,9,348
31,10,376
31,11,382
31,12,357
31,13,378
31,14,380
31,15,390
31,16,377
31,17,383
31,18,396
31,19,371
31,20,372
31,21,381
31,22,388
31,23,381
31,24,378
31,25,369
31,26,368
31,27,393
31,28,368
31,29,383
31,30,385
31,31,386
31,32,379
31,33,377
31,34,377
31,35,374
31,36,379
31,37,398
31,38,387
31,39,393
31,40,380
31,41,379
31,42,373
31,43,366
31,44,378
31,45,383
31,46,396
31,47,376
31,48,366
31,49,381
31,50,383
31,51,382
31,52,373
31,53,385
31,54,387
31,55,370
31,56,374
31,57,387
31,58,390
31,59,369
31,60,369
31,61,390
31,62,379
31,63,387
31,64,382
31,65,359
31,66,377
31,67,385
31,68,393
31,69,378
31,70,381
31,71,374
31,72,358
31,73,375
31,74,380
31,75,374
31,76,382
31,77,375
31,78,381
31,79,389
31,80,377
31,81,371
31,82,386
31,83,378
31,84,392
31,85,392
31,86,395
31,87,379
31,88,387
31,89,381
31,90,384
31,91,375
31,92,382
31,93,400
31,94,394
31,95,370
31,96,387
31,97,376
31,98,392
31,99,372
31,100,379
31,101,378
31,102,384
31,103,369
31,104,380
31,105,379
31,106,380
31,107,391
31,108,373
31,109,379
31,110,383
31,111,380
31,112,381
31,113,381
31,114,394
31,115,395
31,116,393
31,117,391
31,118,382
31,119,364
31,120,379
31,121,381
31,122,383
31,123,384
31,124,369
31,125,389
31,126,376
31,127,374
31,128,371
31,129,384
31,130,388
31,131,377
31,132,386
31,133,370
31,134,369
31,135,405
31,136,390
31,137,384
31,138,377
31,139,387
31,140,386
31,141,390
31,142,373
31,143,360
31,144,382
31,145,377
31,146,374
31,147,396
31,148,380
31,149,394
31,150,387
31,151,371
31,152,381
31,153,365
31,154,373
31,155,378
31,156,376
31,157,387
31,158,380
31,159,382
31,160,364
31,161,386
31,162,378
31,163,385
31,164,383
31,165,375
31,166,389
31,167,388
31,168,383
31,169,366
31,170,379
31,171,370
31,172,383
31,173,382
31,174,378
31,175,388
31,176,379
31,177,380
31,178,393
31,179,380
31,180,384
31,181,395
31,182,394
31,183,371
31,184,382
31,185,376
31,186,385
31,187,391
31,188,382
31,189,376
31,190,388
31,191,385
31,192,382
31,193,363
31,194,375
31,195,366
31,196,372
31,197,400
31,198,378
31,199,380
31,200,388
32,1,2
32,2,2
32,3,8
32,4,22
32,5,57
32,6,126
32,7,235
32,8,324
32,9,389
32,10,389
32,11,378
32,12,369
32,13,375
32,14,375
32,15,363
32,16,362
32,17,376
32,18,378
32,19,370
32,20,367
32,21,373
32,22,384
32,23,375
32,24,382
32,25,384
32,26,372
32,27,375
32,28,378
32,29,381
32,30,393
32,31,385
32,32,391
32,33,385
32,34,377
32,35,388
32,36,382
32,37,392
32,38,372
32,39,364
32,40,379
32,41,380
32,42,372
32,43,371
32,44,380
32,45,387
32,46,381
32,47,382
32,48,382
32,49,376
32,50,377
32,51,376
32,52,390
32,53,395
32,54,382
32,55,382
32,56,388
32,57,385
32,58,386
32,59,388
32,60,387
32,61,388
32,62,370
32,63,378
32,64,373
32,65,383
32,66,379
32,67,377
32,68,383
32,69,378
32,70,391
32,71,389
32,72,367
32,73,356
32,74,364
32,75,373
32,76,390
32,77,383
32,78,378
32,79,371
32,80,390
32,81,385
32,82,377
32,83,387
32,84,362
32,85,400
32,86,388
32,87,397
32,88,376
32,89,395
32,90,382
32,91,379
32,92,371
32,93,388
32,94,378
32,95,381
32,96,383
32,97,389
32,98,370
32,99,369
32,100,384
32,101,374
32,102,367
32,103,372
32,104,367
32,105,376
32,106,372
32,107,371
32,108,362
32,109,386
32,110,379
32,111,398
32,112,398
32,113,384
32,114,389
32,115,378
32,116,380
32,117,374
32,118,375
32,119,368
32,120,385
32,121,377
32,122,382
32,123,379
32,124,383
32,125,376
32,126,376
32,127,383
32,128,389
32,129,374
32,130,367
32,131,387
32,132,376
32,133,378
32,134,381
32,135,383
32,136,386
32,137,395
32,138,390
32,139,372
32,140,381
32,141,378
32,142,392
32,143,390
32,144,387
32,145,368
32,146,360
32,147,372
32,148,378
32,149,390
32,150,377
32,151,395
32,152,389
32,153,366
32,154,371
32,155,377
32,156,382
32,157,383
32,158,386
32,159,388
32,160,381
32,161,377
32,162,387
32,163,379
32,164,387
32,165,399
32,166,378
32,167,396
32,168,387
32,169,381
32,170,384
32,171,379
32,172,369
32,173,388
32,174,382
32,175,379
32,176,394
32,177,382
32,178,386
32,179,369
32,180,365
32,181,386
32,182,382
32,183,380
32,184,384
32,185,389
32,186,380
32,187,376
32,188,378
32,189,391
32,190,373
32,191,381
32,192,379
32,193,383
32,194,385
32,195,393
32,196,361
32,197,378
32,198,381
32,199,366
32,200,385
33,1,5
33,2,16
33,3,45
33,4,105
33,5,192
33,6,297
33,7,360
33,8,368
33,9,379
33,10,380
33,11,376
33,12,380
33,13,381
33,14,386
33,15,383
33,16,389
33,17,381
33,18,386
33,19,384
33,20,380
33,21,384
33,22,373
33,23,386
33,24,388
33,25,392
33,26,386
33,27,379
33,28,386
33,29,377
33,30,364
33,31,382
33,32,393
33,33,381
33,34,379
33,35,377
33,36,395
33,37,386
33,38,392
33,39,390
33,40,376
33,41,382
33,42,373
33,43,368
33,44,387
33,45,378
33,46,362
33,47,381
33,48,387
33,49,395
33,50,384
33,51,380
33,52,381
33,53,375
33,54,380
33,55,381
33,56,374
33,57,379
33,58,376
33,59,376
33,60,373
33,61,371
33,62,383
33,63,368
33,64,386
33,65,382
33,66,402
33,67,402
33,68,392
33,69,378
33,70,384
33,71,386
33,72,383
33,73,388
33,74,372
33,75,374
33,76,371
33,77,376
33,78,377
33,79,386
33,80,380
33,81,383
33,82,370
33,83,366
33,84,383
33,85,381
33,86,382
33,87,372
33,88,386
33,89,385
33,90,385
33,91,385
33,92,374
33,93,382
33,94,395
33,95,378
33,96,387
33,97,384
33,98,371
33,99,375
33,100,388
33,101,385
33,102,381
33,103,373
33,104,383
33,105,371
33,106,389
33,107,382
33,108,385
33,109,381
33,110,385
33,111,377
33,112,369
33,113,377
33,114,378
33,115,384
33,116,389
33,117,395
33,118,381
33,119,376
33,120,382
33,121,385
33,122,384
33,123,387
33,124,384
33,125,376
33,126,381
33,127,370
33,128,365
33,129,377
33,130,390
33,131,372
33,132,377
33,133,381
33,134,366
33,135,367
33,136,375
33,137,379
33,138,383
33,139,376
33,140,379
33,141,362
33,142,384
33,143,380
33,144,367
33,145,357
33,146,362
33,147,366
33,148,373
33,149,376
33,150,377
33,151,373
33,152,381
33,153,358
33,154,376
33,155,389
33,156,380
33,157,384
33,158,365
33,159,380
33,160,371
33,161,376
33,162,382
33,163,390
33,164,389
33,165,374
33,166,385
33,167,368
33,168,378
33,169,377
33,170,376
33,171,370
33,172,382
33,173,392
33,174,399
33,175,384
33,176,384
33,177,381
33,178,368
33,179,365
33,180,377
33,181,377
33,182,381
33,183,378
33,184,376
33,185,367
33,186,376
33,187,381
33,188,368
33,189,376
33,190,375
33,191,381
33,192,381
33,193,373
33,194,382
33,195,384
33,196,388
33,197,384
33,198,386
33,199,384
33,200,390
34,1,2
34,2,6
34,3,10
34,4,26
34,5,60
34,6,119
34,7,210
34,8,306
34,9,363
34,10,375
34,11,391
34,12,376
34,13,391
34,14,374
34,15,370
34,16,377
34,17,372
34,18,372
34,19,372
34,20,372
34,21,374
34,22,364
34,23,377
34,24,384
34,25,378
34,26,384
34,27,398
34,28,381
34,29,372
34,30,372
34,31,394
34,32,376
34,33,370
34,34,387
34,35,375
34,36,389
34,37,383
34,38,374
34,39,394
34,40,387
34,41,386
34,42,382
34,43,390
34,44,391
34,45,392
34,46,368
34,47,365
34,48,386
34,49,383
34,50,377
34,51,383
34,52,382
34,53,377
34,54,390
34,55,385
34,56,370
34,57,382
34,58,377
34,59,384
34,60,392
34,61,383
34,62,400
34,63,381
34,64,380
34,65,375
34,66,366
34,67,368
34,68,377
34,69,385
34,70,380
34,71,369
34,72,378
34,73,381
34,74,379
34,75,389
34,76,389
34,77,388
34,78,385
34,79,395
34,80,372
34,81,362
34,82,388
34,83,374
34,84,379
34,85,385
34,86,389
34,87,383
34,88,381
34,89,367
34,90,385
34,91,378
34,92,383
34,93,389
34,94,371
34,95,383
34,96,376
34,97,372
34,98,373
34,99,377
34,100,373
34,101,395
34,102,375
34,103,377
34,104,376
34,105,387
34,106,379
34,107,369
34,108,380
34,109,379
34,110,377
34,111,380
34,112,384
34,113,374
34,114,386
34,115,394
34,116,388
34,117,388
34,118,381
34,119,399
34,120,390
34,121,388
34,122,383
34,123,380
34,124,369
34,125,375
34,126,360
34,127,372
34,128,382
34,129,385
34,130,378
34,131,378
34,132,373
34,133,363
34,134,385
34,135,396
34,136,382
34,137,371
34,138,370
34,139,386
34,140,384
34,141,374
34,142,384
34,143,365
34,144,378
34,145,380
34,146,381
34,147,368
34,148,377
34,149,374
34,150,396
34,151,370
34,152,377
34,153,361
34,154,371
34,155,383
34,156,384
34,157,364
34,158,372
34,159,369
34,160,385
34,161,378
34,162,382
34,163,386
34,164,380
34,165,388
34,166,381
34,167,364
34,168,386
34,169,387
34,170,383
34,171,379
34,172,372
34,173,387
34,174,377
34,175,380
34,176,386
34,177,375
34,178,374
34,179,373
34,180,376
34,181,375
34,182,393
34,183,377
34,184,384
34,185,382
34,186,371
34,187,376
34,188,395
34,189,372
34,190,378
34,191,391
34,192,382
34,193,360
34,194,392
34,195,377
34,196,373
34,197,377
34,198,371
34,199,382
34,200,361
35,1,3
35,2,9
35,3,20
35,4,62
35,5,132
35,6,233
35,7,322
35,8,362
35,9,380
35,10,382
35,11,379
35,12,377
35,13,375
35,14,380
35,15,374
35,16,376
35,17,363
35,18,368
35,19,383
35,20,395
35,21,382
35,22,392
35,23,369
35,24,381
35,25,388
35,26,396
35,27,402
35,28,373
35,29,379
35,30,371
35,31,387
35,32,391
35,33,391
35,34,381
35,35,378
35,36,384
35,37,375
35,38,369
35,39,388
35,40,389
35,41,395
35,42,373
35,43,386
35,44,377
35,45,396
35,46,390
35,47,386
35,48,387
35,49,387
35,50,391
35,51,403
35,52,397
35,53,376
35,54,381
35,55,381
35,56,391
35,57,400
35,58,382
35,59,384
35,60,390
35,61,375
35,62,373
35,63,367
35,64,382
35,65,386
35,66,389
35,67,390
35,68,395
35,69,374
35,70,374
35,71,368
35,72,372
35,73,383
35,74,374
35,75,389
35,76,380
35,77,394
35,78,383
35,79,381
35,80,367
35,81,381
35,82,402
35,83,370
35,84,390
35,85,379
35,86,386
35,87,383
35,88,389
35,89,379
35,90,375
35,91,378
35,92,368
35,93,368
35,94,372
35,95,382
35,96,388
35,97,378
35,98,384
35,99,384
35,100,373
35,101,392
35,102,384
35,103,386
35,104,392
35,105,403
35,106,381
35,107,384
35,108,381
35,109,386
35,110,367
35,111,375
35,112,384
35,113,389
35,114,377
35,115,382
35,116,375
35,117,377
35,118,376
35,119,387
35,120,378
35,121,390
35,122,382
35,123,377
35,124,387
35,125,391
35,126,384
35,127,393
35,128,383
35,129,365
35,130,371
35,131,371
35,132,389
35,133,387
35,134,380
35,135,380
35,136,389
35,137,395
35,138,379
35,139,367
35,140,372
35,141,382
35,142,380
35,143,378
35,144,391
35,145,393
35,146,380
35,147,391
35,148,373
35,149,378
35,150,387
35,151,377
35,152,379
35,153,376
35,154,386
35,155,365
35,156,371
35,157,379
35,158,382
35,159,396
35,160,386
35,161,384
35,162,369
35,163,373
35,164,379
35,165,381
35,166,396
35,167,382
35,168,382
35,169,382
35,170,369
35,171,391
35,172,388
35,173,379
35,174,375
35,175,361
35,176,375
35,177,373
35,178,369
35,179,392
35,180,389
35,181,395
35,182,394
35,183,384
35,184,390
35,185,394
35,186,392
35,187,389
35,188,379
35,189,383
35,190,375
35,191,374
35,192,376
35,193,379
35,194,367
35,195,371
35,196,385
35,197,391
35,198,387
35,199,376
35,200,380
36,1,2
36,2,3
36,3,7
36,4,16
36,5,37
36,6,95
36,7,176
36,8,261
36,9,326
36,10,374
36,11,386
36,12,395
36,13,390
36,14,377
36,15,384
36,16,378
36,17,371
36,18,382
36,19,370
36,20,375
36,21,387
36,22,385
36,23,375
36,24,370
36,25,375
36,26,380
36,27,384
36,28,384
36,29,372
36,30,389
36,31,375
36,32,384
36,33,376
36,34,372
36,35,389
36,36,392
36,37,389
36,38,370
36,39,371
36,40,375
36,41,385
36,42,382
36,43,377
36,44,373
36,45,392
36,46,385
36,47,396
36,48,381
36,49,380
36,50,390
36,51,390
36,52,378
36,53,375
36,54,387
36,55,381
36,56,381
36,57,383
36,58,366
36,59,374
36,60,386
36,61,390
36,62,380
36,63,384
36,64,378
36,65,369
36,66,373
36,67,384
36,68,382
36,69,374
36,70,373
36,71,389
36,72,379
36,73,374
36,74,386
36,75,377
36,76,377
36,77,378
36,78,379
36,79,386
36,80,377
36,81,385
36,82,389
36,83,379
36,84,382
36,85,378
36,86,382
36,87,387
36,88,378
36,89,385
36,90,394
36,91,387
36,92,380
36,93,376
36,94,391
36,95,396
36,96,384
36,97,389
36,98,394
36,99,390
36,100,392
36,101,386
36,102,391
36,103,386
36,104,372
36,105,369
36,106,374
36,107,385
36,108,396
36,109,386
36,110,390
36,111,367
36,112,384
36,113,390
36,114,387
36,115,398
36,116,374
36,117,371
36,118,373
36,119,376
36,120,383
36,121,390
36,122,393
36,123,386
36,124,384
36,125,377
36,126,400
36,127,387
36,128,373
36,129,382
36,130,376
36,131,378
36,132,383
36,133,385
36,134,387
36,135,391
36,136,382
36,137,386
36,138,381
36,139,377
36,140,394
36,141,377
36,142,388
36,143,391
36,144,399
36,145,379
36,146,388
36,147,381
36,148,392
36,149,383
36,150,399
36,151,392
36,152,378
36,153,377
36,154,380
36,155,371
36,156,392
36,157,386
36,158,382
36,159,376
36,160,370
36,161,382
36,162,372
36,163,360
36,164,379
36,165,388
36,166,399
36,167,387
36,168,380
36,169,387
36,170,380
36,171,375
36,172,390
36,173,374
36,174,378
36,175,385
36,176,382
36,177,392
36,178,384
36,179,374
36,180,371
36,181,380
36,182,386
36,183,369
36,184,382
36,185,392
36,186,382
36,187,383
36,188,377
36,189,386
36,190,383
36,191,362
36,192,356
36,193,387
36,194,379
36,195,383
36,196,387
36,197,378
36,198,376
36,199,380
36,200,390
37,1,4
37,2,8
37,3,15
37,4,38
37,5,84
37,6,176
37,7,248
37,8,318
37,9,358
37,10,368
37,11,361
37,12,389
37,13,376
37,14,381
37,15,369
37,16,353
37,17,377
37,18,379
37,19,378
37,20,388
37,21,404
37,22,400
37,23,369
37,24,379
37,25,377
37,26,380
37,27,382
37,28,377
37,29,394
37,30,367
37,31,385
37,32,390
37,33,373
37,34,387
37,35,395
37,36,375
37,37,389
37,38,388
37,39,390
37,40,378
37,41,384
37,42,386
37,43,388
37,44,376
37,45,386
37,46,389
37,47,383
37,48,394
37,49,380
37,50,381
37,51,373
37,52,402
37,53,392
37,54,377
37,55,379
37,56,391
37,57,371
37,58,377
37,59,377
37,60,363
37,61,392
37,62,382
37,63,398
37,64,393
37,65,383
37,66,373
37,67,389
37,68,386
37,69,381
37,70,385
37,71,391
37,72,386
37,73,380
37,74,389
37,75,387
37,76,384
37,77,380
37,78,383
37,79,380
37,80,378
37,81,385
37,82,379
37,83,372
37,84,373
37,85,359
37,86,379
37,87,377
37,88,382
37,89,390
37,90,373
37,91,392
37,92,382
37,93,391
37,94,388
37,95,372
37,96,376
37,97,372
37,98,387
37,99,386
37,100,390
37,101,371
37,102,386
37,103,390
37,104,379
37,105,373
37,106,393
37,107,386
37,108,388
37,109,387
37,110,385
37,111,384
37,112,377
37,113,379
37,114,366
37,115,385
37,116,378
37,117,388
37,118,377
37,119,373
37,120,379
37,121,394
37,122,383
37,123,374
37,124,373
37,125,386
37,126,380
37,127,389
37,128,390
37,129,394
37,130,383
37,131,395
37,132,378
37,133,382
37,134,372
37,135,385
37,136,379
37,137,382
37,138,367
37,139,375
37,140,391
37,141,370
37,142,374
37,143,369
37,144,408
37,145,402
37,146,400
37,147,393
37,148,379
37,149,374
37,150,395
37,151,380
37,152,382
37,153,375
37,154,376
37,155,381
37,156,381
37,157,390
37,158,383
37,159,395
37,160,383
37,161,393
37,162,386
37,163,388
37,164,375
37,165,379
37,166,383
37,167,378
37,168,383
37,169,399
37,170,399
37,171,387
37,172,381
37,173,391
37,174,379
37,175,387
37,176,389
37,177,368
37,178,375
37,179,390
37,180,380
37,181,382
37,182,392
37,183,393
37,184,379
37,185,376
37,186,381
37,187,376
37,188,369
37,189,393
37,190,385
37,191,377
37,192,377
37,193,375
37,194,376
37,195,396
37,196,389
37,197,390
37,198,394
37,199,396
37,200,384
38,1,2
38,2,5
38,3,10
38,4,24
38,5,46
38,6,106
38,7,178
38,8,268
38,9,339
38,10,368
38,11,369
38,12,395
38,13,403
38,14,385
38,15,396
38,16,397
38,17,389
38,18,377
38,19,384
38,20,381
38,21,403
38,22,387
38,23,390
38,24,385
38,25,375
38,26,395
38,27,385
38,28,375
38,29,391
38,30,372
38,31,380
38,32,376
38,33,385
38,34,375
38,35,377
38,36,369
38,37,382
38,38,388
38,39,387
38,40,374
38,41,386
38,42,400
38,43,383
38,44,395
38,45,378
38,46,380
38,47,379
38,48,389
38,49,389
38,50,384
38,51,377
38,52,380
38,53,366
38,54,386
38,55,396
38,56,387
38,57,371
38,58,371
38,59,382
38,60,386
38,61,383
38,62,379
38,63,389
38,64,375
38,65,365
38,66,376
38,67,373
38,68,376
38,69,366
38,70,394
38,71,376
38,72,382
38,73,377
38,74,362
38,75,375
38,76,393
38,77,386
38,78,389
38,79,386
38,80,372
38,81,393
38,82,384
38,83,373
38,84,381
38,85,372
38,86,374
38,87,393
38,88,376
38,89,383
38,90,375
38,91,365
38,92,373
38,93,377
38,94,385
38,95,384
38,96,383
38,97,375
38,98,395
38,99,385
38,100,385
38,101,383
38,102,392
38,103,379
38,104,377
38,105,392
38,106,390
38,107,372
38,108,381
38,109,398
38,110,400
38,111,375
38,112,370
38,113,365
38,114,366
38,115,381
38,116,387
38,117,370
38,118,380
38,119,379
38,120,375
38,121,375
38,122,373
38,123,380
38,124,375
38,125,383
38,126,389
38,127,371
38,128,371
38,129,387
38,130,385
38,131,375
38,132,378
38,133,371
38,134,393
38,135,382
38,136,382
38,137,379
38,138,382
38,139,376
38,140,372
38,141,379
38,142,371
38,143,373
38,144,378
38,145,373
38,146,384
38,147,370
38,148,383
38,149,389
38,150,381
38,151,369
38,152,373
38,153,382
38,154,387
38,155,378
38,156,384
38,157,395
38,158,374
38,159,369
38,160,377
38,161,376
38,162,378
38,163,380
38,164,370
38,165,383
38,166,383
38,167,386
38,168,365
38,169,373
38,170,378
38,171,392
38,172,377
38,173,379
38,174,390
38,175,385
38,176,385
38,177,380
38,178,387
38,179,385
38,180,371
38,181,395
38,182,397
38,183,396
38,184,388
38,185,368
38,186,392
38,187,385
38,188,377
38,189,385
38,190,390
38,191,379
38,192,368
38,193,386
38,194,391
38,195,379
38,196,376
38,197,375
38,198,376
38,199,369
38,200,377
39,1,2
39,2,7
39,3,12
39,4,26
39,5,60
39,6,122
39,7,215
39,8,318
39,9,357
39,10,380
39,11,390
39,12,386
39,13,383
39,14,377
39,15,391
39,16,390
39,17,387
39,18,375
39,19,378
39,20,378
39,21,379
39,22,382
39,23,371
39,24,379
39,25,378
39,26,376
39,27,378
39,28,405
39,29,382
39,30,395
39,31,377
39,32,400
39,33,381
39,34,376
39,35,392
39,36,375
39,37,386
39,38,382
39,39,376
39,40,389
39,41,392
39,42,398
39,43,385
39,44,383
39,45,363
39,46,377
39,47,381
39,48,383
39,49,379
39,50,393
39,51,399
39,52,389
39,53,379
39,54,396
39,55,380
39,56,381
39,57,369
39,58,392
39,59,376
39,60,391
39,61,379
39,62,391
39,63,379
39,64,383
39,65,382
39,66,393
39,67,394
39,68,383
39,69,377
39,70,384
39,71,366
39,72,372
39,73,377
39,74,393
39,75,378
39,76,377
39,77,370
39,78,370
39,79,371
39,80,385
39,81,385
39,82,392
39,83,381
39,84,381
39,85,386
39,86,355
39,87,380
39,88,384
39,89,391
39,90,373
39,91,371
39,92,368
39,93,373
39,94,384
39,95,379
39,96,378
39,97,388
39,98,372
39,99,388
39,100,376
39,101,370
39,102,379
39,103,369
39,104,379
39,105,374
39,106,381
39,107,374
39,108,378
39,109,369
39,110,379
39,111,395
39,112,386
39,113,372
39,114,385
39,115,391
39,116,387
39,117,382
39,118,374
39,119,391
39,120,375
39,121,384
39,122,375
39,123,380
39,124,382
39,125,366
39,126,378
39,127,386
39,128,395
39,129,375
39,130,371
39,131,387
39,132,386
39,133,374
39,134,366
39,135,389
39,136,381
39,137,376
39,138,373
39,139,372
39,140,384
39,141,387
39,142,375
39,143,378
39,144,388
39,145,379
39,146,363
39,147,381
39,148,373
39,149,380
39,150,377
39,151,385
39,152,386
39,153,385
39,154,394
39,155,392
39,156,395
39,157,378
39,158,373
39,159,387
39,160,397
39,161,377
39,162,390
39,163,378
39,164,385
39,165,372
39,166,366
39,167,369
39,168,375
39,169,370
39,170,384
39,171,390
39,172,374
39,173,375
39,174,366
39,175,382
39,176,376
39,177,383
39,178,368
39,179,369
39,180,372
39,181,371
39,182,377
39,183,397
39,184,379
39,185,382
39,186,389
39,187,383
39,188,387
39,189,380
39,190,376
39,191,377
39,192,392
39,193,393
39,194,389
39,195,382
39,196,388
39,197,385
39,198,378
39,199,372
39,200,376
40,1,1
40,2,2
40,3,6
40,4,13
40,5,31
40,6,81
40,7,170
40,8,261
40,9,345
40,10,370
40,11,384
40,12,367
40,13,376
40,14,376
40,15,380
40,16,383
40,17,382
40,18,370
40,19,365
40,20,384
40,21,391
40,22,386
40,23,379
40,24,393
40,25,365
40,26,384
40,27,370
40,28,393
40,29,373
40,30,371
40,31,375
40,32,377
40,33,377
40,34,374
40,35,377
40,36,379
40,37,371
40,38,384
40,39,398
40,40,385
40,41,389
40,42,389
40,43,382
40,44,385
40,45,385
40,46,378
40,47,392
40,48,390
40,49,378
40,50,391
40,51,378
40,52,381
40,53,378
40,54,379
40,55,389
40,56,382
40,57,384
40,58,375
40,59,380
40,60,389
40,61,389
40,62,387
40,63,393
40,64,383
40,65,380
40,66,366
40,67,381
40,68,383
40,69,380
40,70,395
40,71,393
40,72,380
40,73,384
40,74,383
40,75,376
40,76,369
40,77,387
40,78,385
40,79,391
40,80,389
40,81,390
40,82,387
40,83,386
40,84,387
40,85,377
40,86,368
40,87,371
40,88,392
40,89,408
40,90,385
40,91,385
40,92,395
40,93,394
40,94,389
40,95,375
40,96,381
40,97,383
40,98,374
40,99,387
40,100,382
40,101,394
40,102,392
40,103,389
40,104,385
40,105,383
40,106,375
40,107,377
40,108,373
40,109,375
40,110,366
40,111,374
40,112,382
40,113,399
40,114,396
40,115,379
40,116,385
40,117,385
40,118,381
40,119,394
40,120,391
40,121,379
40,122,383
40,123,385
40,124,377
40,125,380
40,126,376
40,127,383
40,128,387
40,129,376
40,130,370
40,131,387
40,132,376
40,133,377
40,134,388
40,135,376
40,136,383
40,137,392
40,138,386
40,139,367
40,140,381
40,141,380
40,142,387
40,143,371
40,144,381
40,145,384
40,146,390
40,147,377
40,148,380
40,149,385
40,150,388
40,151,384
40,152,381
40,153,388
40,154,387
40,155,388
40,156,385
40,157,392
40,158,377
40,159,382
40,160,392
40,161,380
40,162,376
40,163,364
40,164,371
40,165,375
40,166,389
40,167,383
40,168,370
40,169,390
40,170,378
40,171,390
40,172,380
40,173,378
40,174,385
40,175,386
40,176,370
40,177,376
40,178,388
40,179,361
40,180,388
40,181,387
40,182,365
40,183,376
40,184,383
40,185,373
40,186,391
40,187,382
40,188,374
40,189,378
40,190,385
40,191,392
40,192,389
40,193,380
40,194,383
40,195,383
40,196,374
40,197,388
40,198,403
40,199,388
40,200,365
41,1,7
41,2,15
41,3,32
41,4,74
41,5,154
41,6,262
41,7,346
41,8,370
41,9,378
41,10,398
41,11,377
41,12,387
41,13,378
41,14,378
41,15,374
41,16,367
41,17,379
41,18,369
41,19,394
41,20,395
41,21,385
41,22,385
41,23,382
41,24,381
41,25,373
41,26,382
41,27,375
41,28,377
41,29,393
41,30,379
41,31,388
41,32,387
41,33,373
41,34,383
41,35,377
41,36,378
41,37,383
41,38,373
41,39,382
41,40,385
41,41,397
41,42,386
41,43,385
41,44,379
41,45,372
41,46,374
41,47,384
41,48,390
41,49,383
41,50,398
41,51,394
41,52,383
41,53,387
41,54,385
41,55,392
41,56,380
41,57,378
41,58,381
41,59,384
41,60,396
41,61,385
41,62,364
41,63,383
41,64,382
41,65,372
41,66,384
41,67,390
41,68,377
41,69,391
41,70,384
41,71,383
41,72,370
41,73,386
41,74,387
41,75,388
41,76,390
41,77,388
41,78,390
41,79,378
41,80,377
41,81,382
41,82,380
41,83,383
41,84,393
41,85,386
41,86,382
41,87,387
41,88,400
41,89,377
41,90,383
41,91,384
41,92,381
41,93,381
41,94,399
41,95,376
41,96,377
41,97,380
41,98,392
41,99,377
41,100,375
41,101,373
41,102,369
41,103,387
41,104,386
41,105,398
41,106,381
41,107,395
41,108,373
41,109,371
41,110,366
41,111,377
41,112,378
41,113,381
41,114,374
41,115,372
41,116,376
41,117,374
41,118,372
41,119,377
41,120,382
41,121,373
41,122,382
41,123,366
41,124,371
41,125,386
41,126,385
41,127,373
41,128,382
41,129,394
41,130,381
41,131,374
41,132,363
41,133,374
41,134,379
41,135,373
41,136,364
41,137,373
41,138,382
41,139,367
41,140,382
41,141,377
41,142,364
41,143,380
41,144,388
41,145,373
41,146,375
41,147,376
41,148,378
41,149,383
41,150,376
41,151,379
41,152,373
41,153,374
41,154,384
41,155,377
41,156,374
41,157,383
41,158,375
41,159,397
41,160,381
41,161,377
41,162,374
41,163,389
41,164,369
41,165,400
41,166,375
41,167,385
41,168,380
41,169,398
41,170,393
41,171,377
41,172,379
41,173,373
41,174,382
41,175,382
41,176,375
41,177,382
41,178,385
41,179,385
41,180,390
41,181,387
41,182,376
41,183,383
41,184,373
41,185,381
41,186,385
41,187,382
41,188,378
41,189,382
41,190,374
41,191,387
41,192,378
41,193,381
41,194,375
41,195,395
41,196,386
41,197,381
41,198,393
41,199,394
41,200,381
42,1,3
42,2,11
42,3,29
42,4,53
42,5,107
42,6,201
42,7,294
42,8,376
42,9,381
42,10,387
42,11,383
42,12,369
42,13,385
42,14,401
42,15,393
42,16,371
42,17,376
42,18,394
42,19,373
42,20,382
42,21,376
42,22,384
42,23,385
42,24,391
42,25,392
42,26,387
42,27,390
42,28,384
42,29,375
42,30,375
42,31,374
42,32,385
42,33,379
42,34,377
42,35,377
42,36,389
42,37,378
42,38,380
42,39,380
42,40,383
42,41,392
42,42,390
42,43,380
42,44,397
42,45,386
42,46,378
42,47,376
42,48,379
42,49,397
42,50,387
42,51,372
42,52,388
42,53,368
42,54,370
42,55,382
42,56,380
42,57,380
42,58,377
42,59,374
42,60,372
42,61,382
42,62,386
42,63,370
42,64,373
42,65,371
42,66,390
42,67,383
42,68,382
42,69,382
42,70,386
42,71,374
42,72,371
42,73,373
42,74,376
42,75,382
42,76,383
42,77,392
42,78,384
42,79,377
42,80,387
42,81,371
42,82,372
42,83,373
42,84,383
42,85,377
42,86,382
42,87,390
42,88,376
42,89,397
42,90,383
42,91,359
42,92,397
42,93,392
42,94,390
42,95,381
42,96,379
42,97,379
42,98,393
42,99,377
42,100,369
42,101,374
42,102,380
42,103,374
42,104,380
42,105,387
42,106,381
42,107,382
42,108,385
42,109,370
42,110,371
42,111,375
42,112,378
42,113,381
42,114,371
42,115,388
42,116,388
42,117,374
42,118,379
42,119,368
42,120,376
42,121,391
42,122,380
42,123,388
42,124,373
42,125,375
42,126,366
42,127,386
42,128,388
42,129,384
42,130,380
42,131,387
42,132,385
42,133,385
42,134,376
42,135,382
42,136,373
42,137,389
42,138,377
42,139,395
42,140,395
42,141,377
42,142,384
42,143,394
42,144,380
42,145,400
42,146,386
42,147,375
42,148,374
42,149,381
42,150,364
42,151,382
42,152,376
42,153,380
42,154,390
42,155,372
42,156,382
42,157,377
42,158,376
42,159,385
42,160,368
42,161,379
42,162,372
42,163,373
42,164,385
42,165,393
42,166,380
42,167,386
42,168,383
42,169,393
42,170,369
42,171,371
42,172,385
42,173,386
42,174,380
42,175,362
42,176,369
42,177,377
42,178,384
42,179,373
42,180,370
42,181,372
42,182,380
42,183,382
42,184,378
42,185,389
42,186,376
42,187,383
42,188,375
42,189,411
42,190,373
42,191,395
42,192,391
42,193,383
42,194,380
42,195,380
42,196,385
42,197,379
42,198,383
42,199,365
42,200,383
43,1,3
43,2,6
43,3,14
43,4,38
43,5,91
43,6,183
43,7,275
43,8,327
43,9,365
43,10,388
43,11,372
43,12,381
43,13,375
43,14,382
43,15,392
43,16,400
43,17,379
43,18,376
43,19,361
43,20,365
43,21,356
43,22,370
43,23,369
43,24,383
43,25,382
43,26,380
43,27,381
43,28,386
43,29,396
43,30,385
43,31,372
43,32,387
43,33,376
43,34,385
43,35,370
43,36,369
43,37,377
43,38,376
43,39,384
43,40,377
43,41,377
43,42,379
43,43,394
43,44,385
43,45,381
43,46,374
43,47,375
43,48,376
43,49,393
43,50,374
43,51,389
43,52,389
43,53,381
43,54,381
43,55,384
43,56,371
43,57,373
43,58,385
43,59,393
43,60,368
43,61,372
43,62,379
43,63,386
43,64,374
43,65,376
43,66,392
43,67,373
43,68,380
43,69,383
43,70,379
43,71,396
43,72,396
43,73,368
43,74,374
43,75,380
43,76,372
43,77,374
43,78,376
43,79,371
43,80,377
43,81,373
43,82,372
43,83,379
43,84,374
43,85,366
43,86,366
43,87,372
43,88,371
43,89,381
43,90,379
43,91,381
43,92,371
43,93,371
43,94,383
43,95,378
43,96,384
43,97,376
43,98,371
43,99,381
43,100,373
43,101,376
43,102,388
43,103,390
43,104,377
43,105,387
43,106,381
43,107,383
43,108,373
43,109,388
43,110,383
43,111,378
43,112,373
43,113,382
43,114,380
43,115,395
43,116,377
43,117,386
43,118,379
43,119,382
43,120,365
43,121,379
43,122,370
43,123,371
43,124,375
43,125,375
43,126,390
43,127,382
43,128,394
43,129,389
43,130,388
43,131,392
43,132,390
43,133,385
43,134,382
43,135,384
43,136,374
43,137,380
43,138,393
43,139,382
43,140,373
43,141,369
43,142,380
43,143,365
43,144,377
43,145,360
43,146,383
43,147,377
43,148,388
43,149,383
43,150,377
43,151,371
43,152,369
43,153,375
43,154,377
43,155,381
43,156,390
43,157,378
43,158,385
43,159,378
43,160,390
43,161,385
43,162,383
43,163,391
43,164,375
43,165,360
43,166,380
43,167,389
43,168,376
43,169,390
43,170,378
43,171,388
43,172,387
43,173,391
43,174,377
43,175,375
43,176,380
43,177,383
43,178,380
43,179,369
43,180,384
43,181,375
43,182,392
43,183,380
43,184,375
43,185,349
43,186,372
43,187,389
43,188,374
43,189,378
43,190,381
43,191,373
43,192,387
43,193,385
43,194,389
43,195,387
43,196,380
43,197,386
43,198,365
43,199,376
43,200,372
44,1,1
44,2,4
44,3,13
44,4,30
44,5,75
44,6,158
44,7,269
44,8,339
44,9,366
44,10,369
44,11,386
44,12,389
44,13,374
44,14,365
44,15,380
44,16,398
44,17,389
44,18,379
44,19,381
44,20,373
44,21,393
44,22,384
44,23,390
44,24,375
44,25,380
44,26,371
44,27,380
44,28,369
44,29,376
44,30,371
44,31,386
44,32,385
44,33,382
44,34,387
44,35,365
44,36,365
44,37,377
44,38,369
44,39,386
44,40,373
44,41,378
44,42,383
44,43,372
44,44,385
44,45,376
44,46,376
44,47,368
44,48,378
44,49,388
44,50,377
44,51,373
44,52,378
44,53,384
44,54,387
44,55,390
44,56,382
44,57,382
44,58,379
44,59,380
44,60,378
44,61,385
44,62,390
44,63,378
44,64,381
44,65,378
44,66,369
44,67,374
44,68,384
44,69,382
44,70,378
44,71,370
44,72,380
44,73,367
44,74,374
44,75,376
44,76,378
44,77,392
44,78,359
44,79,380
44,80,377
44,81,385
44,82,388
44,83,382
44,84,381
44,85,397
44,86,367
44,87,379
44,88,392
44,89,377
44,90,391
44,91,378
44,92,383
44,93,381
44,94,375
44,95,393
44,96,390
44,97,377
44,98,375
44,99,383
44,100,395
44,101,377
44,102,383
44,103,389
44,104,384
44,105,385
44,106,389
44,107,380
44,108,364
44,109,373
44,110,379
44,111,369
44,112,368
44,113,371
44,114,378
44,115,373
44,116,374
44,117,372
44,118,374
44,119,368
44,120,375
44,121,381
44,122,380
44,123,383
44,124,383
44,125,391
44,126,376
44,127,371
44,128,379
44,129,378
44,130,382
44,131,389
44,132,385
44,133,382
44,134,388
44,135,388
44,136,379
44,137,365
44,138,368
44,139,394
44,140,380
44,141,379
44,142,385
44,143,377
44,144,384
44,145,374
44,146,365
44,147,385
44,148,396
44,149,370
44,150,370
44,151,394
44,152,370
44,153,384
44,154,386
44,155,388
44,156,385
44,157,383
44,158,366
44,159,377
44,160,380
44,161,379
44,162,385
44,163,385
44,164,369
44,165,375
44,166,377
44,167,385
44,168,377
44,169,377
44,170,382
44,171,379
44,172,395
44,173,399
44,174,396
44,175,402
44,176,378
44,177,394
44,178,395
44,179,381
44,180,387
44,181,378
44,182,380
44,183,394
44,184,395
44,185,399
44,186,391
44,187,388
44,188,383
44,189,381
44,190,383
44,191,383
44,192,391
44,193,393
44,194,380
44,195,369
44,196,367
44,197,375
44,198,386
44,199,386
44,200,385
45,1,4
45,2,12
45,3,29
45,4,73
45,5,166
45,6,275
45,7,323
45,8,337
45,9,368
45,10,381
45,11,370
45,12,378
45,13,380
45,14,390
45,15,383
45,16,391
45,17,384
45,18,379
45,19,374
45,20,390
45,21,378
45,22,385
45,23,392
45,24,384
45,25,383
45,26,406
45,27,369
45,28,373
45,29,372
45,30,371
45,31,384
45,32,390
45,33,378
45,34,386
45,35,385
45,36,388
45,37,390
45,38,389
45,39,383
45,40,392
45,41,390
45,42,396
45,43,384
45,44,384
45,45,376
45,46,378
45,47,374
45,48,362
45,49,380
45,50,383
45,51,381
45,52,377
45,53,379
45,54,384
45,55,388
45,56,393
45,57,385
45,58,383
45,59,389
45,60,365
45,61,386
45,62,380
45,63,364
45,64,373
45,65,399
45,66,400
45,67,377
45,68,374
45,69,384
45,70,397
45,71,390
45,72,388
45,73,382
45,74,377
45,75,394
45,76,364
45,77,368
45,78,379
45,79,372
45,80,368
45,81,367
45,82,368
45,83,370
45,84,372
45,85,382
45,86,375
45,87,380
45,88,374
45,89,380
45,90,397
45,91,379
45,92,371
45,93,379
45,94,382
45,95,367
45,96,382
45,97,388
45,98,387
45,99,382
45,100,390
45,101,381
45,102,389
45,103,383
45,104,381
45,105,391
45,106,394
45,107,388
45,108,381
45,109,375
45,110,382
45,111,385
45,112,367
45,113,371
45,114,375
45,115,362
45,116,383
45,117,378
45,118,389
45,119,383
45,120,374
45,121,380
45,122,391
45,123,384
45,124,383
45,125,391
45,126,373
45,127,387
45,128,379
45,129,381
45,130,376
45,131,376
45,132,393
45,133,378
45,134,372
45,135,378
45,136,382
45,137,373
45,138,378
45,139,376
45,140,400
45,141,382
45,142,375
45,143,374
45,144,397
45,145,387
45,146,383
45,147,388
45,148,369
45,149,377
45,150,375
45,151,392
45,152,386
45,153,378
45,154,402
45,155,387
45,156,382
45,157,382
45,158,391
45,159,390
45,160,387
45,161,370
45,162,372
45,163,384
45,164,388
45,165,384
45,166,386
45,167,379
45,168,395
45,169,383
45,170,385
45,171,394
45,172,377
45,173,389
45,174,373
45,175,378
45,176,383
45,177,373
45,178,372
45,179,380
45,180,382
45,181,385
45,182,374
45,183,378
45,184,370
45,185,385
45,186,388
45,187,392
45,188,389
45,189,384
45,190,396
45,191,386
45,192,379
45,193,385
45,194,382
45,195,374
45,196,371
45,197,374
45,198,370
45,199,381
45,200,377
46,1,2
46,2,5
46,3,11
46,4,25
46,5,57
46,6,121
46,7,222
46,8,309
46,9,362
46,10,356
46,11,373
46,12,388
46,13,391
46,14,389
46,15,374
46,16,368
46,17,368
46,18,370
46,19,363
46,20,370
46,21,388
46,22,380
46,23,381
46,24,357
46,25,375
46,26,387
46,27,386
46,28,395
46,29,398
46,30,391
46,31,392
46,32,387
46,33,396
46,34,388
46,35,386
46,36,381
46,37,378
46,38,385
46,39,388
46,40,383
46,41,376
46,42,371
46,43,370
46,44,377
46,45,385
46,46,375
46,47,378
46,48,380
46,49,389
46,50,379
46,51,377
46,52,380
46,53,374
46,54,367
46,55,385
46,56,389
46,57,405
46,58,389
46,59,381
46,60,376
46,61,383
46,62,364
46,63,378
46,64,388
46,65,366
46,66,366
46,67,390
46,68,379
46,69,375
46,70,388
46,71,388
46,72,396
46,73,392
46,74,378
46,75,388
46,76,386
46,77,381
46,78,393
46,79,399
46,80,388
46,81,384
46,82,381
46,83,376
46,84,375
46,85,390
46,86,383
46,87,379
46,88,384
46,89,384
46,90,381
46,91,374
46,92,379
46,93,374
46,94,370
46,95,382
46,96,372
46,97,365
46,98,390
46,99,382
46,100,374
46,101,374
46,102,371
46,103,387
46,104,380
46,105,375
46,106,377
46,107,383
46,108,385
46,109,385
46,110,378
46,111,385
46,112,399
46,113,397
46,114,391
46,115,384
46,116,371
46,117,384
46,118,385
46,119,379
46,120,381
46,121,370
46,122,383
46,123,369
46,124,381
46,125,377
46,126,371
46,127,387
46,128,381
46,129,385
46,130,382
46,131,386
46,132,377
46,133,372
46,134,384
46,135,397
46,136,376
46,137,393
46,138,382
46,139,382
46,140,373
46,141,391
46,142,389
46,143,387
46,144,380
46,145,371
46,146,376
46,147,375
46,148,376
46,149,383
46,150,382
46,151,395
46,152,386
46,153,372
46,154,371
46,155,384
46,156,372
46,157,376
46,158,384
46,159,386
46,160,399
46,161,385
46,162,382
46,163,380
46,164,363
46,165,373
46,166,369
46,167,385
46,168,382
46,169,387
46,170,388
46,171,387
46,172,371
46,173,376
46,174,388
46,175,384
46,176,379
46,177,385
46,178,392
46,179,377
46,180,385
46,181,394
46,182,379
46,183,371
46,184,387
46,185,393
46,186,384
46,187,391
46,188,382
46,189,399
46,190,393
46,191,386
46,192,396
46,193,390
46,194,365
46,195,381
46,196,400
46,197,382
46,198,386
46,199,369
46,200,393
47,1,3
47,2,5
47,3,9
47,4,20
47,5,52
47,6,111
47,7,205
47,8,295
47,9,365
47,10,367
47,11,366
47,12,371
47,13,373
47,14,368
47,15,389
47,16,381
47,17,385
47,18,375
47,19,386
47,20,378
47,21,382
47,22,390
47,23,373
47,24,389
47,25,384
47,26,381
47,27,381
47,28,381
47,29,383
47,30,365
47,31,369
47,32,375
47,33,372
47,34,386
47,35,370
47,36,376
47,37,385
47,38,385
47,39,390
47,40,391
47,41,373
47,42,370
47,43,379
47,44,398
47,45,385
47,46,382
47,47,376
47,48,384
47,49,388
47,50,386
47,51,392
47,52,376
47,53,362
47,54,359
47,55,378
47,56,391
47,57,392
47,58,376
47,59,391
47,60,377
47,61,385
47,62,379
47,63,366
47,64,383
47,65,378
47,66,381
47,67,384
47,68,369
47,69,379
47,70,370
47,71,390
47,72,382
47,73,368
47,74,378
47,75,393
47,76,395
47,77,386
47,78,400
47,79,386
47,80,382
47,81,388
47,82,383
47,83,395
47,84,389
47,85,381
47,86,388
47,87,378
47,88,375
47,89,377
47,90,381
47,91,384
47,92,371
47,93,387
47,94,394
47,95,377
47,96,380
47,97,393
47,98,385
47,99,386
47,100,387
47,101,390
47,102,384
47,103,382
47,104,390
47,105,383
47,106,374
47,107,388
47,108,377
47,109,378
47,110,376
47,111,384
47,112,395
47,113,387
47,114,377
47,115,380
47,116,394
47,117,384
47,118,387
47,119,376
47,120,385
47,121,377
47,122,372
47,123,371
47,124,381
47,125,389
47,126,388
47,127,391
47,128,382
47,129,379
47,130,391
47,131,376
47,132,387
47,133,382
47,134,392
47,135,381
47,136,379
47,137,388
47,138,395
47,139,384
47,140,377
47,141,392
47,142,384
47,143,376
47,144,376
47,145,384
47,146,377
47,147,396
47,148,400
47,149,378
47,150,389
47,151,374
47,152,377
47,153,393
47,154,356
47,155,371
47,156,389
47,157,397
47,158,389
47,159,380
47,160,375
47,161,385
47,162,380
47,163,369
47,164,380
47,165,390
47,166,387
47,167,382
47,168,368
47,169,383
47,170,382
47,171,385
47,172,374
47,173,372
47,174,390
47,175,395
47,176,369
47,177,392
47,178,388
47,179,397
47,180,388
47,181,387
47,182,379
47,183,384
47,184,386
47,185,379
47,186,383
47,187,385
47,188,398
47,189,383
47,190,388
47,191,373
47,192,384
47,193,376
47,194,393
47,195,375
47,196,378
47,197,375
47,198,377
47,199,389
47,200,385
48,1,2
48,2,5
48,3,13
48,4,26
48,5,65
48,6,136
48,7,228
48,8,315
48,9,365
48,10,376
48,11,389
48,12,373
48,13,386
48,14,385
48,15,374
48,16,366
48,17,368
48,18,376
48,19,386
48,20,379
48,21,376
48,22,370
48,23,381
48,24,359
48,25,371
48,26,388
48,27,397
48,28,389
48,29,387
48,30,377
48,31,389
48,32,389
48,33,391
48,34,373
48,35,387
48,36,371
48,37,384
48,38,374
48,39,388
48,40,401
48,41,372
48,42,380
48,43,387
48,44,379
48,45,370
48,46,373
48,47,368
48,48,375
48,49,390
48,50,385
48,51,377
48,52,397
48,53,401
48,54,394
48,55,388
48,56,379
48,57,382
48,58,376
48,59,390
48,60,372
48,61,381
48,62,378
48,63,380
48,64,379
48,65,393
48,66,377
48,67,363
48,68,375
48,69,377
48,70,378
48,71,376
48,72,376
48,73,388
48,74,385
48,75,378
48,76,385
48,77,398
48,78,382
48,79,369
48,80,388
48,81,401
48,82,390
48,83,390
48,84,384
48,85,382
48,86,394
48,87,386
48,88,389
48,89,393
48,90,383
48,91,369
48,92,365
48,93,376
48,94,367
48,95,380
48,96,378
48,97,375
48,98,377
48,99,389
48,100,373
48,101,376
48,102,377
48,103,379
48,104,385
48,105,379
48,106,382
48,107,384
48,108,388
48,109,384
48,110,385
48,111,390
48,112,378
48,113,382
48,114,378
48,115,389
48,116,388
48,117,382
48,118,387
48,119,398
48,120,374
48,121,389
48,122,370
48,123,370
48,124,373
48,125,380
48,126,387
48,127,385
48,128,388
48,129,372
48,130,377
48,131,371
48,132,372
48,133,385
48,134,382
48,135,389
48,136,383
48,137,389
48,138,374
48,139,352
48,140,369
48,141,369
48,142,381
48,143,376
48,144,385
48,145,395
48,146,388
48,147,379
48,148,385
48,149,369
48,150,378
48,151,377
48,152,379
48,153,372
48,154,388
48,155,377
48,156,375
48,157,376
48,158,384
48,159,377
48,160,389
48,161,374
48,162,374
48,163,387
48,164,376
48,165,388
48,166,379
48,167,373
48,168,366
48,169,370
48,170,380
48,171,371
48,172,390
48,173,383
48,174,378
48,175,385
48,176,383
48,177,377
48,178,375
48,179,382
48,180,378
48,181,373
48,182,380
48,183,389
48,184,371
48,185,368
48,186,383
48,187,373
48,188,388
48,189,383
48,190,382
48,191,387
48,192,391
48,193,376
48,194,365
48,195,352
48,196,368
48,197,380
48,198,362
48,199,385
48,200,387
49,1,1
49,2,1
49,3,2
49,4,5
49,5,13
49,6,37
49,7,81
49,8,156
49,9,247
49,10,337
49,11,360
49,12,373
49,13,378
49,14,379
49,15,380
49,16,372
49,17,386
49,18,391
49,19,378
49,20,383
49,21,355
49,22,386
49,23,382
49,24,379
49,25,379
49,26,390
49,27,385
49,28,385
49,29,384
49,30,376
49,31,375
49,32,369
49,33,372
49,34,377
49,35,377
49,36,377
49,37,371
49,38,375
49,39,381
49,40,357
49,41,357
49,42,374
49,43,385
49,44,374
49,45,375
49,46,382
49,47,384
49,48,380
49,49,384
49,50,373
49,51,383
49,52,387
49,53,385
49,54,392
49,55,374
49,56,372
49,57,380
49,58,375
49,59,373
49,60,359
49,61,378
49,62,393
49,63,391
49,64,397
49,65,385
49,66,378
49,67,380
49,68,370
49,69,382
49,70,367
49,71,398
49,72,389
49,73,380
49,74,380
49,75,373
49,76,374
49,77,392
49,78,386
49,79,395
49,80,388
49,81,387
49,82,378
49,83,391
49,84,396
49,85,393
49,86,381
49,87,378
49,88,363
49,89,396
49,90,373
49,91,377
49,92,388
49,93,381
49,94,394
49,95,379
49,96,378
49,97,386
49,98,384
49,99,388
49,100,380
49,101,377
49,102,382
49,103,381
49,104,380
49,105,379
49,106,372
49,107,363
49,108,370
49,109,384
49,110,385
49,111,380
49,112,371
49,113,382
49,114,382
49,115,394
49,116,376
49,117,368
49,118,379
49,119,380
49,120,378
49,121,381
49,122,397
49,123,382
49,124,381
49,125,390
49,126,377
49,127,400
49,128,389
49,129,372
49,130,384
49,131,377
49,132,371
49,133,381
49,134,383
49,135,384
49,136,383
49,137,382
49,138,387
49,139,364
49,140,373
49,141,367
49,142,380
49,143,380
49,144,380
49,145,384
49,146,365
49,147,367
49,148,374
49,149,381
49,150,385
49,151,387
49,152,370
49,153,375
49,154,381
49,155,381
49,156,389
49,157,371
49,158,388
49,159,373
49,160,362
49,161,364
49,162,381
49,163,366
49,164,380
49,165,393
49,166,383
49,167,385
49,168,368
49,169,386
49,170,371
49,171,378
49,172,370
49,173,369
49,174,382
49,175,381
49,176,387
49,177,371
49,178,393
49,179,373
49,180,366
49,181,387
49,182,383
49,183,383
49,184,395
49,185,378
49,186,373
49,187,377
49,188,378
49,189,387
49,190,397
49,191,372
49,192,373
49,193,375
49,194,383
49,195,400
49,196,380
49,197,381
49,198,376
49,199,368
49,200,373
50,1,3
50,2,7
50,3,15
50,4,36
50,5,75
50,6,146
50,7,243
50,8,326
50,9,385
50,10,381
50,11,385
50,12,380
50,13,380
50,14,385
50,15,376
50,16,388
50,17,376
50,18,389
50,19,386
50,20,387
50,21,378
50,22,379
50,23,392
50,24,393
50,25,377
50,26,391
50,27,395
50,28,392
50,29,372
50,30,382
50,31,393
50,32,382
50,33,378
50,34,389
50,35,373
50,36,374
50,37,378
50,38,374
50,39,369
50,40,378
50,41,379
50,42,393
50,43,382
50,44,392
50,45,384
50,46,372
50,47,370
50,48,381
50,49,381
50,50,373
50,51,382
50,52,372
50,53,367
50,54,394
50,55,391
50,56,368
50,57,376
50,58,371
50,59,371
50,60,376
50,61,385
50,62,391
50,63,390
50,64,381
50,65,363
50,66,387
50,67,374
50,68,389
50,69,376
50,70,382
50,71,382
50,72,390
50,73,391
50,74,371
50,75,374
50,76,370
50,77,376
50,78,370
50,79,395
50,80,377
50,81,374
50,82,379
50,83,383
50,84,378
50,85,389
50,86,393
50,87,388
50,88,392
50,89,387
50,90,397
50,91,390
50,92,390
50,93,379
50,94,388
50,95,398
50,96,380
50,97,389
50,98,379
50,99,376
50,100,370
50,101,372
50,102,370
50,103,376
50,104,377
50,105,377
50,106,394
50,107,367
50,108,384
50,109,378
50,110,390
50,111,376
50,112,388
50,113,382
50,114,386
50,115,385
50,116,373
50,117,388
50,118,385
50,119,369
50,120,382
50,121,372
50,122,371
50,123,374
50,124,377
50,125,376
50,126,391
50,127,386
50,128,377
50,129,381
50,130,371
50,131,370
50,132,370
50,133,377
50,134,378
50,135,385
50,136,374
50,137,368
50,138,376
50,139,390
50,140,377
50,141,373
50,142,382
50,143,381
50,144,374
50,145,371
50,146,388
50,147,384
50,148,369
50,149,383
50,150,383
50,151,389
50,152,394
50,153,382
50,154,382
50,155,384
50,156,398
50,157,369
50,158,373
50,159,382
50,160,384
50,161,380
50,162,377
50,163,374
50,164,366
50,165,376
50,166,386
50,167,378
50,168,390
50,169,382
50,170,387
50,171,370
50,172,372
50,173,387
50,174,369
50,175,362
50,176,373
50,177,374
50,178,379
50,179,374
50,180,383
50,181,381
50,182,386
50,183,387
50,184,389
50,185,380
50,186,389
50,187,378
50,188,381
50,189,377
50,190,376
50,191,382
50,192,367
50,193,379
50,194,378
50,195,390
50,196,380
50,197,376
50,198,377
50,199,385
50,200,380
51,1,1
51,2,2
51,3,3
51,4,6
51,5,16
51,6,41
51,7,80
51,8,160
51,9,267
51,10,349
51,11,385
51,12,372
51,13,386
51,14,372
51,15,384
51,16,389
51,17,379
51,18,370
51,19,390
51,20,394
51,21,379
51,22,391
51,23,385
51,24,378
51,25,374
51,26,374
51,27,374
51,28,374
51,29,364
51,30,366
51,31,389
51,32,387
51,33,377
51,34,369
51,35,374
51,36,379
51,37,393
51,38,377
51,39,383
51,40,390
51,41,382
51,42,369
51,43,372
51,44,395
51,45,375
51,46,370
51,47,382
51,48,381
51,49,399
51,50,389
51,51,384
51,52,384
51,53,382
51,54,388
51,55,380
51,56,395
51,57,395
51,58,398
51,59,382
51,60,385
51,61,381
51,62,367
51,63,375
51,64,389
51,65,388
51,66,388
51,67,383
51,68,377
51,69,375
51,70,370
51,71,391
51,72,387
51,73,391
51,74,386
51,75,380
51,76,372
51,77,374
51,78,371
51,79,376
51,80,368
51,81,378
51,82,389
51,83,382
51,84,389
51,85,395
51,86,378
51,87,390
51,88,390
51,89,376
51,90,376
51,91,373
51,92,378
51,93,388
51,94,388
51,95,384
51,96,372
51,97,388
51,98,374
51,99,371
51,100,379
51,101,377
51,102,389
51,103,380
51,104,379
51,105,386
51,106,389
51,107,378
51,108,374
51,109,381
51,110,388
51,111,393
51,112,387
51,113,389
51,114,379
51,115,379
51,116,384
51,117,369
51,118,377
51,119,387
51,120,381
51,121,388
51,122,398
51,123,387
51,124,385
51,125,385
51,126,377
51,127,393
51,128,370
51,129,375
51,130,374
51,131,374
51,132,373
51,133,377
51,134,376
51,135,373
51,136,375
51,137,381
51,138,395
51,139,373
51,140,383
51,141,387
51,142,388
51,143,381
51,144,382
51,145,395
51,146,379
51,147,377
51,148,375
51,149,387
51,150,369
51,151,384
51,152,376
51,153,385
51,154,376
51,155,380
51,156,376
51,157,380
51,158,391
51,159,389
51,160,368
51,161,385
51,162,390
51,163,393
51,164,375
51,165,380
51,166,371
51,167,392
51,168,377
51,169,382
51,170,391
51,171,382
51,172,384
51,173,373
51,174,383
51,175,383
51,176,375
51,177,384
51,178,379
51,179,389
51,180,382
51,181,380
51,182,383
51,183,377
51,184,378
51,185,399
51,186,377
51,187,390
51,188,381
51,189,377
51,190,376
51,191,374
51,192,373
51,193,379
51,194,383
51,195,391
51,196,401
51,197,380
51,198,389
51,199,383
51,200,365
52,1,3
52,2,11
52,3,22
52,4,43
52,5,91
52,6,169
52,7,270
52,8,369
52,9,377
52,10,372
52,11,381
52,12,383
52,13,396
52,14,391
52,15,380
52,16,367
52,17,383
52,18,371
52,19,385
52,20,382
52,21,380
52,22,371
52,23,390
52,24,384
52,25,380
52,26,385
52,27,369
52,28,376
52,29,389
52,30,377
52,31,373
52,32,379
52,33,378
52,34,382
52,35,376
52,36,376
52,37,365
52,38,386
52,39,382
52,40,378
52,41,375
52,42,372
52,43,373
52,44,386
52,45,375
52,46,363
52,47,361
52,48,380
52,49,391
52,50,376
52,51,380
52,52,374
52,53,384
52,54,393
52,55,381
52,56,376
52,57,386
52,58,393
52,59,370
52,60,374
52,61,390
52,62,384
52,63,383
52,64,372
52,65,377
52,66,386
52,67,385
52,68,384
52,69,383
52,70,375
52,71,374
52,72,365
52,73,384
52,74,388
52,75,363
52,76,376
52,77,387
52,78,373
52,79,377
52,80,383
52,81,393
52,82,388
52,83,394
52,84,384
52,85,396
52,86,378
52,87,398
52,88,385
52,89,384
52,90,390
52,91,395
52,92,389
52,93,391
52,94,397
52,95,394
52,96,382
52,97,376
52,98,382
52,99,382
52,100,384
52,101,366
52,102,397
52,103,378
52,104,364
52,105,370
52,106,369
52,107,362
52,108,380
52,109,366
52,110,380
52,111,370
52,112,365
52,113,376
52,114,387
52,115,397
52,116,393
52,117,375
52,118,367
52,119,378
52,120,387
52,121,381
52,122,371
52,123,379
52,124,383
52,125,378
52,126,382
52,127,362
52,128,372
52,129,386
52,130,375
52,131,382
52,132,391
52,133,378
52,134,367
52,135,378
52,136,388
52,137,381
52,138,382
52,139,399
52,140,387
52,141,393
52,142,371
52,143,383
52,144,379
52,145,372
52,146,378
52,147,376
52,148,378
52,149,396
52,150,382
52,151,380
52,152,385
52,153,380
52,154,366
52,155,365
52,156,388
52,157,375
52,158,390
52,159,389
52,160,380
52,161,383
52,162,378
52,163,382
52,164,383
52,165,383
52,166,382
52,167,387
52,168,369
52,169,391
52,170,377
52,171,377
52,172,378
52,173,389
52,174,390
52,175,388
52,176,389
52,177,368
52,178,374
52,179,381
52,180,381
52,181,380
52,182,392
52,183,375
52,184,389
52,185,373
52,186,388
52,187,383
52,188,384
52,189,388
52,190,392
52,191,384
52,192,376
52,193,376
52,194,400
52,195,387
52,196,370
52,197,383
52,198,393
52,199,373
52,200,372
53,1,1
53,2,2
53,3,3
53,4,5
53,5,11
53,6,24
53,7,57
53,8,127
53,9,201
53,10,287
53,11,336
53,12,359
53,13,380
53,14,378
53,15,370
53,16,383
53,17,383
53,18,380
53,19,376
53,20,376
53,21,371
53,22,392
53,23,371
53,24,368
53,25,358
53,26,373
53,27,378
53,28,379
53,29,372
53,30,376
53,31,383
53,32,381
53,33,380
53,34,388
53,35,391
53,36,373
53,37,376
53,38,363
53,39,371
53,40,366
53,41,369
53,42,368
53,43,374
53,44,372
53,45,372
53,46,378
53,47,373
53,48,378
53,49,382
53,50,360
53,51,370
53,52,363
53,53,393
53,54,394
53,55,382
53,56,379
53,57,385
53,58,390
53,59,390
53,60,371
53,61,380
53,62,376
53,63,382
53,64,395
53,65,388
53,66,383
53,67,393
53,68,388
53,69,369
53,70,378
53,71,389
53,72,381
53,73,376
53,74,385
53,75,372
53,76,368
53,77,383
53,78,377
53,79,386
53,80,392
53,81,389
53,82,378
53,83,380
53,84,368
53,85,373
53,86,372
53,87,393
53,88,375
53,89,377
53,90,387
53,91,380
53,92,378
53,93,378
53,94,372
53,95,383
53,96,379
53,97,377
53,98,377
53,99,391
53,100,385
53,101,378
53,102,376
53,103,379
53,104,380
53,105,378
53,106,371
53,107,368
53,108,366
53,109,350
53,110,376
53,111,363
53,112,370
53,113,373
53,114,369
53,115,376
53,116,378
53,117,382
53,118,378
53,119,373
53,120,374
53,121,377
53,122,366
53,123,378
53,124,382
53,125,381
53,126,372
53,127,372
53,128,382
53,129,387
53,130,382
53,131,387
53,132,377
53,133,386
53,134,388
53,135,379
53,136,386
53,137,379
53,138,379
53,139,364
53,140,375
53,141,375
53,142,387
53,143,377
53,144,389
53,145,378
53,146,381
53,147,383
53,148,388
53,149,389
53,150,377
53,151,386
53,152,363
53,153,370
53,154,380
53,155,393
53,156,395
53,157,373
53,158,396
53,159,373
53,160,385
53,161,377
53,162,376
53,163,372
53,164,384
53,165,380
53,166,390
53,167,390
53,168,377
53,169,380
53,170,373
53,171,386
53,172,378
53,173,374
53,174,388
53,175,384
53,176,394
53,177,388
53,178,368
53,179,380
53,180,369
53,181,377
53,182,385
53,183,390
53,184,378
53,185,386
53,186,376
53,187,390
53,188,385
53,189,382
53,190,382
53,191,368
53,192,384
53,193,375
53,194,366
53,195,369
53,196,386
53,197,375
53,198,381
53,199,390
53,200,379
54,1,4
54,2,10
54,3,17
54,4,36
54,5,90
54,6,187
54,7,274
54,8,335
54,9,353
54,10,380
54,11,380
54,12,376
54,13,376
54,14,390
54,15,357
54,16,380
54,17,375
54,18,380
54,19,393
54,20,372
54,21,374
54,22,380
54,23,375
54,24,385
54,25,373
54,26,378
54,27,377
54,28,382
54,29,373
54,30,376
54,31,378
54,32,372
54,33,382
54,34,384
54,35,393
54,36,380
54,37,382
54,38,366
54,39,372
54,40,373
54,41,385
54,42,382
54,43,372
54,44,389
54,45,408
54,46,380
54,47,377
54,48,388
54,49,376
54,50,389
54,51,384
54,52,394
54,53,387
54,54,383
54,55,393
54,56,387
54,57,391
54,58,380
54,59,385
54,60,380
54,61,382
54,62,384
54,63,385
54,64,384
54,65,382
54,66,385
54,67,382
54,68,390
54,69,384
54,70,396
54,71,399
54,72,387
54,73,394
54,74,390
54,75,385
54,76,393
54,77,378
54,78,376
54,79,387
54,80,383
54,81,383
54,82,381
54,83,385
54,84,385
54,85,373
54,86,396
54,87,380
54,88,370
54,89,381
54,90,400
54,91,393
54,92,386
54,93,388
54,94,395
54,95,387
54,96,382
54,97,402
54,98,405
54,99,378
54,100,376
54,101,383
54,102,394
54,103,387
54,104,389
54,105,386
54,106,377
54,107,378
54,108,375
54,109,389
54,110,390
54,111,378
54,112,393
54,113,392
54,114,389
54,115,394
54,116,377
54,117,388
54,118,394
54,119,379
54,120,376
54,121,374
54,122,379
54,123,384
54,124,380
54,125,383
54,126,381
54,127,393
54,128,388
54,129,383
54,130,385
54,131,372
54,132,374
54,133,381
54,134,376
54,135,388
54,136,387
54,137,394
54,138,379
54,139,368
54,140,374
54,141,389
54,142,372
54,143,381
54,144,391
54,145,386
54,146,368
54,147,380
54,148,376
54,149,385
54,150,375
54,151,393
54,152,385
54,153,396
54,154,406
54,155,392
54,156,380
54,157,384
54,158,384
54,159,388
54,160,383
54,161,378
54,162,383
54,163,379
54,164,370
54,165,386
54,166,386
54,167,384
54,168,383
54,169,368
54,170,378
54,171,387
54,172,375
54,173,382
54,174,375
54,175,372
54,176,385
54,177,383
54,178,393
54,179,379
54,180,387
54,181,370
54,182,368
54,183,376
54,184,374
54,185,390
54,186,390
54,187,391
54,188,375
54,189,394
54,190,359
54,191,373
54,192,374
54,193,376
54,194,364
54,195,401
54,196,393
54,197,389
54,198,381
54,199,376
54,200,387
55,1,2
55,2,6
55,3,12
55,4,25
55,5,54
55,6,120
55,7,224
55,8,325
55,9,352
55,10,381
55,11,375
55,12,386
55,13,373
55,14,366
55,15,384
55,16,372
55,17,381
55,18,383
55,19,379
55,20,382
55,21,387
55,22,382
55,23,390
55,24,372
55,25,382
55,26,374
55,27,386
55,28,388
55,29,389
55,30,385
55,31,382
55,32,377
55,33,364
55,34,367
55,35,394
55,36,391
55,37,371
55,38,361
55,39,377
55,40,391
55,41,380
55,42,366
55,43,367
55,44,385
55,45,385
55,46,377
55,47,379
55,48,380
55,49,389
55,50,393
55,51,371
55,52,390
55,53,379
55,54,379
55,55,376
55,56,381
55,57,390
55,58,377
55,59,381
55,60,398
55,61,378
55,62,399
55,63,389
55,64,375
55,65,376
55,66,395
55,67,392
55,68,383
55,69,381
55,70,383
55,71,379
55,72,395
55,73,389
55,74,379
55,75,375
55,76,394
55,77,386
55,78,381
55,79,376
55,80,375
55,81,380
55,82,383
55,83,402
55,84,379
55,85,382
55,86,385
55,87,392
55,88,390
55,89,375
55,90,372
55,91,382
55,92,393
55,93,384
55,94,385
55,95,379
55,96,368
55,97,371
55,98,383
55,99,372
55,100,393
55,101,377
55,102,375
55,103,391
55,104,375
55,105,379
55,106,382
55,107,376
55,108,378
55,109,376
55,110,375
55,111,389
55,112,399
55,113,373
55,114,381
55,115,368
55,116,390
55,117,379
55,118,373
55,119,378
55,120,364
55,121,387
55,122,381
55,123,389
55,124,389
55,125,383
55,126,391
55,127,385
55,128,379
55,129,384
55,130,382
55,131,380
55,132,387
55,133,375
55,134,378
55,135,380
55,136,377
55,137,389
55,138,373
55,139,376
55,140,383
55,141,389
55,142,381
55,143,381
55,144,386
55,145,370
55,146,378
55,147,362
55,148,370
55,149,379
55,150,377
55,151,386
55,152,385
55,153,374
55,154,366
55,155,381
55,156,380
55,157,376
55,158,389
55,159,381
55,160,377
55,161,371
55,162,389
55,163,372
55,164,376
55,165,386
55,166,386
55,167,378
55,168,367
55,169,368
55,170,390
55,171,374
55,172,379
55,173,381
55,174,389
55,175,379
55,176,378
55,177,399
55,178,388
55,179,370
55,180,387
55,181,391
55,182,380
55,183,381
55,184,374
55,185,391
55,186,394
55,187,386
55,188,378
55,189,392
55,190,380
55,191,371
55,192,389
55,193,381
55,194,374
55,195,386
55,196,380
55,197,380
55,198,376
55,199,395
55,200,374
56,1,1
56,2,4
56,3,15
56,4,40
56,5,96
56,6,172
56,7,271
56,8,349
56,9,354
56,10,384
56,11,389
56,12,380
56,13,373
56,14,377
56,15,405
56,16,386
56,17,384
56,18,379
56,19,382
56,20,364
56,21,381
56,22,381
56,23,377
56,24,390
56,25,386
56,26,383
56,27,368
56,28,379
56,29,372
56,30,389
56,31,373
56,32,376
56,33,388
56,34,374
56,35,385
56,36,384
56,37,382
56,38,400
56,39,387
56,40,396
56,41,400
56,42,392
56,43,383
56,44,389
56,45,389
56,46,381
56,47,387
56,48,377
56,49,381
56,50,384
56,51,385
56,52,397
56,53,385
56,54,398
56,55,384
56,56,380
56,57,392
56,58,384
56,59,394
56,60,379
56,61,379
56,62,384
56,63,379
56,64,383
56,65,376
56,66,370
56,67,390
56,68,382
56,69,388
56,70,391
56,71,383
56,72,388
56,73,379
56,74,384
56,75,381
56,76,377
56,77,389
56,78,378
56,79,377
56,80,393
56,81,395
56,82,374
56,83,377
56,84,382
56,85,377
56,86,378
56,87,374
56,88,375
56,89,377
56,90,377
56,91,366
56,92,368
56,93,382
56,94,386
56,95,395
56,96,370
56,97,379
56,98,395
56,99,386
56,100,386
56,101,377
56,102,386
56,103,371
56,104,372
56,105,376
56,106,381
56,107,390
56,108,382
56,109,378
56,110,394
56,111,381
56,112,372
56,113,389
56,114,383
56,115,372
56,116,374
56,117,382
56,118,387
56,119,373
56,120,371
56,121,372
56,122,374
56,123,389
56,124,382
56,125,385
56,126,386
56,127,380
56,128,365
56,129,370
56,130,393
56,131,389
56,132,392
56,133,375
56,134,371
56,135,375
56,136,379
56,137,377
56,138,369
56,139,371
56,140,375
56,141,380
56,142,377
56,143,389
56,144,376
56,145,380
56,146,381
56,147,381
56,148,387
56,149,399
56,150,391
56,151,382
56,152,379
56,153,376
56,154,381
56,155,372
56,156,371
56,157,385
56,158,365
56,159,386
56,160,364
56,161,385
56,162,401
56,163,373
56,164,378
56,165,394
56,166,388
56,167,385
56,168,377
56,169,371
56,170,390
56,171,379
56,172,388
56,173,383
56,174,379
56,175,367
56,176,375
56,177,375
56,178,380
56,179,387
56,180,384
56,181,384
56,182,378
56,183,383
56,184,389
56,185,383
56,186,379
56,187,390
56,188,405
56,189,388
56,190,378
56,191,378
56,192,379
56,193,386
56,194,382
56,195,374
56,196,389
56,197,390
56,198,385
56,199,384
56,200,387
57,1,2
57,2,3
57,3,10
57,4,20
57,5,51
57,6,118
57,7,224
57,8,306
57,9,364
57,10,377
57,11,378
57,12,379
57,13,376
57,14,393
57,15,382
57,16,381
57,17,382
57,18,381
57,19,382
57,20,389
57,21,390
57,22,407
57,23,392
57,24,377
57,25,383
57,26,378
57,27,364
57,28,391
57,29,388
57,30,370
57,31,390
57,32,395
57,33,384
57,34,369
57,35,394
57,36,372
57,37,368
57,38,375
57,39,379
57,40,385
57,41,399
57,42,381
57,43,385
57,44,380
57,45,381
57,46,382
57,47,386
57,48,380
57,49,382
57,50,376
57,51,365
57,52,380
57,53,379
57,54,391
57,55,387
57,56,378
57,57,373
57,58,385
57,59,388
57,60,396
57,61,381
57,62,394
57,63,403
57,64,380
57,65,378
57,66,373
57,67,366
57,68,380
57,69,382
57,70,378
57,71,388
57,72,389
57,73,382
57,74,376
57,75,376
57,76,368
57,77,387
57,78,384
57,79,382
57,80,395
57,81,388
57,82,379
57,83,379
57,84,376
57,85,391
57,86,384
57,87,379
57,88,381
57,89,391
57,90,389
57,91,377
57,92,387
57,93,389
57,94,381
57,95,375
57,96,367
57,97,381
57,98,381
57,99,374
57,100,371
57,101,369
57,102,373
57,103,355
57,104,385
57,105,378
57,106,390
57,107,386
57,108,380
57,109,381
57,110,386
57,111,378
57,112,363
57,113,385
57,114,387
57,115,398
57,116,369
57,117,385
57,118,378
57,119,373
57,120,375
57,121,391
57,122,392
57,123,383
57,124,376
57,125,388
57,126,381
57,127,382
57,128,390
57,129,375
57,130,401
57,131,378
57,132,364
57,133,381
57,134,387
57,135,367
57,136,377
57,137,374
57,138,369
57,139,391
57,140,381
57,141,377
57,142,384
57,143,379
57,144,385
57,145,386
57,146,381
57,147,373
57,148,375
57,149,375
57,150,390
57,151,370
57,152,401
57,153,395
57,154,383
57,155,377
57,156,389
57,157,382
57,158,379
57,159,377
57,160,387
57,161,374
57,162,378
57,163,383
57,164,370
57,165,372
57,166,392
57,167,378
57,168,370
57,169,383
57,170,388
57,171,395
57,172,378
57,173,380
57,174,377
57,175,376
57,176,379
57,177,378
57,178,383
57,179,361
57,180,374
57,181,374
57,182,371
57,183,380
57,184,380
57,185,372
57,186,381
57,187,376
57,188,383
57,189,381
57,190,392
57,191,376
57,192,377
57,193,373
57,194,382
57,195,369
57,196,381
57,197,396
57,198,374
57,199,387
57,200,381
58,1,1
58,2,3
58,3,9
58,4,22
58,5,50
58,6,104
58,7,185
58,8,296
58,9,360
58,10,388
58,11,376
58,12,388
58,13,400
58,14,382
58,15,359
58,16,362
58,17,377
58,18,390
58,19,379
58,20,384
58,21,374
58,22,365
58,23,377
58,24,364
58,25,381
58,26,394
58,27,387
58,28,374
58,29,374
58,30,389
58,31,388
58,32,374
58,33,390
58,34,381
58,35,376
58,36,366
58,37,377
58,38,368
58,39,383
58,40,383
58,41,386
58,42,382
58,43,398
58,44,387
58,45,390
58,46,390
58,47,384
58,48,394
58,49,390
58,50,383
58,51,384
58,52,388
58,53,381
58,54,381
58,55,394
58,56,404
58,57,398
58,58,392
58,59,388
58,60,374
58,61,380
58,62,388
58,63,371
58,64,383
58,65,388
58,66,364
58,67,377
58,68,372
58,69,373
58,70,388
58,71,389
58,72,393
58,73,378
58,74,376
58,75,386
58,76,384
58,77,389
58,78,371
58,79,372
58,80,364
58,81,374
58,82,373
58,83,380
58,84,372
58,85,379
58,86,379
58,87,382
58,88,378
58,89,386
58,90,383
58,91,376
58,92,373
58,93,389
58,94,384
58,95,370
58,96,373
58,97,381
58,98,392
58,99,397
58,100,402
58,101,391
58,102,377
58,103,392
58,104,373
58,105,380
58,106,386
58,107,382
58,108,389
58,109,374
58,110,375
58,111,379
58,112,379
58,113,393
58,114,385
58,115,374
58,116,381
58,117,375
58,118,366
58,119,373
58,120,395
58,121,398
58,122,394
58,123,388
58,124,383
58,125,384
58,126,378
58,127,386
58,128,384
58,129,385
58,130,377
58,131,387
58,132,378
58,133,382
58,134,376
58,135,377
58,136,375
58,137,382
58,138,372
58,139,373
58,140,374
58,141,382
58,142,386
58,143,391
58,144,382
58,145,381
58,146,379
58,147,372
58,148,381
58,149,375
58,150,374
58,151,375
58,152,352
58,153,366
58,154,381
58,155,396
58,156,379
58,157,387
58,158,391
58,159,375
58,160,371
58,161,381
58,162,390
58,163,372
58,164,391
58,165,378
58,166,371
58,167,374
58,168,384
58,169,381
58,170,378
58,171,377
58,172,386
58,173,381
58,174,386
58,175,381
58,176,379
58,177,368
58,178,387
58,179,388
58,180,375
58,181,374
58,182,382
58,183,398
58,184,378
58,185,385
58,186,379
58,187,384
58,188,384
58,189,369
58,190,378
58,191,381
58,192,378
58,193,372
58,194,364
58,195,377
58,196,399
58,197,388
58,198,390
58,199,380
58,200,371
59,1,1
59,2,2
59,3,6
59,4,14
59,5,42
59,6,106
59,7,206
59,8,285
59,9,352
59,10,362
59,11,385
59,12,382
59,13,374
59,14,386
59,15,395
59,16,374
59,17,378
59,18,371
59,19,381
59,20,369
59,21,371
59,22,392
59,23,393
59,24,384
59,25,381
59,26,382
59,27,368
59,28,369
59,29,382
59,30,366
59,31,383
59,32,374
59,33,375
59,34,399
59,35,399
59,36,400
59,37,374
59,38,379
59,39,374
59,40,376
59,41,374
59,42,393
59,43,379
59,44,387
59,45,385
59,46,362
59,47,376
59,48,384
59,49,393
59,50,378
59,51,373
59,52,381
59,53,371
59,54,401
59,55,391
59,56,387
59,57,367
59,58,392
59,59,390
59,60,396
59,61,373
59,62,377
59,63,369
59,64,381
59,65,379
59,66,391
59,67,374
59,68,381
59,69,388
59,70,386
59,71,382
59,72,384
59,73,366
59,74,376
59,75,375
59,76,384
59,77,380
59,78,367
59,79,373
59,80,379
59,81,375
59,82,393
59,83,387
59,84,384
59,85,391
59,86,379
59,87,390
59,88,375
59,89,370
59,90,392
59,91,383
59,92,397
59,93,385
59,94,377
59,95,393
59,96,382
59,97,381
59,98,378
59,99,386
59,100,394
59,101,379
59,102,368
59,103,384
59,104,370
59,105,387
59,106,365
59,107,365
59,108,378
59,109,386
59,110,372
59,111,382
59,112,374
59,113,377
59,114,384
59,115,377
59,116,382
59,117,372
59,118,358
59,119,384
59,120,381
59,121,381
59,122,389
59,123,372
59,124,373
59,125,394
59,126,382
59,127,380
59,128,376
59,129,390
59,130,389
59,131,389
59,132,391
59,133,364
59,134,377
59,135,369
59,136,375
59,137,383
59,138,379
59,139,369
59,140,378
59,141,366
59,142,382
59,143,379
59,144,372
59,145,373
59,146,373
59,147,361
59,148,376
59,149,373
59,150,366
59,151,384
59,152,370
59,153,378
59,154,385
59,155,387
59,156,366
59,157,381
59,158,385
59,159,367
59,160,388
59,161,374
59,162,384
59,163,387
59,164,375
59,165,382
59,166,384
59,167,389
59,168,373
59,169,378
59,170,393
59,171,386
59,172,380
59,173,391
59,174,375
59,175,373
59,176,366
59,177,379
59,178,381
59,179,386
59,180,379
59,181,378
59,182,379
59,183,396
59,184,391
59,185,390
59,186,389
59,187,380
59,188,389
59,189,386
59,190,397
59,191,372
59,192,367
59,193,385
59,194,387
59,195,387
59,196,375
59,197,381
59,198,396
59,199,382
59,200,373
60,1,0
60,2,0
60,3,0
60,4,0
60,5,0
60,6,0
60,7,0
60,8,0
60,9,0
60,10,0
60,11,0
60,12,0
60,13,0
60,14,0
60,15,0
60,16,0
60,17,0
60,18,0
60,19,0
60,20,0
60,21,0
60,22,0
60,23,0
60,24,0
60,25,0
60,26,0
60,27,0
60,28,0
60,29,0
60,30,0
60,31,0
60,32,0
60,33,0
60,34,0
60,35,0
60,36,0
60,37,0
60,38,0
60,39,0
60,40,0
60,41,0
60,42,0
60,43,0
60,44,0
60,45,0
60,46,0
60,47,0
60,48,0
60,49,0
60,50,0
60,51,0
60,52,0
60,53,0
60,54,0
60,55,0
60,56,0
60,57,0
60,58,0
60,59,0
60,60,0
60,61,0
60,62,0
60,63,0
60,64,0
60,65,0
60,66,0
60,67,0
60,68,0
60,69,0
60,70,0
60,71,0
60,72,0
60,73,0
60,74,0
60,75,0
60,76,0
60,77,0
60,78,0
60,79,0
60,80,0
60,81,0
60,82,0
60,83,0
60,84,0
60,85,0
60,86,0
60,87,0
60,88,0
60,89,0
60,90,0
60,91,0
60,92,0
60,93,0
60,94,0
60,95,0
60,96,0
60,97,0
60,98,0
60,99,0
60,100,0
60,101,0
60,102,0
60,103,0
60,104,0
60,105,0
60,106,0
60,107,0
60,108,0
60,109,0
60,110,0
60,111,0
60,112,0
60,113,0
60,114,0
60,115,0
60,116,0
60,117,0
60,118,0
60,119,0
60,120,0
60,121,0
60,122,0
60,123,0
60,124,0
60,125,0
60,126,0
60,127,0
60,128,0
60,129,0
60,130,0
60,131,0
60,132,0
60,133,0
60,134,0
60,135,0
60,136,0
60,137,0
60,138,0
60,139,0
60,140,0
60,141,0
60,142,0
60,143,0
60,144,0
60,145,0
60,146,0
60,147,0
60,148,0
60,149,0
60,150,0
60,151,0
60,152,0
60,153,0
60,154,0
60,155,0
60,156,0
60,157,0
60,158,0
60,159,0
60,160,0
60,161,0
60,162,0
60,163,0
60,164,0
60,165,0
60,166,0
60,167,0
60,168,0
60,169,0
60,170,0
60,171,0
60,172,0
60,173,0
60,174,0
60,175,0
60,176,0
60,177,0
60,178,0
60,179,0
60,180,0
60,181,0
60,182,0
60,183,0
60,184,0
60,185,0
60,186,0
60,187,0
60,188,0
60,189,0
60,190,0
60,191,0
60,192,0
60,193,0
60,194,0
60,195,0
60,196,0
60,197,0
60,198,0
60,199,0
60,200,0
61,1,3
61,2,4
61,3,12
61,4,27
61,5,58
61,6,126
61,7,201
61,8,296
61,9,336
61,10,363
61,11,373
61,12,363
61,13,379
61,14,378
61,15,393
61,16,383
61,17,395
61,18,372
61,19,370
61,20,379
61,21,372
61,22,370
61,23,378
61,24,381
61,25,385
61,26,371
61,27,375
61,28,374
61,29,385
61,30,361
61,31,383
61,32,378
61,33,373
61,34,386
61,35,376
61,36,396
61,37,377
61,38,383
61,39,379
61,40,405
61,41,399
61,42,380
61,43,385
61,44,383
61,45,357
61,46,371
61,47,374
61,48,370
61,49,367
61,50,372
61,51,373
61,52,384
61,53,386
61,54,391
61,55,371
61,56,389
61,57,370
61,58,373
61,59,360
61,60,376
61,61,389
61,62,379
61,63,391
61,64,374
61,65,385
61,66,382
61,67,380
61,68,390
61,69,378
61,70,381
61,71,379
61,72,382
61,73,363
61,74,372
61,75,373
61,76,363
61,77,364
61,78,388
61,79,395
61,80,389
61,81,372
61,82,385
61,83,367
61,84,385
61,85,384
61,86,374
61,87,389
61,88,379
61,89,373
61,90,369
61,91,351
61,92,375
61,93,378
61,94,376
61,95,369
61,96,389
61,97,383
61,98,378
61,99,377
61,100,379
61,101,398
61,102,398
61,103,392
61,104,385
61,105,367
61,106,386
61,107,382
61,108,383
61,109,383
61,110,378
61,111,380
61,112,363
61,113,377
61,114,379
61,115,383
61,116,382
61,117,387
61,118,370
61,119,378
61,120,387
61,121,390
61,122,389
61,123,380
61,124,387
61,125,373
61,126,389
61,127,382
61,128,388
61,129,393
61,130,382
61,131,384
61,132,387
61,133,385
61,134,388
61,135,387
61,136,383
61,137,372
61,138,376
61,139,378
61,140,382
61,141,366
61,142,382
61,143,394
61,144,392
61,145,378
61,146,391
61,147,364
61,148,384
61,149,376
61,150,387
61,151,370
61,152,379
61,153,377
61,154,372
61,155,389
61,156,388
61,157,379
61,158,380
61,159,380
61,160,367
61,161,384
61,162,376
61,163,377
61,164,377
61,165,376
61,166,389
61,167,396
61,168,370
61,169,383
61,170,368
61,171,372
61,172,371
61,173,380
61,174,385
61,175,365
61,176,391
61,177,388
61,178,390
61,179,361
61,180,363
61,181,368
61,182,368
61,183,379
61,184,386
61,185,380
61,186,377
61,187,381
61,188,378
61,189,383
61,190,395
61,191,375
61,192,373
61,193,386
61,194,367
61,195,382
61,196,374
61,197,387
61,198,372
61,199,368
61,200,367
62,1,6
62,2,10
62,3,21
62,4,46
62,5,84
62,6,163
62,7,259
62,8,337
62,9,355
62,10,380
62,11,385
62,12,384
62,13,380
62,14,386
62,15,380
62,16,393
62,17,400
62,18,387
62,19,376
62,20,390
62,21,379
62,22,365
62,23,398
62,24,389
62,25,376
62,26,384
62,27,385
62,28,390
62,29,388
62,30,385
62,31,381
62,32,379
62,33,391
62,34,381
62,35,388
62,36,379
62,37,377
62,38,383
62,39,376
62,40,386
62,41,368
62,42,378
62,43,368
62,44,364
62,45,374
62,46,387
62,47,379
62,48,396
62,49,358
62,50,381
62,51,375
62,52,377
62,53,375
62,54,384
62,55,386
62,56,394
62,57,397
62,58,388
62,59,383
62,60,385
62,61,385
62,62,385
62,63,382
62,64,388
62,65,375
62,66,372
62,67,380
62,68,375
62,69,381
62,70,380
62,71,384
62,72,384
62,73,387
62,74,383
62,75,386
62,76,379
62,77,387
62,78,394
62,79,380
62,80,384
62,81,373
62,82,365
62,83,384
62,84,383
62,85,378
62,86,371
62,87,385
62,88,383
62,89,380
62,90,385
62,91,393
62,92,392
62,93,400
62,94,382
62,95,391
62,96,385
62,97,399
62,98,386
62,99,380
62,100,371
62,101,380
62,102,359
62,103,396
62,104,379
62,105,374
62,106,384
62,107,390
62,108,394
62,109,380
62,110,391
62,111,387
62,112,384
62,113,376
62,114,372
62,115,372
62,116,374
62,117,367
62,118,383
62,119,380
62,120,382
62,121,379
62,122,384
62,123,387
62,124,388
62,125,382
62,126,387
62,127,365
62,128,382
62,129,387
62,130,381
62,131,387
62,132,379
62,133,389
62,134,391
62,135,385
62,136,394
62,137,383
62,138,387
62,139,378
62,140,382
62,141,381
62,142,384
62,143,388
62,144,385
62,145,381
62,146,388
62,147,379
62,148,380
62,149,373
62,150,383
62,151,380
62,152,381
62,153,385
62,154,381
62,155,386
62,156,370
62,157,382
62,158,366
62,159,380
62,160,399
62,161,382
62,162,376
62,163,386
62,164,389
62,165,377
62,166,390
62,167,393
62,168,388
62,169,376
62,170,390
62,171,389
62,172,395
62,173,391
62,174,377
62,175,386
62,176,376
62,177,387
62,178,382
62,179,385
62,180,394
62,181,394
62,182,384
62,183,376
62,184,383
62,185,385
62,186,376
62,187,374
62,188,385
62,189,387
62,190,386
62,191,378
62,192,379
62,193,371
62,194,375
62,195,383
62,196,379
62,197,390
62,198,383
62,199,378
62,200,381
63,1,1
63,2,2
63,3,5
63,4,12
63,5,22
63,6,54
63,7,123
63,8,234
63,9,329
63,10,351
63,11,370
63,12,374
63,13,373
63,14,373
63,15,382
63,16,369
63,17,391
63,18,384
63,19,372
63,20,382
63,21,386
63,22,378
63,23,389
63,24,396
63,25,394
63,26,372
63,27,376
63,28,376
63,29,402
63,30,395
63,31,390
63,32,372
63,33,381
63,34,383
63,35,387
63,36,373
63,37,386
63,38,379
63,39,386
63,40,384
63,41,393
63,42,378
63,43,378
63,44,383
63,45,381
63,46,381
63,47,380
63,48,374
63,49,364
63,50,378
63,51,403
63,52,382
63,53,374
63,54,380
63,55,392
63,56,380
63,57,394
63,58,382
63,59,380
63,60,369
63,61,385
63,62,382
63,63,375
63,64,390
63,65,378
63,66,374
63,67,379
63,68,376
63,69,360
63,70,380
63,71,383
63,72,367
63,73,383
63,74,372
63,75,362
63,76,382
63,77,392
63,78,387
63,79,399
63,80,388
63,81,384
63,82,397
63,83,385
63,84,384
63,85,381
63,86,386
63,87,382
63,88,391
63,89,381
63,90,387
63,91,382
63,92,387
63,93,375
63,94,380
63,95,386
63,96,369
63,97,387
63,98,385
63,99,379
63,100,391
63,101,363
63,102,388
63,103,389
63,104,377
63,105,394
63,106,380
63,107,379
63,108,392
63,109,381
63,110,385
63,111,370
63,112,380
63,113,382
63,114,390
63,115,383
63,116,379
63,117,381
63,118,394
63,119,380
63,120,386
63,121,380
63,122,380
63,123,367
63,124,381
63,125,379
63,126,396
63,127,396
63,128,380
63,129,382
63,130,373
63,131,384
63,132,388
63,133,385
63,134,384
63,135,387
63,136,382
63,137,374
63,138,394
63,139,377
63,140,373
63,141,376
63,142,374
63,143,382
63,144,388
63,145,377
63,146,387
63,147,374
63,148,375
63,149,370
63,150,370
63,151,373
63,152,378
63,153,396
63,154,383
63,155,377
63,156,392
63,157,375
63,158,397
63,159,384
63,160,371
63,161,377
63,162,373
63,163,388
63,164,366
63,165,377
63,166,381
63,167,394
63,168,388
63,169,390
63,170,378
63,171,393
63,172,380
63,173,372
63,174,401
63,175,386
63,176,399
63,177,386
63,178,392
63,179,383
63,180,382
63,181,386
63,182,385
63,183,380
63,184,365
63,185,386
63,186,374
63,187,373
63,188,379
63,189,380
63,190,382
63,191,387
63,192,384
63,193,385
63,194,371
63,195,387
63,196,383
63,197,382
63,198,373
63,199,384
63,200,385
64,1,2
64,2,4
64,3,9
64,4,20
64,5,49
64,6,97
64,7,171
64,8,264
64,9,334
64,10,358
64,11,381
64,12,374
64,13,383
64,14,384
64,15,391
64,16,391
64,17,392
64,18,384
64,19,391
64,20,396
64,21,383
64,22,379
64,23,382
64,24,397
64,25,373
64,26,373
64,27,372
64,28,377
64,29,385
64,30,375
64,31,382
64,32,385
64,33,390
64,34,377
64,35,373
64,36,379
64,37,382
64,38,390
64,39,396
64,40,379
64,41,379
64,42,369
64,43,393
64,44,376
64,45,376
64,46,386
64,47,377
64,48,372
64,49,369
64,50,385
64,51,395
64,52,380
64,53,369
64,54,391
64,55,374
64,56,375
64,57,383
64,58,391
64,59,396
64,60,388
64,61,396
64,62,383
64,63,385
64,64,386
64,65,383
64,66,387
64,67,391
64,68,390
64,69,384
64,70,369
64,71,371
64,72,361
64,73,383
64,74,392
64,75,396
64,76,370
64,77,380
64,78,378
64,79,382
64,80,387
64,81,391
64,82,381
64,83,366
64,84,387
64,85,379
64,86,375
64,87,363
64,88,358
64,89,379
64,90,386
64,91,374
64,92,363
64,93,373
64,94,378
64,95,392
64,96,382
64,97,369
64,98,385
64,99,373
64,100,383
64,101,381
64,102,391
64,103,388
64,104,374
64,105,397
64,106,385
64,107,381
64,108,378
64,109,365
64,110,383
64,111,379
64,112,378
64,113,392
64,114,377
64,115,399
64,116,379
64,117,387
64,118,385
64,119,382
64,120,386
64,121,376
64,122,375
64,123,383
64,124,389
64,125,402
64,126,379
64,127,387
64,128,385
64,129,386
64,130,385
64,131,380
64,132,397
64,133,395
64,134,376
64,135,375
64,136,388
64,137,375
64,138,384
64,139,402
64,140,380
64,141,359
64,142,380
64,143,372
64,144,381
64,145,374
64,146,383
64,147,372
64,148,378
64,149,371
64,150,374
64,151,375
64,152,373
64,153,377
64,154,367
64,155,386
64,156,380
64,157,387
64,158,388
64,159,381
64,160,374
64,161,381
64,162,376
64,163,379
64,164,378
64,165,366
64,166,375
64,167,386
64,168,399
64,169,395
64,170,387
64,171,374
64,172,386
64,173,377
64,174,385
64,175,383
64,176,384
64,177,375
64,178,376
64,179,379
64,180,380
64,181,394
64,182,402
64,183,382
64,184,393
64,185,393
64,186,375
64,187,388
64,188,377
64,189,371
64,190,387
64,191,363
64,192,359
64,193,383
64,194,375
64,195,380
64,196,391
64,197,370
64,198,376
64,199,390
64,200,370
65,1,3
65,2,4
65,3,10
65,4,26
65,5,62
65,6,124
65,7,235
65,8,292
65,9,356
65,10,380
65,11,390
65,12,395
65,13,370
65,14,380
65,15,370
65,16,375
65,17,390
65,18,387
65,19,385
65,20,381
65,21,387
65,22,361
65,23,383
65,24,387
65,25,389
65,26,384
65,27,384
65,28,391
65,29,378
65,30,370
65,31,390
65,32,390
65,33,372
65,34,377
65,35,386
65,36,378
65,37,386
65,38,385
65,39,388
65,40,385
65,41,381
65,42,384
65,43,388
65,44,382
65,45,383
65,46,370
65,47,382
65,48,365
65,49,377
65,50,381
65,51,383
65,52,387
65,53,384
65,54,376
65,55,369
65,56,376
65,57,373
65,58,383
65,59,379
65,60,379
65,61,383
65,62,390
65,63,382
65,64,384
65,65,392
65,66,374
65,67,381
65,68,374
65,69,372
65,70,372
65,71,374
65,72,392
65,73,391
65,74,377
65,75,377
65,76,389
65,77,377
65,78,376
65,79,383
65,80,366
65,81,384
65,82,383
65,83,378
65,84,379
65,85,373
65,86,385
65,87,387
65,88,384
65,89,375
65,90,388
65,91,385
65,92,396
65,93,389
65,94,389
65,95,391
65,96,376
65,97,375
65,98,380
65,99,388
65,100,386
65,101,374
65,102,391
65,103,392
65,104,373
65,105,394
65,106,383
65,107,391
65,108,384
65,109,381
65,110,389
65,111,392
65,112,387
65,113,380
65,114,380
65,115,377
65,116,373
65,117,373
65,118,368
65,119,376
65,120,383
65,121,371
65,122,367
65,123,364
65,124,373
65,125,385
65,126,386
65,127,371
65,128,385
65,129,390
65,130,385
65,131,400
65,132,387
65,133,379
65,134,368
65,135,383
65,136,387
65,137,388
65,138,381
65,139,389
65,140,372
65,141,379
65,142,367
65,143,374
65,144,380
65,145,377
65,146,382
65,147,378
65,148,370
65,149,373
65,150,380
65,151,380
65,152,385
65,153,381
65,154,380
65,155,385
65,156,378
65,157,377
65,158,377
65,159,378
65,160,376
65,161,369
65,162,376
65,163,387
65,164,380
65,165,367
65,166,393
65,167,385
65,168,379
65,169,377
65,170,400
65,171,384
65,172,382
65,173,365
65,174,364
65,175,383
65,176,379
65,177,382
65,178,385
65,179,375
65,180,381
65,181,395
65,182,389
65,183,383
65,184,377
65,185,390
65,186,383
65,187,377
65,188,383
65,189,389
65,190,366
65,191,372
65,192,388
65,193,388
65,194,384
65,195,384
65,196,370
65,197,386
65,198,381
65,199,390
65,200,394
66,1,3
66,2,9
66,3,28
66,4,84
66,5,166
66,6,260
66,7,330
66,8,364
66,9,373
66,10,383
66,11,373
66,12,382
66,13,385
66,14,378
66,15,383
66,16,376
66,17,380
66,18,394
66,19,374
66,20,381
66,21,373
66,22,381
66,23,370
66,24,376
66,25,382
66,26,387
66,27,378
66,28,383
66,29,386
66,30,379
66,31,377
66,32,380
66,33,392
66,34,388
66,35,381
66,36,384
66,37,379
66,38,370
66,39,377
66,40,382
66,41,374
66,42,381
66,43,392
66,44,382
66,45,391
66,46,385
66,47,393
66,48,385
66,49,386
66,50,377
66,51,370
66,52,380
66,53,374
66,54,349
66,55,373
66,56,374
66,57,372
66,58,372
66,59,371
66,60,381
66,61,366
66,62,377
66,63,368
66,64,387
66,65,373
66,66,375
66,67,389
66,68,393
66,69,406
66,70,377
66,71,374
66,72,386
66,73,384
66,74,392
66,75,378
66,76,387
66,77,401
66,78,379
66,79,381
66,80,364
66,81,367
66,82,397
66,83,376
66,84,365
66,85,375
66,86,368
66,87,365
66,88,373
66,89,379
66,90,383
66,91,375
66,92,376
66,93,371
66,94,372
66,95,381
66,96,374
66,97,388
66,98,379
66,99,380
66,100,386
66,101,396
66,102,389
66,103,377
66,104,381
66,105,375
66,106,377
66,107,387
66,108,395
66,109,381
66,110,390
66,111,404
66,112,386
66,113,365
66,114,377
66,115,370
66,116,376
66,117,364
66,118,379
66,119,377
66,120,378
66,121,391
66,122,380
66,123,357
66,124,380
66,125,375
66,126,373
66,127,375
66,128,374
66,129,381
66,130,381
66,131,377
66,132,373
66,133,365
66,134,373
66,135,384
66,136,379
66,137,373
66,138,389
66,139,382
66,140,383
66,141,375
66,142,382
66,143,389
66,144,384
66,145,378
66,146,395
66,147,385
66,148,371
66,149,372
66,150,376
66,151,377
66,152,396
66,153,395
66,154,378
66,155,367
66,156,373
66,157,381
66,158,381
66,159,375
66,160,374
66,161,372
66,162,382
66,163,385
66,164,376
66,165,381
66,166,379
66,167,389
66,168,380
66,169,378
66,170,386
66,171,390
66,172,398
66,173,386
66,174,385
66,175,389
66,176,383
66,177,367
66,178,377
66,179,371
66,180,381
66,181,376
66,182,390
66,183,375
66,184,387
66,185,381
66,186,373
66,187,379
66,188,388
66,189,394
66,190,382
66,191,390
66,192,377
66,193,383
66,194,388
66,195,385
66,196,388
66,197,374
66,198,384
66,199,387
66,200,379
67,1,3
67,2,5
67,3,11
67,4,27
67,5,60
67,6,110
67,7,214
67,8,298
67,9,349
67,10,366
67,11,381
67,12,379
67,13,392
67,14,383
67,15,387
67,16,392
67,17,383
67,18,382
67,19,378
67,20,394
67,21,375
67,22,382
67,23,387
67,24,389
67,25,399
67,26,393
67,27,386
67,28,396
67,29,380
67,30,386
67,31,368
67,32,370
67,33,379
67,34,375
67,35,379
67,36,374
67,37,377
67,38,378
67,39,374
67,40,372
67,41,374
67,42,390
67,43,381
67,44,376
67,45,375
67,46,387
67,47,393
67,48,388
67,49,393
67,50,393
67,51,377
67,52,390
67,53,377
67,54,364
67,55,375
67,56,371
67,57,381
67,58,367
67,59,364
67,60,371
67,61,386
67,62,396
67,63,378
67,64,375
67,65,377
67,66,393
67,67,366
67,68,388
67,69,384
67,70,378
67,71,383
67,72,376
67,73,382
67,74,373
67,75,373
67,76,380
67,77,382
67,78,382
67,79,387
67,80,398
67,81,374
67,82,376
67,83,369
67,84,372
67,85,390
67,86,372
67,87,381
67,88,384
67,89,377
67,90,379
67,91,365
67,92,366
67,93,377
67,94,379
67,95,375
67,96,388
67,97,382
67,98,379
67,99,385
67,100,379
67,101,364
67,102,394
67,103,375
67,104,389
67,105,383
67,106,388
67,107,390
67,108,384
67,109,399
67,110,403
67,111,378
67,112,386
67,113,374
67,114,381
67,115,395
67,116,394
67,117,374
67,118,369
67,119,380
67,120,371
67,121,373
67,122,363
67,123,372
67,124,404
67,125,391
67,126,385
67,127,381
67,128,382
67,129,381
67,130,389
67,131,397
67,132,389
67,133,377
67,134,376
67,135,372
67,136,363
67,137,371
67,138,367
67,139,380
67,140,381
67,141,381
67,142,380
67,143,385
67,144,378
67,145,373
67,146,385
67,147,374
67,148,373
67,149,377
67,150,384
67,151,392
67,152,380
67,153,384
67,154,382
67,155,389
67,156,374
67,157,382
67,158,390
67,159,377
67,160,393
67,161,392
67,162,371
67,163,374
67,164,384
67,165,381
67,166,382
67,167,387
67,168,379
67,169,396
67,170,388
67,171,388
67,172,384
67,173,383
67,174,369
67,175,380
67,176,374
67,177,384
67,178,379
67,179,377
67,180,374
67,181,390
67,182,376
67,183,368
67,184,382
67,185,382
67,186,401
67,187,376
67,188,388
67,189,382
67,190,382
67,191,368
67,192,376
67,193,374
67,194,356
67,195,379
67,196,364
67,197,377
67,198,378
67,199,379
67,200,395
68,1,4
68,2,6
68,3,17
68,4,42
68,5,93
68,6,181
68,7,269
68,8,332
68,9,372
68,10,375
68,11,367
68,12,371
68,13,383
68,14,387
68,15,381
68,16,373
68,17,378
68,18,387
68,19,369
68,20,383
68,21,363
68,22,373
68,23,377
68,24,378
68,25,383
68,26,398
68,27,391
68,28,397
68,29,371
68,30,374
68,31,378
68,32,384
68,33,375
68,34,375
68,35,369
68,36,372
68,37,373
68,38,395
68,39,376
68,40,385
68,41,386
68,42,380
68,43,378
68,44,382
68,45,366
68,46,376
68,47,371
68,48,372
68,49,370
68,50,375
68,51,378
68,52,383
68,53,382
68,54,371
68,55,385
68,56,386
68,57,381
68,58,387
68,59,392
68,60,388
68,61,383
68,62,376
68,63,370
68,64,386
68,65,378
68,66,388
68,67,376
68,68,391
68,69,390
68,70,366
68,71,380
68,72,376
68,73,387
68,74,393
68,75,377
68,76,397
68,77,369
68,78,369
68,79,387
68,80,374
68,81,386
68,82,380
68,83,374
68,84,380
68,85,378
68,86,374
68,87,381
68,88,381
68,89,389
68,90,386
68,91,385
68,92,385
68,93,384
68,94,400
68,95,394
68,96,376
68,97,388
68,98,388
68,99,396
68,100,393
68,101,377
68,102,368
68,103,371
68,104,386
68,105,378
68,106,376
68,107,387
68,108,399
68,109,378
68,110,386
68,111,375
68,112,379
68,113,375
68,114,395
68,115,380
68,116,371
68,117,381
68,118,379
68,119,379
68,120,371
68,121,368
68,122,378
68,123,369
68,124,380
68,125,382
68,126,372
68,127,373
68,128,367
68,129,359
68,130,380
68,131,384
68,132,377
68,133,371
68,134,377
68,135,360
68,136,371
68,137,393
68,138,392
68,139,389
68,140,386
68,141,387
68,142,389
68,143,389
68,144,373
68,145,373
68,146,384
68,147,390
68,148,384
68,149,376
68,150,383
68,151,382
68,152,398
68,153,382
68,154,375
68,155,370
68,156,364
68,157,374
68,158,378
68,159,366
68,160,375
68,161,377
68,162,373
68,163,366
68,164,383
68,165,379
68,166,370
68,167,369
68,168,378
68,169,388
68,170,368
68,171,370
68,172,380
68,173,393
68,174,397
68,175,367
68,176,379
68,177,377
68,178,368
68,179,369
68,180,376
68,181,381
68,182,369
68,183,377
68,184,377
68,185,384
68,186,382
68,187,386
68,188,382
68,189,378
68,190,372
68,191,378
68,192,377
68,193,375
68,194,383
68,195,386
68,196,390
68,197,389
68,198,367
68,199,379
68,200,376
69,1,2
69,2,3
69,3,9
69,4,18
69,5,35
69,6,75
69,7,159
69,8,238
69,9,316
69,10,373
69,11,372
69,12,372
69,13,368
69,14,375
69,15,378
69,16,379
69,17,373
69,18,382
69,19,387
69,20,391
69,21,380
69,22,391
69,23,388
69,24,384
69,25,390
69,26,384
69,27,379
69,28,386
69,29,386
69,30,378
69,31,373
69,32,383
69,33,377
69,34,386
69,35,375
69,36,387
69,37,381
69,38,385
69,39,388
69,40,381
69,41,381
69,42,379
69,43,379
69,44,373
69,45,385
69,46,366
69,47,371
69,48,379
69,49,374
69,50,384
69,51,380
69,52,384
69,53,380
69,54,365
69,55,378
69,56,372
69,57,368
69,58,381
69,59,379
69,60,391
69,61,396
69,62,395
69,63,391
69,64,399
69,65,394
69,66,384
69,67,385
69,68,382
69,69,374
69,70,378
69,71,383
69,72,386
69,73,362
69,74,374
69,75,390
69,76,388
69,77,371
69,78,386
69,79,356
69,80,363
69,81,379
69,82,384
69,83,396
69,84,380
69,85,382
69,86,385
69,87,368
69,88,361
69,89,369
69,90,380
69,91,374
69,92,373
69,93,386
69,94,382
69,95,385
69,96,386
69,97,374
69,98,381
69,99,379
69,100,385
69,101,380
69,102,360
69,103,384
69,104,383
69,105,372
69,106,384
69,107,378
69,108,375
69,109,403
69,110,408
69,111,391
69,112,389
69,113,373
69,114,377
69,115,378
69,116,381
69,117,375
69,118,398
69,119,382
69,120,363
69,121,381
69,122,374
69,123,385
69,124,385
69,125,390
69,126,386
69,127,383
69,128,386
69,129,396
69,130,390
69,131,388
69,132,376
69,133,374
69,134,390
69,135,384
69,136,381
69,137,376
69,138,368
69,139,379
69,140,365
69,141,380
69,142,397
69,143,397
69,144,380
69,145,379
69,146,380
69,147,375
69,148,373
69,149,378
69,150,385
69,151,391
69,152,382
69,153,378
69,154,379
69,155,389
69,156,369
69,157,376
69,158,376
69,159,385
69,160,371
69,161,382
69,162,383
69,163,368
69,164,387
69,165,387
69,166,367
69,167,362
69,168,372
69,169,382
69,170,392
69,171,387
69,172,370
69,173,379
69,174,392
69,175,376
69,176,381
69,177,383
69,178,384
69,179,378
69,180,374
69,181,367
69,182,378
69,183,372
69,184,377
69,185,392
69,186,384
69,187,391
69,188,374
69,189,386
69,190,388
69,191,371
69,192,387
69,193,397
69,194,398
69,195,370
69,196,386
69,197,384
69,198,386
69,199,389
69,200,381
70,1,4
70,2,7
70,3,16
70,4,37
70,5,67
70,6,144
70,7,236
70,8,319
70,9,357
70,10,369
70,11,379
70,12,384
70,13,394
70,14,383
70,15,385
70,16,385
70,17,383
70,18,379
70,19,384
70,20,394
70,21,388
70,22,393
70,23,381
70,24,379
70,25,373
70,26,385
70,27,379
70,28,378
70,29,374
70,30,386
70,31,388
70,32,393
70,33,368
70,34,377
70,35,374
70,36,385
70,37,393
70,38,364
70,39,370
70,40,383
70,41,386
70,42,377
70,43,391
70,44,370
70,45,371
70,46,382
70,47,384
70,48,379
70,49,383
70,50,389
70,51,367
70,52,389
70,53,390
70,54,376
70,55,381
70,56,368
70,57,372
70,58,378
70,59,374
70,60,382
70,61,384
70,62,377
70,63,385
70,64,388
70,65,379
70,66,388
70,67,362
70,68,387
70,69,393
70,70,373
70,71,382
70,72,365
70,73,394
70,74,384
70,75,370
70,76,371
70,77,371
70,78,378
70,79,382
70,80,386
70,81,367
70,82,369
70,83,377
70,84,377
70,85,379
70,86,381
70,87,396
70,88,389
70,89,387
70,90,376
70,91,399
70,92,383
70,93,377
70,94,381
70,95,391
70,96,392
70,97,380
70,98,386
70,99,376
70,100,380
70,101,380
70,102,376
70,103,376
70,104,375
70,105,390
70,106,371
70,107,388
70,108,379
70,109,386
70,110,383
70,111,382
70,112,390
70,113,381
70,114,381
70,115,371
70,116,376
70,117,390
70,118,379
70,119,366
70,120,384
70,121,377
70,122,376
70,123,378
70,124,389
70,125,387
70,126,400
70,127,371
70,128,369
70,129,377
70,130,380
70,131,378
70,132,375
70,133,379
70,134,372
70,135,384
70,136,382
70,137,373
70,138,383
70,139,380
70,140,384
70,141,389
70,142,392
70,143,393
70,144,384
70,145,385
70,146,373
70,147,397
70,148,387
70,149,383
70,150,381
70,151,382
70,152,372
70,153,373
70,154,378
70,155,382
70,156,369
70,157,388
70,158,393
70,159,395
70,160,391
70,161,386
70,162,395
70,163,386
70,164,397
70,165,392
70,166,394
70,167,384
70,168,383
70,169,378
70,170,381
70,171,375
70,172,377
70,173,384
70,174,381
70,175,393
70,176,388
70,177,383
70,178,368
70,179,365
70,180,378
70,181,389
70,182,381
70,183,380
70,184,392
70,185,384
70,186,377
70,187,380
70,188,373
70,189,361
70,190,369
70,191,377
70,192,385
70,193,366
70,194,369
70,195,365
70,196,370
70,197,363
70,198,380
70,199,384
70,200,379
71,1,3
71,2,4
71,3,9
71,4,17
71,5,36
71,6,73
71,7,156
71,8,260
71,9,333
71,10,363
71,11,379
71,12,380
71,13,386
71,14,374
71,15,391
71,16,391
71,17,361
71,18,382
71,19,362
71,20,380
71,21,369
71,22,386
71,23,392
71,24,388
71,25,380
71,26,371
71,27,384
71,28,378
71,29,372
71,30,376
71,31,381
71,32,389
71,33,373
71,34,382
71,35,395
71,36,380
71,37,384
71,38,393
71,39,385
71,40,388
71,41,385
71,42,365
71,43,377
71,44,357
71,45,382
71,46,384
71,47,395
71,48,388
71,49,372
71,50,379
71,51,377
71,52,385
71,53,385
71,54,389
71,55,387
71,56,386
71,57,375
71,58,393
71,59,388
71,60,381
71,61,390
71,62,372
71,63,389
71,64,373
71,65,379
71,66,385
71,67,371
71,68,382
71,69,373
71,70,392
71,71,389
71,72,379
71,73,371
71,74,378
71,75,380
71,76,388
71,77,391
71,78,385
71,79,384
71,80,385
71,81,381
71,82,375
71,83,367
71,84,387
71,85,384
71,86,392
71,87,385
71,88,389
71,89,390
71,90,391
71,91,372
71,92,368
71,93,378
71,94,398
71,95,379
71,96,380
71,97,379
71,98,390
71,99,384
71,100,374
71,101,376
71,102,380
71,103,383
71,104,388
71,105,388
71,106,374
71,107,391
71,108,393
71,109,393
71,110,390
71,111,383
71,112,370
71,113,369
71,114,390
71,115,379
71,116,392
71,117,372
71,118,375
71,119,385
71,120,390
71,121,374
71,122,377
71,123,376
71,124,379
71,125,385
71,126,375
71,127,384
71,128,370
71,129,379
71,130,389
71,131,390
71,132,378
71,133,377
71,134,393
71,135,392
71,136,384
71,137,390
71,138,395
71,139,385
71,140,399
71,141,376
71,142,360
71,143,386
71,144,383
71,145,384
71,146,379
71,147,383
71,148,389
71,149,387
71,150,385
71,151,382
71,152,382
71,153,392
71,154,373
71,155,374
71,156,389
71,157,366
71,158,394
71,159,378
71,160,375
71,161,386
71,162,383
71,163,385
71,164,381
71,165,380
71,166,377
71,167,385
71,168,385
71,169,390
71,170,377
71,171,383
71,172,371
71,173,388
71,174,388
71,175,370
71,176,368
71,177,383
71,178,379
71,179,369
71,180,377
71,181,372
71,182,384
71,183,373
71,184,380
71,185,384
71,186,368
71,187,373
71,188,384
71,189,386
71,190,399
71,191,391
71,192,388
71,193,372
71,194,380
71,195,387
71,196,375
71,197,385
71,198,401
71,199,398
71,200,402
72,1,7
72,2,21
72,3,54
72,4,117
72,5,206
72,6,301
72,7,342
72,8,382
72,9,381
72,10,379
72,11,376
72,12,387
72,13,367
72,14,389
72,15,373
72,16,381
72,17,380
72,18,369
72,19,378
72,20,382
72,21,399
72,22,386
72,23,382
72,24,377
72,25,367
72,26,384
72,27,371
72,28,385
72,29,383
72,30,377
72,31,391
72,32,385
72,33,376
72,34,384
72,35,386
72,36,390
72,37,393
72,38,398
72,39,387
72,40,396
72,41,397
72,42,373
72,43,371
72,44,374
72,45,372
72,46,377
72,47,378
72,48,386
72,49,371
72,50,380
72,51,375
72,52,368
72,53,374
72,54,386
72,55,387
72,56,384
72,57,377
72,58,381
72,59,374
72,60,375
72,61,375
72,62,383
72,63,381
72,64,385
72,65,388
72,66,385
72,67,382
72,68,389
72,69,383
72,70,373
72,71,386
72,72,378
72,73,377
72,74,382
72,75,368
72,76,374
72,77,390
72,78,381
72,79,383
72,80,381
72,81,385
72,82,400
72,83,392
72,84,384
72,85,376
72,86,371
72,87,387
72,88,393
72,89,378
72,90,375
72,91,387
72,92,389
72,93,380
72,94,385
72,95,384
72,96,380
72,97,392
72,98,382
72,99,378
72,100,373
72,101,383
72,102,381
72,103,378
72,104,403
72,105,377
72,106,389
72,107,392
72,108,400
72,109,386
72,110,374
72,111,376
72,112,381
72,113,383
72,114,372
72,115,395
72,116,392
72,117,380
72,118,378
72,119,389
72,120,384
72,121,379
72,122,382
72,123,373
72,124,380
72,125,377
72,126,373
72,127,375
72,128,368
72,129,384
72,130,373
72,131,376
72,132,380
72,133,375
72,134,390
72,135,379
72,136,379
72,137,383
72,138,393
72,139,390
72,140,392
72,141,394
72,142,376
72,143,389
72,144,387
72,145,377
72,146,367
72,147,377
72,148,386
72,149,393
72,150,374
72,151,385
72,152,377
72,153,380
72,154,379
72,155,377
72,156,373
72,157,382
72,158,389
72,159,386
72,160,390
72,161,374
72,162,390
72,163,388
72,164,377
72,165,382
72,166,380
72,167,383
72,168,378
72,169,375
72,170,384
72,171,384
72,172,392
72,173,381
72,174,386
72,175,384
72,176,381
72,177,381
72,178,376
72,179,390
72,180,373
72,181,369
72,182,387
72,183,369
72,184,390
72,185,398
72,186,390
72,187,374
72,188,380
72,189,365
72,190,381
72,191,387
72,192,375
72,193,388
72,194,384
72,195,381
72,196,376
72,197,381
72,198,376
72,199,389
72,200,389
73,1,2
73,2,7
73,3,20
73,4,52
73,5,113
73,6,199
73,7,305
73,8,346
73,9,359
73,10,370
73,11,385
73,12,381
73,13,378
73,14,381
73,15,381
73,16,377
73,17,377
73,18,377
73,19,383
73,20,386
73,21,383
73,22,380
73,23,368
73,24,372
73,25,374
73,26,380
73,27,377
73,28,377
73,29,393
73,30,389
73,31,391
73,32,390
73,33,372
73,34,372
73,35,367
73,36,363
73,37,370
73,38,396
73,39,381
73,40,370
73,41,382
73,42,398
73,43,385
73,44,370
73,45,367
73,46,383
73,47,388
73,48,373
73,49,390
73,50,381
73,51,385
73,52,386
73,53,380
73,54,378
73,55,381
73,56,382
73,57,388
73,58,369
73,59,379
73,60,374
73,61,364
73,62,357
73,63,360
73,64,352
73,65,384
73,66,373
73,67,380
73,68,389
73,69,381
73,70,377
73,71,378
73,72,388
73,73,368
73,74,379
73,75,382
73,76,375
73,77,380
73,78,373
73,79,384
73,80,378
73,81,386
73,82,385
73,83,387
73,84,372
73,85,372
73,86,380
73,87,391
73,88,384
73,89,383
73,90,385
73,91,374
73,92,374
73,93,398
73,94,387
73,95,380
73,96,389
73,97,384
73,98,383
73,99,392
73,100,391
73,101,388
73,102,383
73,103,385
73,104,385
73,105,367
73,106,359
73,107,377
73,108,401
73,109,383
73,110,384
73,111,387
73,112,378
73,113,382
73,114,382
73,115,393
73,116,384
73,117,394
73,118,373
73,119,376
73,120,383
73,121,379
73,122,375
73,123,378
73,124,384
73,125,365
73,126,385
73,127,385
73,128,393
73,129,374
73,130,369
73,131,380
73,132,373
73,133,390
73,134,385
73,135,380
73,136,381
73,137,381
73,138,383
73,139,386
73,140,394
73,141,379
73,142,394
73,143,376
73,144,367
73,145,394
73,146,389
73,147,398
73,148,382
73,149,394
73,150,396
73,151,393
73,152,382
73,153,382
73,154,380
73,155,370
73,156,367
73,157,385
73,158,387
73,159,382
73,160,380
73,161,388
73,162,392
73,163,397
73,164,376
73,165,376
73,166,383
73,167,389
73,168,380
73,169,398
73,170,389
73,171,383
73,172,388
73,173,390
73,174,380
73,175,373
73,176,375
73,177,375
73,178,378
73,179,393
73,180,389
73,181,390
73,182,393
73,183,360
73,184,383
73,185,375
73,186,373
73,187,387
73,188,366
73,189,382
73,190,384
73,191,390
73,192,388
73,193,382
73,194,378
73,195,384
73,196,396
73,197,379
73,198,380
73,199,400
73,200,387
74,1,1
74,2,2
74,3,4
74,4,5
74,5,14
74,6,22
74,7,50
74,8,98
74,9,181
74,10,267
74,11,341
74,12,367
74,13,381
74,14,378
74,15,379
74,16,377
74,17,387
74,18,391
74,19,386
74,20,381
74,21,371
74,22,383
74,23,388
74,24,380
74,25,375
74,26,370
74,27,392
74,28,367
74,29,379
74,30,378
74,31,380
74,32,372
74,33,386
74,34,385
74,35,372
74,36,383
74,37,380
74,38,365
74,39,371
74,40,370
74,41,380
74,42,368
74,43,384
74,44,381
74,45,381
74,46,385
74,47,380
74,48,375
74,49,367
74,50,390
74,51,389
74,52,374
74,53,392
74,54,396
74,55,402
74,56,389
74,57,371
74,58,381
74,59,381
74,60,377
74,61,378
74,62,382
74,63,374
74,64,381
74,65,388
74,66,388
74,67,377
74,68,378
74,69,381
74,70,384
74,71,390
74,72,378
74,73,391
74,74,373
74,75,385
74,76,373
74,77,394
74,78,385
74,79,380
74,80,391
74,81,386
74,82,379
74,83,380
74,84,385
74,85,393
74,86,383
74,87,373
74,88,366
74,89,391
74,90,387
74,91,383
74,92,388
74,93,383
74,94,391
74,95,391
74,96,390
74,97,386
74,98,387
74,99,385
74,100,380
74,101,378
74,102,385
74,103,388
74,104,381
74,105,376
74,106,379
74,107,384
74,108,380
74,109,381
74,110,377
74,111,388
74,112,386
74,113,390
74,114,386
74,115,381
74,116,385
74,117,372
74,118,379
74,119,381
74,120,367
74,121,381
74,122,375
74,123,375
74,124,372
74,125,392
74,126,391
74,127,377
74,128,382
74,129,372
74,130,380
74,131,388
74,132,389
74,133,369
74,134,380
74,135,376
74,136,364
74,137,371
74,138,377
74,139,373
74,140,385
74,141,399
74,142,387
74,143,394
74,144,375
74,145,378
74,146,371
74,147,382
74,148,371
74,149,381
74,150,378
74,151,366
74,152,372
74,153,371
74,154,370
74,155,390
74,156,398
74,157,377
74,158,369
74,159,364
74,160,393
74,161,383
74,162,381
74,163,379
74,164,379
74,165,388
74,166,377
74,167,374
74,168,395
74,169,396
74,170,391
74,171,393
74,172,396
74,173,389
74,174,393
74,175,381
74,176,374
74,177,391
74,178,378
74,179,387
74,180,380
74,181,377
74,182,379
74,183,395
74,184,391
74,185,377
74,186,390
74,187,381
74,188,379
74,189,378
74,190,378
74,191,386
74,192,389
74,193,386
74,194,388
74,195,372
74,196,380
74,197,383
74,198,382
74,199,370
74,200,370
75,1,3
75,2,3
75,3,8
75,4,14
75,5,38
75,6,88
75,7,186
75,8,293
75,9,345
75,10,363
75,11,375
75,12,381
75,13,369
75,14,372
75,15,376
75,16,382
75,17,380
75,18,383
75,19,379
75,20,389
75,21,384
75,22,381
75,23,380
75,24,383
75,25,385
75,26,401
75,27,381
75,28,370
75,29,368
75,30,366
75,31,367
75,32,374
75,33,379
75,34,379
75,35,387
75,36,382
75,37,376
75,38,392
75,39,375
75,40,377
75,41,387
75,42,376
75,43,387
75,44,388
75,45,390
75,46,379
75,47,381
75,48,374
75,49,392
75,50,373
75,51,383
75,52,377
75,53,381
75,54,373
75,55,375
75,56,398
75,57,386
75,58,379
75,59,374
75,60,372
75,61,393
75,62,386
75,63,369
75,64,375
75,65,387
75,66,394
75,67,377
75,68,381
75,69,396
75,70,387
75,71,373
75,72,379
75,73,377
75,74,363
75,75,380
75,76,374
75,77,378
75,78,401
75,79,392
75,80,364
75,81,374
75,82,382
75,83,384
75,84,380
75,85,376
75,86,407
75,87,400
75,88,395
75,89,375
75,90,382
75,91,380
75,92,373
75,93,375
75,94,386
75,95,381
75,96,373
75,97,383
75,98,397
75,99,382
75,100,387
75,101,383
75,102,389
75,103,370
75,104,385
75,105,381
75,106,376
75,107,373
75,108,384
75,109,388
75,110,382
75,111,372
75,112,392
75,113,388
75,114,392
75,115,386
75,116,382
75,117,374
75,118,375
75,119,377
75,120,385
75,121,383
75,122,373
75,123,363
75,124,375
75,125,368
75,126,385
75,127,369
75,128,394
75,129,391
75,130,381
75,131,377
75,132,381
75,133,365
75,134,382
75,135,381
75,136,383
75,137,389
75,138,375
75,139,365
75,140,384
75,141,379
75,142,384
75,143,385
75,144,378
75,145,385
75,146,394
75,147,392
75,148,371
75,149,382
75,150,376
75,151,389
75,152,385
75,153,387
75,154,386
75,155,383
75,156,378
75,157,393
75,158,387
75,159,394
75,160,390
75,161,383
75,162,384
75,163,387
75,164,374
75,165,379
75,166,387
75,167,373
75,168,376
75,169,387
75,170,374
75,171,379
75,172,384
75,173,387
75,174,391
75,175,399
75,176,379
75,177,389
75,178,366
75,179,368
75,180,383
75,181,376
75,182,383
75,183,388
75,184,379
75,185,390
75,186,385
75,187,379
75,188,382
75,189,373
75,190,381
75,191,387
75,192,397
75,193,390
75,194,376
75,195,378
75,196,378
75,197,382
75,198,385
75,199,373
75,200,392
76,1,1
76,2,2
76,3,5
76,4,8
76,5,24
76,6,56
76,7,116
76,8,202
76,9,283
76,10,352
76,11,369
76,12,358
76,13,378
76,14,378
76,15,383
76,16,385
76,17,385
76,18,378
76,19,390
76,20,383
76,21,379
76,22,391
76,23,395
76,24,375
76,25,369
76,26,380
76,27,380
76,28,385
76,29,378
76,30,371
76,31,369
76,32,384
76,33,364
76,34,371
76,35,384
76,36,379
76,37,377
76,38,376
76,39,370
76,40,390
76,41,378
76,42,391
76,43,366
76,44,377
76,45,375
76,46,382
76,47,379
76,48,377
76,49,382
76,50,381
76,51,378
76,52,361
76,53,375
76,54,385
76,55,382
76,56,379
76,57,386
76,58,382
76,59,394
76,60,382
76,61,385
76,62,378
76,63,375
76,64,381
76,65,377
76,66,385
76,67,377
76,68,379
76,69,378
76,70,377
76,71,396
76,72,377
76,73,389
76,74,387
76,75,370
76,76,380
76,77,363
76,78,388
76,79,380
76,80,393
76,81,386
76,82,382
76,83,381
76,84,367
76,85,377
76,86,381
76,87,378
76,88,383
76,89,378
76,90,380
76,91,375
76,92,377
76,93,384
76,94,373
76,95,380
76,96,385
76,97,384
76,98,378
76,99,386
76,100,387
76,101,387
76,102,391
76,103,372
76,104,379
76,105,375
76,106,385
76,107,387
76,108,379
76,109,368
76,110,367
76,111,375
76,112,371
76,113,388
76,114,392
76,115,379
76,116,393
76,117,380
76,118,386
76,119,375
76,120,375
76,121,380
76,122,373
76,123,367
76,124,384
76,125,389
76,126,393
76,127,385
76,128,381
76,129,381
76,130,395
76,131,398
76,132,390
76,133,383
76,134,386
76,135,377
76,136,388
76,137,382
76,138,383
76,139,383
76,140,380
76,141,374
76,142,390
76,143,377
76,144,373
76,145,381
76,146,386
76,147,400
76,148,369
76,149,376
76,150,388
76,151,370
76,152,380
76,153,370
76,154,381
76,155,384
76,156,383
76,157,378
76,158,386
76,159,374
76,160,380
76,161,379
76,162,376
76,163,372
76,164,383
76,165,383
76,166,390
76,167,384
76,168,379
76,169,383
76,170,382
76,171,386
76,172,361
76,173,376
76,174,389
76,175,392
76,176,399
76,177,384
76,178,382
76,179,380
76,180,378
76,181,375
76,182,379
76,183,375
76,184,376
76,185,394
76,186,365
76,187,374
76,188,382
76,189,388
76,190,389
76,191,383
76,192,384
76,193,381
76,194,380
76,195,381
76,196,391
76,197,389
76,198,392
76,199,373
76,200,381
77,1,1
77,2,1
77,3,3
77,4,8
77,5,18
77,6,37
77,7,81
77,8,166
77,9,258
77,10,331
77,11,358
77,12,362
77,13,384
77,14,380
77,15,396
77,16,383
77,17,394
77,18,389
77,19,384
77,20,381
77,21,388
77,22,378
77,23,381
77,24,381
77,25,385
77,26,375
77,27,382
77,28,362
77,29,384
77,30,395
77,31,376
77,32,390
77,33,386
77,34,378
77,35,385
77,36,389
77,37,369
77,38,397
77,39,393
77,40,391
77,41,373
77,42,397
77,43,396
77,44,388
77,45,377
77,46,382
77,47,396
77,48,376
77,49,365
77,50,395
77,51,388
77,52,390
77,53,387
77,54,389
77,55,389
77,56,379
77,57,380
77,58,380
77,59,367
77,60,371
77,61,397
77,62,390
77,63,386
77,64,373
77,65,376
77,66,372
77,67,379
77,68,397
77,69,383
77,70,382
77,71,364
77,72,378
77,73,394
77,74,368
77,75,383
77,76,375
77,77,371
77,78,358
77,79,375
77,80,389
77,81,378
77,82,390
77,83,381
77,84,387
77,85,396
77,86,378
77,87,386
77,88,377
77,89,383
77,90,382
77,91,383
77,92,382
77,93,375
77,94,371
77,95,386
77,96,407
77,97,381
77,98,394
77,99,388
77,100,389
77,101,381
77,102,369
77,103,395
77,104,381
77,105,397
77,106,387
77,107,387
77,108,390
77,109,403
77,110,385
77,111,376
77,112,380
77,113,385
77,114,375
77,115,378
77,116,375
77,117,382
77,118,382
77,119,399
77,120,386
77,121,398
77,122,381
77,123,373
77,124,383
77,125,378
77,126,387
77,127,386
77,128,397
77,129,382
77,130,386
77,131,379
77,132,389
77,133,388
77,134,386
77,135,393
77,136,369
77,137,380
77,138,383
77,139,377
77,140,373
77,141,388
77,142,384
77,143,377
77,144,376
77,145,373
77,146,377
77,147,382
77,148,377
77,149,389
77,150,374
77,151,394
77,152,381
77,153,372
77,154,379
77,155,375
77,156,384
77,157,374
77,158,378
77,159,403
77,160,380
77,161,379
77,162,380
77,163,371
77,164,374
77,165,388
77,166,386
77,167,386
77,168,394
77,169,385
77,170,385
77,171,381
77,172,384
77,173,383
77,174,382
77,175,375
77,176,374
77,177,380
77,178,397
77,179,378
77,180,392
77,181,388
77,182,386
77,183,395
77,184,387
77,185,378
77,186,388
77,187,383
77,188,377
77,189,376
77,190,394
77,191,376
77,192,388
77,193,381
77,194,380
77,195,382
77,196,377
77,197,385
77,198,379
77,199,374
77,200,385
78,1,6
78,2,18
78,3,51
78,4,114
78,5,224
78,6,291
78,7,347
78,8,378
78,9,388
78,10,383
78,11,381
78,12,382
78,13,384
78,14,388
78,15,394
78,16,379
78,17,388
78,18,380
78,19,380
78,20,398
78,21,374
78,22,377
78,23,397
78,24,389
78,25,385
78,26,385
78,27,386
78,28,380
78,29,397
78,30,387
78,31,381
78,32,388
78,33,387
78,34,368
78,35,394
78,36,380
78,37,379
78,38,381
78,39,386
78,40,390
78,41,379
78,42,363
78,43,379
78,44,385
78,45,388
78,46,389
78,47,376
78,48,377
78,49,372
78,50,377
78,51,394
78,52,384
78,53,387
78,54,386
78,55,376
78,56,385
78,57,384
78,58,381
78,59,396
78,60,393
78,61,391
78,62,381
78,63,378
78,64,378
78,65,378
78,66,394
78,67,387
78,68,394
78,69,378
78,70,385
78,71,391
78,72,362
78,73,380
78,74,367
78,75,380
78,76,376
78,77,376
78,78,378
78,79,383
78,80,391
78,81,388
78,82,373
78,83,391
78,84,380
78,85,379
78,86,398
78,87,381
78,88,391
78,89,388
78,90,397
78,91,374
78,92,372
78,93,384
78,94,373
78,95,365
78,96,393
78,97,396
78,98,374
78,99,374
78,100,377
78,101,369
78,102,379
78,103,395
78,104,381
78,105,389
78,106,374
78,107,376
78,108,365
78,109,381
78,110,380
78,111,386
78,112,369
78,113,381
78,114,381
78,115,380
78,116,376
78,117,385
78,118,374
78,119,375
78,120,374
78,121,375
78,122,394
78,123,383
78,124,388
78,125,376
78,126,382
78,127,392
78,128,384
78,129,381
78,130,375
78,131,380
78,132,370
78,133,390
78,134,375
78,135,373
78,136,393
78,137,392
78,138,393
78,139,396
78,140,386
78,141,382
78,142,386
78,143,384
78,144,389
78,145,384
78,146,369
78,147,376
78,148,374
78,149,376
78,150,379
78,151,383
78,152,375
78,153,372
78,154,392
78,155,386
78,156,384
78,157,381
78,158,380
78,159,382
78,160,384
78,161,377
78,162,377
78,163,382
78,164,375
78,165,379
78,166,378
78,167,387
78,168,382
78,169,381
78,170,386
78,171,380
78,172,385
78,173,381
78,174,384
78,175,398
78,176,392
78,177,375
78,178,369
78,179,381
78,180,375
78,181,379
78,182,374
78,183,381
78,184,394
78,185,379
78,186,391
78,187,384
78,188,391
78,189,389
78,190,384
78,191,383
78,192,382
78,193,386
78,194,371
78,195,365
78,196,384
78,197,373
78,198,379
78,199,379
78,200,386
79,1,2
79,2,4
79,3,15
79,4,33
79,5,76
79,6,175
79,7,272
79,8,338
79,9,364
79,10,387
79,11,390
79,12,381
79,13,377
79,14,375
79,15,377
79,16,377
79,17,379
79,18,379
79,19,382
79,20,375
79,21,378
79,22,380
79,23,384
79,24,401
79,25,387
79,26,388
79,27,378
79,28,380
79,29,387
79,30,382
79,31,386
79,32,389
79,33,394
79,34,356
79,35,369
79,36,379
79,37,386
79,38,381
79,39,377
79,40,378
79,41,377
79,42,388
79,43,373
79,44,373
79,45,373
79,46,390
79,47,393
79,48,398
79,49,393
79,50,400
79,51,392
79,52,374
79,53,391
79,54,387
79,55,384
79,56,384
79,57,391
79,58,371
79,59,375
79,60,376
79,61,394
79,62,382
79,63,391
79,64,384
79,65,380
79,66,387
79,67,389
79,68,384
79,69,387
79,70,385
79,71,377
79,72,380
79,73,388
79,74,384
79,75,372
79,76,391
79,77,376
79,78,372
79,79,396
79,80,380
79,81,382
79,82,369
79,83,381
79,84,391
79,85,378
79,86,376
79,87,375
79,88,398
79,89,388
79,90,385
79,91,390
79,92,376
79,93,367
79,94,374
79,95,381
79,96,382
79,97,393
79,98,387
79,99,386
79,100,376
79,101,379
79,102,384
79,103,386
79,104,368
79,105,372
79,106,379
79,107,394
79,108,381
79,109,379
79,110,376
79,111,386
79,112,396
79,113,384
79,114,366
79,115,380
79,116,404
79,117,386
79,118,380
79,119,364
79,120,381
79,121,388
79,122,387
79,123,376
79,124,373
79,125,360
79,126,360
79,127,386
79,128,377
79,129,367
79,130,364
79,131,374
79,132,376
79,133,378
79,134,374
79,135,382
79,136,379
79,137,387
79,138,394
79,139,383
79,140,389
79,141,383
79,142,398
79,143,384
79,144,383
79,145,397
79,146,372
79,147,374
79,148,370
79,149,384
79,150,386
79,151,385
79,152,388
79,153,374
79,154,380
79,155,394
79,156,377
79,157,371
79,158,382
79,159,380
79,160,371
79,161,352
79,162,382
79,163,386
79,164,390
79,165,389
79,166,379
79,167,382
79,168,371
79,169,393
79,170,379
79,171,375
79,172,377
79,173,377
79,174,386
79,175,382
79,176,376
79,177,367
79,178,373
79,179,374
79,180,378
79,181,381
79,182,367
79,183,388
79,184,388
79,185,388
79,186,383
79,187,382
79,188,376
79,189,387
79,190,375
79,191,376
79,192,385
79,193,372
79,194,381
79,195,379
79,196,380
79,197,395
79,198,389
79,199,380
79,200,377
80,1,2
80,2,6
80,3,12
80,4,22
80,5,60
80,6,130
80,7,211
80,8,297
80,9,342
80,10,380
80,11,371
80,12,377
80,13,393
80,14,390
80,15,391
80,16,388
80,17,372
80,18,372
80,19,372
80,20,385
80,21,380
80,22,380
80,23,386
80,24,393
80,25,387
80,26,398
80,27,387
80,28,381
80,29,385
80,30,376
80,31,387
80,32,384
80,33,380
80,34,390
80,35,390
80,36,388
80,37,381
80,38,379
80,39,390
80,40,390
80,41,395
80,42,386
80,43,398
80,44,362
80,45,390
80,46,389
80,47,393
80,48,377
80,49,370
80,50,373
80,51,369
80,52,371
80,53,378
80,54,376
80,55,370
80,56,390
80,57,387
80,58,378
80,59,380
80,60,376
80,61,384
80,62,372
80,63,379
80,64,367
80,65,385
80,66,383
80,67,386
80,68,377
80,69,386
80,70,388
80,71,382
80,72,373
80,73,375
80,74,388
80,75,392
80,76,390
80,77,395
80,78,382
80,79,382
80,80,400
80,81,391
80,82,382
80,83,385
80,84,387
80,85,380
80,86,373
80,87,369
80,88,378
80,89,387
80,90,386
80,91,387
80,92,372
80,93,396
80,94,379
80,95,377
80,96,389
80,97,381
80,98,377
80,99,385
80,100,386
80,101,380
80,102,373
80,103,385
80,104,378
80,105,366
80,106,377
80,107,391
80,108,381
80,109,383
80,110,383
80,111,386
80,112,381
80,113,393
80,114,373
80,115,380
80,116,377
80,117,381
80,118,365
80,119,389
80,120,398
80,121,391
80,122,382
80,123,373
80,124,382
80,125,389
80,126,395
80,127,378
80,128,379
80,129,385
80,130,400
80,131,389
80,132,391
80,133,375
80,134,374
80,135,392
80,136,380
80,137,389
80,138,381
80,139,384
80,140,382
80,141,389
80,142,373
80,143,377
80,144,389
80,145,388
80,146,385
80,147,372
80,148,364
80,149,393
80,150,385
80,151,392
80,152,363
80,153,373
80,154,382
80,155,378
80,156,375
80,157,389
80,158,371
80,159,381
80,160,391
80,161,382
80,162,373
80,163,387
80,164,377
80,165,388
80,166,390
80,167,390
80,168,383
80,169,393
80,170,376
80,171,372
80,172,386
80,173,392
80,174,382
80,175,397
80,176,384
80,177,384
80,178,375
80,179,383
80,180,380
80,181,382
80,182,381
80,183,379
80,184,381
80,185,375
80,186,373
80,187,367
80,188,378
80,189,379
80,190,390
80,191,377
80,192,379
80,193,380
80,194,375
80,195,377
80,196,375
80,197,375
80,198,383
80,199,376
80,200,382
81,1,2
81,2,4
81,3,5
81,4,16
81,5,36
81,6,75
81,7,150
81,8,250
81,9,322
81,10,351
81,11,366
81,12,371
81,13,383
81,14,390
81,15,391
81,16,383
81,17,363
81,18,376
81,19,389
81,20,395
81,21,384
81,22,383
81,23,368
81,24,384
81,25,363
81,26,377
81,27,388
81,28,385
81,29,382
81,30,374
81,31,372
81,32,365
81,33,384
81,34,400
81,35,391
81,36,382
81,37,377
81,38,384
81,39,387
81,40,379
81,41,377
81,42,376
81,43,379
81,44,388
81,45,387
81,46,375
81,47,385
81,48,394
81,49,389
81,50,368
81,51,380
81,52,386
81,53,369
81,54,388
81,55,377
81,56,373
81,57,370
81,58,388
81,59,374
81,60,367
81,61,378
81,62,370
81,63,381
81,64,395
81,65,382
81,66,379
81,67,378
81,68,375
81,69,374
81,70,378
81,71,381
81,72,395
81,73,397
81,74,379
81,75,382
81,76,384
81,77,359
81,78,390
81,79,376
81,80,373
81,81,395
81,82,369
81,83,379
81,84,378
81,85,374
81,86,380
81,87,388
81,88,375
81,89,381
81,90,385
81,91,369
81,92,356
81,93,372
81,94,378
81,95,378
81,96,387
81,97,380
81,98,392
81,99,385
81,100,391
81,101,387
81,102,387
81,103,378
81,104,388
81,105,385
81,106,393
81,107,382
81,108,383
81,109,382
81,110,378
81,111,386
81,112,364
81,113,386
81,114,374
81,115,378
81,116,390
81,117,378
81,118,365
81,119,387
81,120,389
81,121,388
81,122,370
81,123,387
81,124,384
81,125,382
81,126,368
81,127,377
81,128,373
81,129,396
81,130,384
81,131,371
81,132,378
81,133,369
81,134,395
81,135,382
81,136,371
81,137,375
81,138,375
81,139,371
81,140,379
81,141,388
81,142,375
81,143,379
81,144,381
81,145,380
81,146,375
81,147,398
81,148,377
81,149,384
81,150,382
81,151,373
81,152,378
81,153,380
81,154,384
81,155,380
81,156,386
81,157,380
81,158,367
81,159,395
81,160,375
81,161,389
81,162,395
81,163,386
81,164,389
81,165,379
81,166,375
81,167,402
81,168,383
81,169,389
81,170,382
81,171,376
81,172,383
81,173,386
81,174,381
81,175,373
81,176,368
81,177,380
81,178,378
81,179,378
81,180,394
81,181,383
81,182,376
81,183,378
81,184,381
81,185,366
81,186,363
81,187,371
81,188,366
81,189,383
81,190,383
81,191,365
81,192,375
81,193,366
81,194,381
81,195,377
81,196,382
81,197,388
81,198,370
81,199,386
81,200,378
82,1,3
82,2,14
82,3,33
82,4,77
82,5,153
82,6,248
82,7,321
82,8,359
82,9,383
82,10,382
82,11,383
82,12,376
82,13,376
82,14,378
82,15,385
82,16,375
82,17,393
82,18,387
82,19,387
82,20,373
82,21,396
82,22,387
82,23,380
82,24,373
82,25,388
82,26,370
82,27,383
82,28,373
82,29,366
82,30,363
82,31,378
82,32,378
82,33,383
82,34,379
82,35,374
82,36,386
82,37,370
82,38,375
82,39,392
82,40,383
82,41,396
82,42,397
82,43,388
82,44,385
82,45,387
82,46,375
82,47,386
82,48,395
82,49,398
82,50,374
82,51,365
82,52,364
82,53,381
82,54,373
82,55,366
82,56,375
82,57,372
82,58,379
82,59,377
82,60,382
82,61,378
82,62,371
82,63,374
82,64,372
82,65,385
82,66,375
82,67,374
82,68,378
82,69,386
82,70,384
82,71,373
82,72,381
82,73,372
82,74,379
82,75,380
82,76,374
82,77,385
82,78,384
82,79,374
82,80,375
82,81,372
82,82,372
82,83,392
82,84,386
82,85,386
82,86,381
82,87,359
82,88,372
82,89,367
82,90,373
82,91,369
82,92,371
82,93,382
82,94,371
82,95,379
82,96,377
82,97,381
82,98,380
82,99,376
82,100,383
82,101,371
82,102,377
82,103,380
82,104,370
82,105,377
82,106,380
82,107,379
82,108,393
82,109,373
82,110,379
82,111,382
82,112,379
82,113,386
82,114,381
82,115,383
82,116,394
82,117,386
82,118,373
82,119,378
82,120,378
82,121,366
82,122,381
82,123,382
82,124,391
82,125,379
82,126,386
82,127,388
82,128,385
82,129,371
82,130,371
82,131,355
82,132,378
82,133,391
82,134,406
82,135,367
82,136,360
82,137,366
82,138,378
82,139,382
82,140,376
82,141,380
82,142,383
82,143,390
82,144,386
82,145,379
82,146,382
82,147,366
82,148,391
82,149,370
82,150,387
82,151,382
82,152,389
82,153,390
82,154,374
82,155,376
82,156,382
82,157,381
82,158,369
82,159,375
82,160,378
82,161,389
82,162,378
82,163,391
82,164,387
82,165,388
82,166,394
82,167,382
82,168,370
82,169,377
82,170,390
82,171,376
82,172,379
82,173,380
82,174,385
82,175,391
82,176,384
82,177,377
82,178,378
82,179,371
82,180,390
82,181,381
82,182,376
82,183,361
82,184,380
82,185,373
82,186,366
82,187,371
82,188,380
82,189,379
82,190,386
82,191,394
82,192,386
82,193,388
82,194,385
82,195,388
82,196,372
82,197,377
82,198,367
82,199,383
82,200,388
83,1,2
83,2,2
83,3,5
83,4,14
83,5,41
83,6,98
83,7,186
83,8,292
83,9,347
83,10,365
83,11,374
83,12,385
83,13,386
83,14,365
83,15,390
83,16,384
83,17,385
83,18,392
83,19,376
83,20,390
83,21,396
83,22,389
83,23,379
83,24,389
83,25,377
83,26,369
83,27,376
83,28,371
83,29,387
83,30,387
83,31,387
83,32,395
83,33,387
83,34,378
83,35,371
83,36,380
83,37,368
83,38,369
83,39,371
83,40,384
83,41,400
83,42,387
83,43,398
83,44,388
83,45,381
83,46,376
83,47,372
83,48,383
83,49,379
83,50,382
83,51,384
83,52,394
83,53,378
83,54,370
83,55,391
83,56,377
83,57,373
83,58,372
83,59,377
83,60,378
83,61,384
83,62,376
83,63,379
83,64,377
83,65,385
83,66,378
83,67,388
83,68,374
83,69,386
83,70,370
83,71,379
83,72,371
83,73,377
83,74,389
83,75,374
83,76,370
83,77,371
83,78,381
83,79,370
83,80,364
83,81,375
83,82,371
83,83,379
83,84,373
83,85,373
83,86,363
83,87,372
83,88,362
83,89,372
83,90,388
83,91,396
83,92,380
83,93,375
83,94,378
83,95,372
83,96,391
83,97,374
83,98,380
83,99,386
83,100,386
83,101,376
83,102,383
83,103,385
83,104,393
83,105,377
83,106,380
83,107,388
83,108,387
83,109,392
83,110,395
83,111,379
83,112,387
83,113,379
83,114,378
83,115,370
83,116,384
83,117,364
83,118,376
83,119,386
83,120,389
83,121,384
83,122,381
83,123,390
83,124,396
83,125,398
83,126,389
83,127,390
83,128,386
83,129,379
83,130,382
83,131,387
83,132,380
83,133,387
83,134,385
83,135,392
83,136,384
83,137,384
83,138,377
83,139,379
83,140,379
83,141,388
83,142,387
83,143,374
83,144,374
83,145,390
83,146,369
83,147,372
83,148,388
83,149,385
83,150,373
83,151,378
83,152,379
83,153,376
83,154,394
83,155,367
83,156,383
83,157,383
83,158,376
83,159,395
83,160,371
83,161,384
83,162,386
83,163,389
83,164,379
83,165,374
83,166,383
83,167,384
83,168,359
83,169,379
83,170,385
83,171,389
83,172,392
83,173,384
83,174,371
83,175,372
83,176,375
83,177,382
83,178,376
83,179,394
83,180,391
83,181,382
83,182,390
83,183,388
83,184,385
83,185,377
83,186,379
83,187,379
83,188,377
83,189,379
83,190,377
83,191,374
83,192,384
83,193,383
83,194,379
83,195,372
83,196,382
83,197,368
83,198,386
83,199,369
83,200,372
84,1,1
84,2,2
84,3,7
84,4,20
84,5,37
84,6,76
84,7,152
84,8,246
84,9,323
84,10,355
84,11,372
84,12,394
84,13,400
84,14,399
84,15,379
84,16,370
84,17,373
84,18,378
84,19,382
84,20,379
84,21,389
84,22,384
84,23,394
84,24,388
84,25,394
84,26,394
84,27,387
84,28,388
84,29,379
84,30,393
84,31,384
84,32,383
84,33,383
84,34,384
84,35,378
84,36,384
84,37,389
84,38,379
84,39,393
84,40,377
84,41,371
84,42,378
84,43,380
84,44,371
84,45,364
84,46,388
84,47,395
84,48,387
84,49,390
84,50,386
84,51,397
84,52,384
84,53,373
84,54,379
84,55,368
84,56,368
84,57,379
84,58,366
84,59,362
84,60,369
84,61,385
84,62,373
84,63,384
84,64,372
84,65,384
84,66,389
84,67,375
84,68,370
84,69,365
84,70,381
84,71,380
84,72,382
84,73,393
84,74,384
84,75,380
84,76,393
84,77,384
84,78,383
84,79,400
84,80,377
84,81,378
84,82,381
84,83,386
84,84,377
84,85,377
84,86,372
84,87,378
84,88,381
84,89,390
84,90,381
84,91,377
84,92,383
84,93,393
84,94,389
84,95,374
84,96,370
84,97,381
84,98,385
84,99,393
84,100,376
84,101,396
84,102,383
84,103,370
84,104,384
84,105,388
84,106,362
84,107,369
84,108,379
84,109,375
84,110,389
84,111,390
84,112,373
84,113,387
84,114,394
84,115,377
84,116,374
84,117,367
84,118,381
84,119,385
84,120,386
84,121,382
84,122,390
84,123,374
84,124,370
84,125,373
84,126,385
84,127,378
84,128,372
84,129,369
84,130,379
84,131,378
84,132,381
84,133,366
84,134,376
84,135,384
84,136,372
84,137,363
84,138,383
84,139,377
84,140,378
84,141,374
84,142,377
84,143,389
84,144,369
84,145,377
84,146,399
84,147,391
84,148,378
84,149,380
84,150,380
84,151,387
84,152,368
84,153,382
84,154,382
84,155,391
84,156,385
84,157,382
84,158,374
84,159,378
84,160,375
84,161,388
84,162,375
84,163,379
84,164,389
84,165,376
84,166,395
84,167,388
84,168,388
84,169,381
84,170,374
84,171,381
84,172,393
84,173,372
84,174,381
84,175,378
84,176,382
84,177,379
84,178,385
84,179,381
84,180,384
84,181,384
84,182,375
84,183,385
84,184,381
84,185,369
84,186,383
84,187,374
84,188,379
84,189,384
84,190,382
84,191,363
84,192,362
84,193,381
84,194,388
84,195,413
84,196,375
84,197,381
84,198,393
84,199,386
84,200,380
85,1,2
85,2,5
85,3,19
85,4,51
85,5,104
85,6,211
85,7,293
85,8,346
85,9,378
85,10,382
85,11,380
85,12,368
85,13,367
85,14,392
85,15,398
85,16,385
85,17,388
85,18,387
85,19,379
85,20,389
85,21,387
85,22,389
85,23,374
85,24,385
85,25,379
85,26,381
85,27,373
85,28,360
85,29,373
85,30,399
85,31,382
85,32,378
85,33,383
85,34,378
85,35,376
85,36,396
85,37,377
85,38,379
85,39,369
85,40,376
85,41,388
85,42,396
85,43,382
85,44,376
85,45,374
85,46,386
85,47,380
85,48,379
85,49,390
85,50,375
85,51,378
85,52,384
85,53,387
85,54,395
85,55,368
85,56,384
85,57,383
85,58,379
85,59,386
85,60,375
85,61,365
85,62,367
85,63,358
85,64,380
85,65,387
85,66,390
85,67,382
85,68,379
85,69,387
85,70,388
85,71,382
85,72,385
85,73,376
85,74,377
85,75,392
85,76,380
85,77,372
85,78,370
85,79,380
85,80,380
85,81,363
85,82,393
85,83,397
85,84,373
85,85,378
85,86,379
85,87,388
85,88,387
85,89,399
85,90,390
85,91,399
85,92,374
85,93,384
85,94,384
85,95,392
85,96,386
85,97,370
85,98,382
85,99,390
85,100,369
85,101,379
85,102,381
85,103,379
85,104,378
85,105,374
85,106,371
85,107,380
85,108,370
85,109,377
85,110,387
85,111,390
85,112,386
85,113,389
85,114,385
85,115,392
85,116,380
85,117,390
85,118,378
85,119,382
85,120,385
85,121,382
85,122,371
85,123,383
85,124,368
85,125,385
85,126,376
85,127,388
85,128,374
85,129,383
85,130,370
85,131,386
85,132,383
85,133,380
85,134,392
85,135,382
85,136,387
85,137,372
85,138,393
85,139,384
85,140,400
85,141,387
85,142,389
85,143,387
85,144,385
85,145,379
85,146,364
85,147,381
85,148,379
85,149,401
85,150,382
85,151,382
85,152,394
85,153,381
85,154,376
85,155,378
85,156,391
85,157,371
85,158,369
85,159,381
85,160,375
85,161,390
85,162,379
85,163,372
85,164,368
85,165,382
85,166,379
85,167,380
85,168,378
85,169,385
85,170,376
85,171,380
85,172,370
85,173,376
85,174,382
85,175,375
85,176,379
85,177,375
85,178,375
85,179,379
85,180,381
85,181,393
85,182,398
85,183,392
85,184,386
85,185,376
85,186,376
85,187,384
85,188,378
85,189,382
85,190,374
85,191,369
85,192,381
85,193,376
85,194,370
85,195,378
85,196,370
85,197,389
85,198,373
85,199,387
85,200,384
86,1,3
86,2,6
86,3,14
86,4,35
86,5,77
86,6,138
86,7,235
86,8,311
86,9,344
86,10,376
86,11,386
86,12,382
86,13,400
86,14,381
86,15,371
86,16,381
86,17,375
86,18,390
86,19,379
86,20,382
86,21,382
86,22,361
86,23,370
86,24,365
86,25,379
86,26,381
86,27,384
86,28,392
86,29,384
86,30,385
86,31,378
86,32,399
86,33,382
86,34,389
86,35,404
86,36,387
86,37,388
86,38,378
86,39,373
86,40,381
86,41,380
86,42,391
86,43,381
86,44,392
86,45,384
86,46,373
86,47,386
86,48,381
86,49,383
86,50,384
86,51,369
86,52,369
86,53,372
86,54,381
86,55,388
86,56,386
86,57,378
86,58,368
86,59,372
86,60,393
86,61,371
86,62,363
86,63,384
86,64,376
86,65,372
86,66,364
86,67,380
86,68,378
86,69,374
86,70,373
86,71,386
86,72,377
86,73,387
86,74,378
86,75,396
86,76,392
86,77,388
86,78,358
86,79,353
86,80,364
86,81,382
86,82,382
86,83,383
86,84,385
86,85,376
86,86,377
86,87,387
86,88,376
86,89,384
86,90,377
86,91,380
86,92,380
86,93,378
86,94,386
86,95,377
86,96,362
86,97,385
86,98,370
86,99,368
86,100,373
86,101,384
86,102,391
86,103,390
86,104,374
86,105,390
86,106,394
86,107,385
86,108,380
86,109,387
86,110,387
86,111,372
86,112,389
86,113,380
86,114,378
86,115,391
86,116,386
86,117,379
86,118,371
86,119,386
86,120,391
86,121,402
86,122,378
86,123,384
86,124,379
86,125,364
86,126,379
86,127,366
86,128,377
86,129,375
86,130,379
86,131,389
86,132,385
86,133,374
86,134,386
86,135,368
86,136,363
86,137,394
86,138,387
86,139,382
86,140,375
86,141,375
86,142,375
86,143,388
86,144,359
86,145,363
86,146,368
86,147,376
86,148,372
86,149,372
86,150,373
86,151,377
86,152,378
86,153,374
86,154,378
86,155,387
86,156,391
86,157,381
86,158,383
86,159,370
86,160,374
86,161,376
86,162,378
86,163,376
86,164,389
86,165,365
86,166,392
86,167,391
86,168,390
86,169,385
86,170,390
86,171,392
86,172,384
86,173,385
86,174,383
86,175,369
86,176,376
86,177,376
86,178,385
86,179,375
86,180,374
86,181,384
86,182,383
86,183,386
86,184,385
86,185,382
86,186,394
86,187,373
86,188,384
86,189,390
86,190,398
86,191,385
86,192,385
86,193,370
86,194,392
86,195,382
86,196,374
86,197,369
86,198,378
86,199,400
86,200,381
87,1,4
87,2,13
87,3,34
87,4,78
87,5,170
87,6,291
87,7,359
87,8,363
87,9,375
87,10,381
87,11,375
87,12,365
87,13,383
87,14,384
87,15,392
87,16,389
87,17,380
87,18,386
87,19,380
87,20,388
87,21,390
87,22,384
87,23,393
87,24,374
87,25,385
87,26,386
87,27,378
87,28,381
87,29,378
87,30,369
87,31,381
87,32,371
87,33,368
87,34,394
87,35,398
87,36,385
87,37,382
87,38,382
87,39,388
87,40,389
87,41,370
87,42,371
87,43,385
87,44,363
87,45,369
87,46,386
87,47,388
87,48,379
87,49,380
87,50,388
87,51,380
87,52,372
87,53,376
87,54,379
87,55,382
87,56,378
87,57,389
87,58,382
87,59,376
87,60,380
87,61,386
87,62,388
87,63,384
87,64,391
87,65,395
87,66,384
87,67,383
87,68,395
87,69,374
87,70,374
87,71,382
87,72,379
87,73,388
87,74,383
87,75,380
87,76,384
87,77,388
87,78,371
87,79,369
87,80,385
87,81,387
87,82,387
87,83,379
87,84,381
87,85,384
87,86,394
87,87,385
87,88,377
87,89,376
87,90,387
87,91,387
87,92,380
87,93,396
87,94,383
87,95,371
87,96,361
87,97,377
87,98,386
87,99,388
87,100,386
87,101,382
87,102,391
87,103,389
87,104,380
87,105,386
87,106,374
87,107,385
87,108,382
87,109,380
87,110,378
87,111,396
87,112,387
87,113,382
87,114,374
87,115,387
87,116,393
87,117,394
87,118,384
87,119,388
87,120,379
87,121,388
87,122,397
87,123,387
87,124,378
87,125,380
87,126,388
87,127,385
87,128,366
87,129,391
87,130,390
87,131,374
87,132,372
87,133,389
87,134,382
87,135,391
87,136,394
87,137,374
87,138,381
87,139,385
87,140,374
87,141,386
87,142,394
87,143,392
87,144,363
87,145,379
87,146,360
87,147,379
87,148,383
87,149,360
87,150,376
87,151,390
87,152,392
87,153,374
87,154,377
87,155,398
87,156,391
87,157,390
87,158,379
87,159,378
87,160,377
87,161,385
87,162,376
87,163,369
87,164,366
87,165,389
87,166,383
87,167,378
87,168,384
87,169,374
87,170,366
87,171,379
87,172,372
87,173,379
87,174,372
87,175,379
87,176,390
87,177,388
87,178,381
87,179,396
87,180,384
87,181,393
87,182,385
87,183,374
87,184,382
87,185,368
87,186,377
87,187,372
87,188,390
87,189,367
87,190,384
87,191,393
87,192,407
87,193,386
87,194,363
87,195,386
87,196,382
87,197,382
87,198,393
87,199,385
87,200,393
88,1,2
88,2,5
88,3,13
88,4,32
88,5,73
88,6,142
88,7,224
88,8,316
88,9,352
88,10,382
88,11,388
88,12,391
88,13,392
88,14,394
88,15,381
88,16,391
88,17,390
88,18,394
88,19,371
88,20,384
88,21,388
88,22,394
88,23,376
88,24,387
88,25,377
88,26,388
88,27,369
88,28,381
88,29,388
88,30,389
88,31,368
88,32,387
88,33,383
88,34,383
88,35,387
88,36,371
88,37,378
88,38,359
88,39,376
88,40,386
88,41,387
88,42,389
88,43,400
88,44,388
88,45,380
88,46,371
88,47,385
88,48,388
88,49,382
88,50,378
88,51,373
88,52,391
88,53,369
88,54,356
88,55,376
88,56,385
88,57,376
88,58,371
88,59,369
88,60,387
88,61,381
88,62,384
88,63,392
88,64,371
88,65,372
88,66,382
88,67,396
88,68,379
88,69,376
88,70,387
88,71,382
88,72,390
88,73,395
88,74,387
88,75,381
88,76,373
88,77,382
88,78,362
88,79,383
88,80,398
88,81,388
88,82,389
88,83,385
88,84,363
88,85,366
88,86,378
88,87,366
88,88,379
88,89,391
88,90,389
88,91,377
88,92,389
88,93,388
88,94,367
88,95,380
88,96,380
88,97,389
88,98,390
88,99,394
88,100,403
88,101,368
88,102,376
88,103,371
88,104,384
88,105,389
88,106,375
88,107,385
88,108,369
88,109,384
88,110,379
88,111,374
88,112,379
88,113,362
88,114,380
88,115,390
88,116,391
88,117,375
88,118,372
88,119,376
88,120,396
88,121,386
88,122,377
88,123,384
88,124,389
88,125,379
88,126,375
88,127,376
88,128,390
88,129,401
88,130,371
88,131,392
88,132,386
88,133,382
88,134,380
88,135,372
88,136,381
88,137,385
88,138,375
88,139,374
88,140,391
88,141,383
88,142,376
88,143,370
88,144,386
88,145,378
88,146,382
88,147,388
88,148,386
88,149,380
88,150,384
88,151,384
88,152,384
88,153,379
88,154,384
88,155,383
88,156,388
88,157,376
88,158,379
88,159,380
88,160,370
88,161,376
88,162,385
88,163,385
88,164,385
88,165,380
88,166,380
88,167,381
88,168,391
88,169,381
88,170,388
88,171,378
88,172,386
88,173,380
88,174,371
88,175,375
88,176,386
88,177,373
88,178,388
88,179,396
88,180,383
88,181,374
88,182,385
88,183,367
88,184,376
88,185,377
88,186,391
88,187,399
88,188,373
88,189,391
88,190,381
88,191,391
88,192,371
88,193,388
88,194,380
88,195,380
88,196,380
88,197,394
88,198,390
88,199,383
88,200,377
89,1,3
89,2,8
89,3,18
89,4,43
89,5,95
89,6,184
89,7,295
89,8,348
89,9,386
89,10,389
89,11,392
89,12,387
89,13,383
89,14,375
89,15,377
89,16,373
89,17,393
89,18,402
89,19,389
89,20,393
89,21,374
89,22,384
89,23,377
89,24,378
89,25,386
89,26,385
89,27,368
89,28,374
89,29,388
89,30,393
89,31,379
89,32,373
89,33,392
89,34,376
89,35,384
89,36,391
89,37,383
89,38,390
89,39,387
89,40,393
89,41,392
89,42,406
89,43,386
89,44,376
89,45,378
89,46,377
89,47,370
89,48,374
89,49,386
89,50,383
89,51,372
89,52,383
89,53,362
89,54,378
89,55,386
89,56,392
89,57,361
89,58,366
89,59,394
89,60,387
89,61,393
89,62,384
89,63,367
89,64,382
89,65,386
89,66,382
89,67,377
89,68,375
89,69,379
89,70,387
89,71,377
89,72,404
89,73,401
89,74,378
89,75,381
89,76,363
89,77,373
89,78,379
89,79,368
89,80,380
89,81,381
89,82,371
89,83,382
89,84,389
89,85,388
89,86,379
89,87,382
89,88,376
89,89,388
89,90,373
89,91,367
89,92,380
89,93,376
89,94,373
89,95,382
89,96,385
89,97,387
89,98,387
89,99,381
89,100,380
89,101,381
89,102,370
89,103,374
89,104,392
89,105,380
89,106,373
89,107,409
89,108,399
89,109,394
89,110,381
89,111,381
89,112,393
89,113,383
89,114,378
89,115,373
89,116,382
89,117,384
89,118,393
89,119,386
89,120,385
89,121,387
89,122,372
89,123,377
89,124,381
89,125,369
89,126,375
89,127,383
89,128,371
89,129,380
89,130,378
89,131,394
89,132,389
89,133,371
89,134,369
89,135,381
89,136,375
89,137,362
89,138,368
89,139,384
89,140,388
89,141,369
89,142,386
89,143,372
89,144,373
89,145,394
89,146,394
89,147,384
89,148,395
89,149,391
89,150,379
89,151,390
89,152,383
89,153,380
89,154,385
89,155,383
89,156,383
89,157,376
89,158,389
89,159,377
89,160,395
89,161,381
89,162,370
89,163,388
89,164,387
89,165,379
89,166,375
89,167,371
89,168,385
89,169,387
89,170,391
89,171,379
89,172,381
89,173,380
89,174,387
89,175,380
89,176,380
89,177,385
89,178,387
89,179,391
89,180,380
89,181,387
89,182,382
89,183,370
89,184,379
89,185,374
89,186,389
89,187,398
89,188,390
89,189,390
89,190,373
89,191,374
89,192,386
89,193,383
89,194,373
89,195,375
89,196,381
89,197,361
89,198,369
89,199,386
89,200,365
90,1,3
90,2,7
90,3,17
90,4,41
90,5,78
90,6,157
90,7,274
90,8,329
90,9,365
90,10,377
90,11,377
90,12,383
90,13,372
90,14,376
90,15,395
90,16,394
90,17,385
90,18,375
90,19,377
90,20,371
90,21,381
90,22,381
90,23,380
90,24,376
90,25,372
90,26,391
90,27,398
90,28,388
90,29,381
90,30,399
90,31,390
90,32,373
90,33,367
90,34,378
90,35,387
90,36,387
90,37,386
90,38,386
90,39,389
90,40,378
90,41,389
90,42,375
90,43,375
90,44,366
90,45,367
90,46,374
90,47,388
90,48,386
90,49,371
90,50,380
90,51,384
90,52,381
90,53,368
90,54,375
90,55,371
90,56,379
90,57,385
90,58,394
90,59,401
90,60,375
90,61,378
90,62,376
90,63,388
90,64,367
90,65,358
90,66,375
90,67,373
90,68,385
90,69,395
90,70,368
90,71,376
90,72,397
90,73,376
90,74,366
90,75,390
90,76,375
90,77,389
90,78,379
90,79,387
90,80,380
90,81,386
90,82,394
90,83,378
90,84,377
90,85,362
90,86,367
90,87,381
90,88,384
90,89,361
90,90,386
90,91,389
90,92,386
90,93,383
90,94,370
90,95,378
90,96,374
90,97,381
90,98,374
90,99,377
90,100,371
90,101,383
90,102,375
90,103,388
90,104,370
90,105,376
90,106,391
90,107,386
90,108,372
90,109,392
90,110,383
90,111,383
90,112,385
90,113,373
90,114,378
90,115,371
90,116,373
90,117,388
90,118,384
90,119,382
90,120,371
90,121,387
90,122,379
90,123,371
90,124,388
90,125,392
90,126,391
90,127,385
90,128,377
90,129,380
90,130,376
90,131,378
90,132,383
90,133,379
90,134,383
90,135,399
90,136,389
90,137,374
90,138,389
90,139,373
90,140,390
90,141,373
90,142,389
90,143,388
90,144,381
90,145,373
90,146,374
90,147,359
90,148,392
90,149,398
90,150,375
90,151,380
90,152,369
90,153,389
90,154,381
90,155,373
90,156,377
90,157,387
90,158,388
90,159,388
90,160,385
90,161,379
90,162,381
90,163,389
90,164,377
90,165,373
90,166,376
90,167,382
90,168,383
90,169,391
90,170,379
90,171,372
90,172,392
90,173,391
90,174,383
90,175,375
90,176,388
90,177,377
90,178,373
90,179,391
90,180,380
90,181,371
90,182,382
90,183,376
90,184,383
90,185,378
90,186,374
90,187,373
90,188,372
90,189,383
90,190,381
90,191,380
90,192,373
90,193,372
90,194,367
90,195,372
90,196,382
90,197,395
90,198,387
90,199,373
90,200,380
91,1,4
91,2,9
91,3,20
91,4,43
91,5,82
91,6,158
91,7,270
91,8,340
91,9,353
91,10,362
91,11,392
91,12,391
91,13,383
91,14,375
91,15,374
91,16,381
91,17,394
91,18,393
91,19,379
91,20,404
91,21,399
91,22,385
91,23,400
91,24,383
91,25,397
91,26,378
91,27,396
91,28,383
91,29,368
91,30,380
91,31,385
91,32,394
91,33,374
91,34,383
91,35,396
91,36,404
91,37,404
91,38,402
91,39,400
91,40,377
91,41,379
91,42,379
91,43,391
91,44,372
91,45,375
91,46,378
91,47,377
91,48,400
91,49,376
91,50,376
91,51,378
91,52,366
91,53,376
91,54,380
91,55,383
91,56,392
91,57,398
91,58,390
91,59,393
91,60,389
91,61,377
91,62,400
91,63,393
91,64,377
91,65,386
91,66,385
91,67,386
91,68,392
91,69,375
91,70,389
91,71,392
91,72,383
91,73,386
91,74,380
91,75,376
91,76,393
91,77,386
91,78,378
91,79,393
91,80,398
91,81,410
91,82,375
91,83,381
91,84,380
91,85,369
91,86,374
91,87,380
91,88,384
91,89,388
91,90,382
91,91,386
91,92,374
91,93,373
91,94,374
91,95,378
91,96,383
91,97,374
91,98,371
91,99,392
91,100,390
91,101,395
91,102,361
91,103,376
91,104,375
91,105,389
91,106,382
91,107,380
91,108,377
91,109,385
91,110,377
91,111,383
91,112,401
91,113,385
91,114,374
91,115,385
91,116,381
91,117,377
91,118,366
91,119,386
91,120,388
91,121,380
91,122,404
91,123,392
91,124,389
91,125,392
91,126,385
91,127,383
91,128,379
91,129,364
91,130,382
91,131,382
91,132,397
91,133,387
91,134,379
91,135,390
91,136,390
91,137,375
91,138,383
91,139,388
91,140,375
91,141,383
91,142,371
91,143,384
91,144,367
91,145,374
91,146,376
91,147,364
91,148,381
91,149,385
91,150,379
91,151,376
91,152,378
91,153,392
91,154,398
91,155,375
91,156,366
91,157,381
91,158,378
91,159,373
91,160,370
91,161,365
91,162,386
91,163,370
91,164,383
91,165,379
91,166,385
91,167,380
91,168,369
91,169,388
91,170,381
91,171,398
91,172,376
91,173,376
91,174,378
91,175,358
91,176,365
91,177,368
91,178,381
91,179,379
91,180,388
91,181,374
91,182,384
91,183,367
91,184,380
91,185,366
91,186,382
91,187,397
91,188,385
91,189,382
91,190,377
91,191,381
91,192,385
91,193,385
91,194,372
91,195,376
91,196,369
91,197,365
91,198,389
91,199,368
91,200,387
92,1,3
92,2,8
92,3,15
92,4,27
92,5,57
92,6,117
92,7,198
92,8,290
92,9,349
92,10,364
92,11,390
92,12,393
92,13,391
92,14,380
92,15,390
92,16,381
92,17,380
92,18,372
92,19,390
92,20,395
92,21,383
92,22,374
92,23,372
92,24,377
92,25,400
92,26,388
92,27,385
92,28,373
92,29,391
92,30,372
92,31,382
92,32,383
92,33,385
92,34,383
92,35,383
92,36,392
92,37,383
92,38,366
92,39,378
92,40,392
92,41,392
92,42,396
92,43,397
92,44,374
92,45,369
92,46,388
92,47,398
92,48,377
92,49,383
92,50,387
92,51,381
92,52,398
92,53,395
92,54,390
92,55,396
92,56,393
92,57,386
92,58,389
92,59,393
92,60,376
92,61,384
92,62,378
92,63,380
92,64,385
92,65,394
92,66,380
92,67,391
92,68,383
92,69,377
92,70,390
92,71,372
92,72,385
92,73,393
92,74,373
92,75,384
92,76,400
92,77,381
92,78,382
92,79,387
92,80,396
92,81,375
92,82,384
92,83,383
92,84,374
92,85,368
92,86,380
92,87,385
92,88,364
92,89,394
92,90,391
92,91,383
92,92,386
92,93,384
92,94,389
92,95,389
92,96,387
92,97,392
92,98,394
92,99,387
92,100,363
92,101,390
92,102,379
92,103,386
92,104,389
92,105,386
92,106,380
92,107,396
92,108,393
92,109,392
92,110,403
92,111,387
92,112,390
92,113,391
92,114,380
92,115,392
92,116,389
92,117,389
92,118,381
92,119,392
92,120,393
92,121,400
92,122,382
92,123,377
92,124,378
92,125,385
92,126,389
92,127,380
92,128,370
92,129,391
92,130,391
92,131,387
92,132,372
92,133,382
92,134,380
92,135,391
92,136,386
92,137,398
92,138,388
92,139,387
92,140,380
92,141,389
92,142,376
92,143,386
92,144,394
92,145,382
92,146,387
92,147,372
92,148,375
92,149,366
92,150,368
92,151,384
92,152,371
92,153,380
92,154,374
92,155,398
92,156,376
92,157,377
92,158,389
92,159,402
92,160,397
92,161,394
92,162,382
92,163,394
92,164,383
92,165,400
92,166,372
92,167,388
92,168,376
92,169,373
92,170,374
92,171,381
92,172,388
92,173,390
92,174,376
92,175,386
92,176,388
92,177,391
92,178,395
92,179,387
92,180,382
92,181,385
92,182,385
92,183,378
92,184,388
92,185,381
92,186,386
92,187,373
92,188,380
92,189,374
92,190,393
92,191,369
92,192,385
92,193,387
92,194,376
92,195,370
92,196,392
92,197,384
92,198,388
92,199,357
92,200,380
93,1,1
93,2,1
93,3,2
93,4,1
93,5,1
93,6,3
93,7,12
93,8,25
93,9,54
93,10,119
93,11,212
93,12,305
93,13,358
93,14,370
93,15,380
93,16,375
93,17,387
93,18,369
93,19,365
93,20,372
93,21,379
93,22,391
93,23,376
93,24,385
93,25,388
93,26,365
93,27,378
93,28,378
93,29,389
93,30,355
93,31,375
93,32,384
93,33,382
93,34,377
93,35,372
93,36,386
93,37,385
93,38,375
93,39,383
93,40,364
93,41,368
93,42,379
93,43,395
93,44,387
93,45,385
93,46,394
93,47,368
93,48,378
93,49,384
93,50,367
93,51,372
93,52,383
93,53,388
93,54,398
93,55,396
93,56,365
93,57,379
93,58,384
93,59,374
93,60,386
93,61,384
93,62,376
93,63,386
93,64,384
93,65,379
93,66,367
93,67,369
93,68,395
93,69,392
93,70,365
93,71,374
93,72,367
93,73,389
93,74,391
93,75,398
93,76,382
93,77,385
93,78,388
93,79,382
93,80,388
93,81,369
93,82,376
93,83,388
93,84,373
93,85,385
93,86,389
93,87,380
93,88,388
93,89,399
93,90,380
93,91,378
93,92,362
93,93,387
93,94,373
93,95,379
93,96,380
93,97,382
93,98,374
93,99,384
93,100,389
93,101,374
93,102,380
93,103,389
93,104,384
93,105,397
93,106,389
93,107,374
93,108,392
93,109,393
93,110,377
93,111,367
93,112,370
93,113,389
93,114,390
93,115,380
93,116,379
93,117,382
93,118,369
93,119,374
93,120,387
93,121,364
93,122,368
93,123,395
93,124,386
93,125,389
93,126,381
93,127,384
93,128,386
93,129,381
93,130,380
93,131,381
93,132,381
93,133,380
93,134,384
93,135,383
93,136,394
93,137,394
93,138,393
93,139,375
93,140,373
93,141,383
93,142,390
93,143,390
93,144,384
93,145,383
93,146,363
93,147,374
93,148,364
93,149,380
93,150,383
93,151,387
93,152,382
93,153,392
93,154,377
93,155,383
93,156,377
93,157,388
93,158,382
93,159,373
93,160,384
93,161,378
93,162,377
93,163,372
93,164,377
93,165,394
93,166,380
93,167,385
93,168,389
93,169,372
93,170,361
93,171,362
93,172,363
93,173,363
93,174,379
93,175,386
93,176,376
93,177,377
93,178,388
93,179,386
93,180,363
93,181,376
93,182,372
93,183,385
93,184,380
93,185,382
93,186,391
93,187,388
93,188,377
93,189,384
93,190,373
93,191,376
93,192,388
93,193,385
93,194,385
93,195,380
93,196,382
93,197,368
93,198,383
93,199,389
93,200,377
94,1,1
94,2,3
94,3,8
94,4,16
94,5,45
94,6,88
94,7,165
94,8,261
94,9,335
94,10,367
94,11,378
94,12,375
94,13,395
94,14,382
94,15,384
94,16,383
94,17,383
94,18,375
94,19,377
94,20,384
94,21,388
94,22,386
94,23,375
94,24,392
94,25,380
94,26,370
94,27,382
94,28,380
94,29,373
94,30,388
94,31,379
94,32,386
94,33,394
94,34,391
94,35,385
94,36,383
94,37,384
94,38,385
94,39,388
94,40,373
94,41,376
94,42,370
94,43,390
94,44,406
94,45,379
94,46,371
94,47,394
94,48,385
94,49,370
94,50,389
94,51,369
94,52,381
94,53,385
94,54,373
94,55,384
94,56,373
94,57,353
94,58,370
94,59,375
94,60,379
94,61,379
94,62,395
94,63,368
94,64,377
94,65,362
94,66,381
94,67,381
94,68,376
94,69,395
94,70,386
94,71,393
94,72,382
94,73,373
94,74,382
94,75,380
94,76,384
94,77,374
94,78,380
94,79,376
94,80,386
94,81,383
94,82,381
94,83,383
94,84,391
94,85,376
94,86,366
94,87,373
94,88,372
94,89,377
94,90,385
94,91,368
94,92,383
94,93,370
94,94,374
94,95,375
94,96,380
94,97,373
94,98,379
94,99,379
94,100,366
94,101,377
94,102,374
94,103,372
94,104,381
94,105,365
94,106,377
94,107,369
94,108,380
94,109,385
94,110,384
94,111,380
94,112,386
94,113,383
94,114,392
94,115,381
94,116,394
94,117,372
94,118,372
94,119,384
94,120,383
94,121,378
94,122,364
94,123,362
94,124,392
94,125,374
94,126,379
94,127,380
94,128,373
94,129,378
94,130,387
94,131,389
94,132,398
94,133,395
94,134,376
94,135,385
94,136,381
94,137,378
94,138,371
94,139,385
94,140,391
94,141,386
94,142,373
94,143,365
94,144,391
94,145,372
94,146,385
94,147,379
94,148,397
94,149,379
94,150,382
94,151,378
94,152,383
94,153,378
94,154,384
94,155,373
94,156,388
94,157,386
94,158,375
94,159,366
94,160,376
94,161,369
94,162,374
94,163,388
94,164,384
94,165,373
94,166,377
94,167,371
94,168,374
94,169,386
94,170,378
94,171,384
94,172,397
94,173,390
94,174,384
94,175,388
94,176,385
94,177,393
94,178,366
94,179,382
94,180,373
94,181,383
94,182,378
94,183,366
94,184,372
94,185,383
94,186,383
94,187,382
94,188,385
94,189,389
94,190,378
94,191,386
94,192,374
94,193,386
94,194,394
94,195,391
94,196,382
94,197,382
94,198,381
94,199,369
94,200,372
95,1,3
95,2,11
95,3,31
95,4,80
95,5,153
95,6,246
95,7,329
95,8,374
95,9,377
95,10,392
95,11,380
95,12,392
95,13,393
95,14,375
95,15,384
95,16,383
95,17,383
95,18,370
95,19,373
95,20,370
95,21,377
95,22,379
95,23,394
95,24,384
95,25,383
95,26,369
95,27,384
95,28,391
95,29,382
95,30,386
95,31,383
95,32,385
95,33,384
95,34,377
95,35,373
95,36,379
95,37,374
95,38,365
95,39,377
95,40,380
95,41,379
95,42,382
95,43,366
95,44,388
95,45,393
95,46,384
95,47,390
95,48,383
95,49,393
95,50,383
95,51,396
95,52,384
95,53,383
95,54,382
95,55,372
95,56,382
95,57,381
95,58,379
95,59,382
95,60,366
95,61,388
95,62,401
95,63,384
95,64,383
95,65,381
95,66,386
95,67,388
95,68,385
95,69,386
95,70,375
95,71,370
95,72,370
95,73,385
95,74,388
95,75,392
95,76,389
95,77,389
95,78,378
95,79,399
95,80,381
95,81,384
95,82,373
95,83,391
95,84,396
95,85,395
95,86,397
95,87,397
95,88,382
95,89,387
95,90,382
95,91,372
95,92,389
95,93,389
95,94,379
95,95,389
95,96,384
95,97,395
95,98,374
95,99,364
95,100,385
95,101,386
95,102,385
95,103,380
95,104,376
95,105,379
95,106,387
95,107,377
95,108,366
95,109,384
95,110,379
95,111,384
95,112,370
95,113,382
95,114,382
95,115,380
95,116,371
95,117,383
95,118,385
95,119,398
95,120,383
95,121,377
95,122,379
95,123,375
95,124,387
95,125,381
95,126,377
95,127,390
95,128,376
95,129,399
95,130,401
95,131,394
95,132,383
95,133,389
95,134,389
95,135,383
95,136,384
95,137,387
95,138,388
95,139,399
95,140,387
95,141,383
95,142,386
95,143,389
95,144,388
95,145,383
95,146,394
95,147,396
95,148,396
95,149,376
95,150,380
95,151,390
95,152,388
95,153,378
95,154,388
95,155,374
95,156,388
95,157,390
95,158,378
95,159,385
95,160,377
95,161,378
95,162,377
95,163,376
95,164,387
95,165,385
95,166,397
95,167,370
95,168,385
95,169,396
95,170,375
95,171,385
95,172,381
95,173,381
95,174,389
95,175,368
95,176,367
95,177,373
95,178,392
95,179,384
95,180,371
95,181,382
95,182,393
95,183,373
95,184,385
95,185,388
95,186,369
95,187,376
95,188,352
95,189,376
95,190,368
95,191,381
95,192,386
95,193,376
95,194,378
95,195,397
95,196,381
95,197,385
95,198,374
95,199,384
95,200,386
96,1,2
96,2,8
96,3,18
96,4,40
96,5,93
96,6,176
96,7,268
96,8,332
96,9,366
96,10,386
96,11,378
96,12,384
96,13,376
96,14,374
96,15,359
96,16,385
96,17,382
96,18,403
96,19,384
96,20,379
96,21,380
96,22,375
96,23,366
96,24,378
96,25,371
96,26,377
96,27,375
96,28,382
96,29,387
96,30,387
96,31,378
96,32,381
96,33,391
96,34,382
96,35,380
96,36,391
96,37,390
96,38,380
96,39,371
96,40,380
96,41,378
96,42,385
96,43,385
96,44,369
96,45,373
96,46,369
96,47,375
96,48,392
96,49,373
96,50,364
96,51,369
96,52,375
96,53,373
96,54,398
96,55,385
96,56,381
96,57,390
96,58,367
96,59,386
96,60,386
96,61,378
96,62,376
96,63,381
96,64,380
96,65,391
96,66,390
96,67,378
96,68,377
96,69,380
96,70,372
96,71,376
96,72,381
96,73,369
96,74,393
96,75,383
96,76,379
96,77,397
96,78,382
96,79,377
96,80,383
96,81,379
96,82,382
96,83,390
96,84,379
96,85,372
96,86,377
96,87,381
96,88,370
96,89,381
96,90,376
96,91,386
96,92,376
96,93,393
96,94,385
96,95,382
96,96,387
96,97,378
96,98,387
96,99,356
96,100,368
96,101,379
96,102,369
96,103,375
96,104,375
96,105,373
96,106,391
96,107,374
96,108,373
96,109,371
96,110,378
96,111,377
96,112,383
96,113,384
96,114,383
96,115,390
96,116,393
96,117,388
96,118,383
96,119,396
96,120,376
96,121,391
96,122,381
96,123,375
96,124,389
96,125,388
96,126,391
96,127,388
96,128,372
96,129,385
96,130,382
96,131,384
96,132,393
96,133,374
96,134,382
96,135,375
96,136,391
96,137,382
96,138,385
96,139,367
96,140,369
96,141,377
96,142,384
96,143,390
96,144,389
96,145,376
96,146,383
96,147,388
96,148,394
96,149,378
96,150,370
96,151,380
96,152,375
96,153,379
96,154,375
96,155,372
96,156,375
96,157,381
96,158,381
96,159,361
96,160,363
96,161,384
96,162,383
96,163,375
96,164,366
96,165,362
96,166,378
96,167,375
96,168,384
96,169,382
96,170,376
96,171,370
96,172,382
96,173,361
96,174,386
96,175,374
96,176,387
96,177,386
96,178,392
96,179,377
96,180,374
96,181,380
96,182,379
96,183,378
96,184,380
96,185,382
96,186,384
96,187,385
96,188,387
96,189,386
96,190,385
96,191,370
96,192,382
96,193,380
96,194,374
96,195,377
96,196,386
96,197,389
96,198,378
96,199,377
96,200,380
97,1,3
97,2,3
97,3,6
97,4,11
97,5,31
97,6,67
97,7,144
97,8,252
97,9,338
97,10,372
97,11,376
97,12,388
97,13,383
97,14,387
97,15,382
97,16,374
97,17,384
97,18,384
97,19,382
97,20,378
97,21,372
97,22,381
97,23,386
97,24,381
97,25,383
97,26,382
97,27,380
97,28,388
97,29,385
97,30,395
97,31,398
97,32,387
97,33,382
97,34,393
97,35,368
97,36,379
97,37,370
97,38,385
97,39,379
97,40,379
97,41,378
97,42,376
97,43,384
97,44,386
97,45,389
97,46,380
97,47,377
97,48,378
97,49,383
97,50,376
97,51,378
97,52,378
97,53,398
97,54,382
97,55,373
97,56,375
97,57,379
97,58,383
97,59,388
97,60,395
97,61,385
97,62,393
97,63,394
97,64,377
97,65,368
97,66,374
97,67,385
97,68,378
97,69,393
97,70,385
97,71,378
97,72,385
97,73,374
97,74,378
97,75,374
97,76,380
97,77,384
97,78,385
97,79,380
97,80,376
97,81,372
97,82,375
97,83,381
97,84,382
97,85,374
97,86,383
97,87,396
97,88,382
97,89,383
97,90,381
97,91,392
97,92,382
97,93,377
97,94,385
97,95,385
97,96,386
97,97,399
97,98,373
97,99,397
97,100,389
97,101,390
97,102,388
97,103,387
97,104,377
97,105,383
97,106,375
97,107,378
97,108,384
97,109,397
97,110,394
97,111,388
97,112,383
97,113,389
97,114,387
97,115,391
97,116,374
97,117,376
97,118,368
97,119,384
97,120,383
97,121,385
97,122,389
97,123,380
97,124,378
97,125,379
97,126,385
97,127,382
97,128,367
97,129,387
97,130,383
97,131,399
97,132,383
97,133,381
97,134,388
97,135,376
97,136,372
97,137,384
97,138,377
97,139,393
97,140,383
97,141,378
97,142,385
97,143,378
97,144,386
97,145,394
97,146,355
97,147,379
97,148,387
97,149,385
97,150,387
97,151,384
97,152,383
97,153,376
97,154,387
97,155,382
97,156,384
97,157,371
97,158,375
97,159,378
97,160,382
97,161,389
97,162,388
97,163,384
97,164,378
97,165,369
97,166,373
97,167,389
97,168,375
97,169,377
97,170,387
97,171,384
97,172,369
97,173,391
97,174,393
97,175,395
97,176,388
97,177,377
97,178,375
97,179,383
97,180,383
97,181,383
97,182,394
97,183,388
97,184,382
97,185,379
97,186,381
97,187,376
97,188,380
97,189,376
97,190,394
97,191,395
97,192,385
97,193,386
97,194,379
97,195,372
97,196,364
97,197,378
97,198,373
97,199,390
97,200,369
98,1,3
98,2,7
98,3,21
98,4,54
98,5,114
98,6,201
98,7,281
98,8,337
98,9,359
98,10,364
98,11,373
98,12,382
98,13,388
98,14,384
98,15,389
98,16,392
98,17,391
98,18,369
98,19,379
98,20,374
98,21,388
98,22,377
98,23,393
98,24,388
98,25,382
98,26,368
98,27,380
98,28,375
98,29,375
98,30,384
98,31,382
98,32,390
98,33,374
98,34,379
98,35,380
98,36,387
98,37,383
98,38,380
98,39,386
98,40,382
98,41,384
98,42,378
98,43,379
98,44,386
98,45,383
98,46,384
98,47,356
98,48,371
98,49,384
98,50,382
98,51,372
98,52,377
98,53,379
98,54,385
98,55,375
98,56,373
98,57,390
98,58,403
98,59,376
98,60,372
98,61,381
98,62,381
98,63,392
98,64,394
98,65,376
98,66,378
98,67,394
98,68,368
98,69,388
98,70,380
98,71,389
98,72,381
98,73,396
98,74,372
98,75,391
98,76,387
98,77,394
98,78,390
98,79,383
98,80,376
98,81,385
98,82,387
98,83,386
98,84,381
98,85,382
98,86,383
98,87,377
98,88,387
98,89,375
98,90,371
98,91,388
98,92,373
98,93,392
98,94,395
98,95,371
98,96,392
98,97,377
98,98,372
98,99,368
98,100,366
98,101,379
98,102,370
98,103,389
98,104,376
98,105,370
98,106,396
98,107,380
98,108,365
98,109,381
98,110,373
98,111,387
98,112,376
98,113,389
98,114,379
98,115,383
98,116,385
98,117,397
98,118,373
98,119,391
98,120,387
98,121,383
98,122,379
98,123,371
98,124,384
98,125,387
98,126,381
98,127,387
98,128,379
98,129,382
98,130,399
98,131,384
98,132,387
98,133,383
98,134,387
98,135,380
98,136,371
98,137,377
98,138,361
98,139,371
98,140,378
98,141,388
98,142,372
98,143,375
98,144,385
98,145,370
98,146,383
98,147,365
98,148,367
98,149,375
98,150,367
98,151,387
98,152,380
98,153,401
98,154,375
98,155,391
98,156,392
98,157,380
98,158,375
98,159,375
98,160,396
98,161,398
98,162,372
98,163,384
98,164,383
98,165,371
98,166,384
98,167,393
98,168,388
98,169,379
98,170,377
98,171,402
98,172,381
98,173,383
98,174,379
98,175,369
98,176,383
98,177,375
98,178,377
98,179,383
98,180,373
98,181,369
98,182,370
98,183,378
98,184,377
98,185,383
98,186,379
98,187,379
98,188,395
98,189,376
98,190,381
98,191,381
98,192,392
98,193,400
98,194,380
98,195,373
98,196,375
98,197,371
98,198,367
98,199,382
98,200,384
99,1,0
99,2,0
99,3,0
99,4,0
99,5,0
99,6,0
99,7,0
99,8,0
99,9,0
99,10,0
99,11,0
99,12,0
99,13,0
99,14,0
99,15,0
99,16,0
99,17,0
99,18,0
99,19,0
99,20,0
99,21,0
99,22,0
99,23,0
99,24,0
99,25,0
99,26,0
99,27,0
99,28,0
99,29,0
99,30,0
99,31,0
99,32,0
99,33,0
99,34,0
99,35,0
99,36,0
99,37,0
99,38,0
99,39,0
99,40,0
99,41,0
99,42,0
99,43,0
99,44,0
99,45,0
99,46,0
99,47,0
99,48,0
99,49,0
99,50,0
99,51,0
99,52,0
99,53,0
99,54,0
99,55,0
99,56,0
99,57,0
99,58,0
99,59,0
99,60,0
99,61,0
99,62,0
99,63,0
99,64,0
99,65,0
99,66,0
99,67,0
99,68,0
99,69,0
99,70,0
99,71,0
99,72,0
99,73,0
99,74,0
99,75,0
99,76,0
99,77,0
99,78,0
99,79,0
99,80,0
99,81,0
99,82,0
99,83,0
99,84,0
99,85,0
99,86,0
99,87,0
99,88,0
99,89,0
99,90,0
99,91,0
99,92,0
99,93,0
99,94,0
99,95,0
99,96,0
99,97,0
99,98,0
99,99,0
99,100,0
99,101,0
99,102,0
99,103,0
99,104,0
99,105,0
99,106,0
99,107,0
99,108,0
99,109,0
99,110,0
99,111,0
99,112,0
99,113,0
99,114,0
99,115,0
99,116,0
99,117,0
99,118,0
99,119,0
99,120,0
99,121,0
99,122,0
99,123,0
99,124,0
99,125,0
99,126,0
99,127,0
99,128,0
99,129,0
99,130,0
99,131,0
99,132,0
99,133,0
99,134,0
99,135,0
99,136,0
99,137,0
99,138,0
99,139,0
99,140,0
99,141,0
99,142,0
99,143,0
99,144,0
99,145,0
99,146,0
99,147,0
99,148,0
99,149,0
99,150,0
99,151,0
99,152,0
99,153,0
99,154,0
99,155,0
99,156,0
99,157,0
99,158,0
99,159,0
99,160,0
99,161,0
99,162,0
99,163,0
99,164,0
99,165,0
99,166,0
99,167,0
99,168,0
99,169,0
99,170,0
99,171,0
99,172,0
99,173,0
99,174,0
99,175,0
99,176,0
99,177,0
99,178,0
99,179,0
99,180,0
99,181,0
99,182,0
99,183,0
99,184,0
99,185,0
99,186,0
99,187,0
99,188,0
99,189,0
99,190,0
99,191,0
99,192,0
99,193,0
99,194,0
99,195,0
99,196,0
99,197,0
99,198,0
99,199,0
99,200,0
100,1,4
100,2,9
100,3,33
100,4,74
100,5,149
100,6,250
100,7,336
100,8,365
100,9,370
100,10,370
100,11,376
100,12,372
100,13,382
100,14,387
100,15,373
100,16,368
100,17,380
100,18,376
100,19,386
100,20,381
100,21,375
100,22,386
100,23,387
100,24,381
100,25,371
100,26,374
100,27,373
100,28,373
100,29,366
100,30,372
100,31,388
100,32,381
100,33,377
100,34,382
100,35,373
100,36,385
100,37,387
100,38,375
100,39,381
100,40,385
100,41,378
100,42,370
100,43,372
100,44,358
100,45,385
100,46,396
100,47,374
100,48,373
100,49,398
100,50,383
100,51,383
100,52,373
100,53,364
100,54,381
100,55,377
100,56,381
100,57,361
100,58,376
100,59,383
100,60,396
100,61,389
100,62,380
100,63,372
100,64,385
100,65,391
100,66,379
100,67,393
100,68,394
100,69,388
100,70,382
100,71,382
100,72,372
100,73,376
100,74,372
100,75,375
100,76,384
100,77,372
100,78,386
100,79,387
100,80,378
100,81,376
100,82,392
100,83,383
100,84,383
100,85,371
100,86,389
100,87,375
100,88,374
100,89,360
100,90,368
100,91,381
100,92,383
100,93,366
100,94,376
100,95,390
100,96,369
100,97,383
100,98,385
100,99,376
100,100,378
100,101,377
100,102,378
100,103,371
100,104,390
100,105,372
100,106,370
100,107,391
100,108,390
100,109,378
100,110,380
100,111,372
100,112,383
100,113,393
100,114,370
100,115,375
100,116,377
100,117,379
100,118,378
100,119,386
100,120,392
100,121,382
100,122,375
100,123,395
100,124,375
100,125,386
100,126,387
100,127,377
100,128,384
100,129,382
100,130,374
100,131,364
100,132,384
100,133,382
100,134,380
100,135,383
100,136,382
100,137,379
100,138,389
100,139,381
100,140,368
100,141,379
100,142,380
100,143,380
100,144,379
100,145,384
100,146,390
100,147,385
100,148,378
100,149,379
100,150,378
100,151,368
100,152,381
100,153,390
100,154,392
100,155,389
100,156,385
100,157,388
100,158,373
100,159,385
100,160,377
100,161,400
100,162,381
100,163,386
100,164,368
100,165,385
100,166,373
100,167,363
100,168,371
100,169,373
100,170,379
100,171,369
100,172,370
100,173,389
100,174,383
100,175,383
100,176,385
100,177,389
100,178,377
100,179,391
100,180,386
100,181,373
100,182,386
100,183,394
100,184,382
100,185,380
100,186,379
100,187,383
100,188,373
100,189,376
100,190,378
100,191,383
100,192,386
100,193,395
100,194,389
100,195,383
100,196,381
100,197,379
100,198,393
100,199,377
100,200,376
101,1,1
101,2,5
101,3,14
101,4,32
101,5,77
101,6,168
101,7,257
101,8,331
101,9,370
101,10,382
101,11,390
101,12,368
101,13,390
101,14,388
101,15,388
101,16,379
101,17,369
101,18,374
101,19,385
101,20,400
101,21,385
101,22,393
101,23,386
101,24,383
101,25,383
101,26,388
101,27,387
101,28,379
101,29,379
101,30,378
101,31,382
101,32,373
101,33,383
101,34,380
101,35,378
101,36,374
101,37,388
101,38,381
101,39,369
101,40,379
101,41,383
101,42,373
101,43,382
101,44,378
101,45,389
101,46,374
101,47,388
101,48,366
101,49,370
101,50,382
101,51,384
101,52,382
101,53,381
101,54,382
101,55,379
101,56,383
101,57,376
101,58,375
101,59,378
101,60,393
101,61,393
101,62,395
101,63,381
101,64,391
101,65,374
101,66,376
101,67,383
101,68,375
101,69,402
101,70,384
101,71,381
101,72,367
101,73,383
101,74,376
101,75,377
101,76,383
101,77,371
101,78,371
101,79,359
101,80,375
101,81,380
101,82,391
101,83,387
101,84,390
101,85,384
101,86,377
101,87,390
101,88,382
101,89,387
101,90,369
101,91,371
101,92,379
101,93,390
101,94,396
101,95,379
101,96,379
101,97,387
101,98,369
101,99,366
101,100,389
101,101,387
101,102,366
101,103,384
101,104,378
101,105,384
101,106,392
101,107,384
101,108,387
101,109,395
101,110,381
101,111,371
101,112,379
101,113,381
101,114,370
101,115,372
101,116,369
101,117,382
101,118,385
101,119,372
101,120,383
101,121,364
101,122,386
101,123,384
101,124,389
101,125,373
101,126,387
101,127,380
101,128,365
101,129,356
101,130,362
101,131,381
101,132,398
101,133,379
101,134,390
101,135,365
101,136,376
101,137,377
101,138,384
101,139,378
101,140,390
101,141,384
101,142,388
101,143,389
101,144,382
101,145,375
101,146,392
101,147,389
101,148,370
101,149,375
101,150,384
101,151,389
101,152,391
101,153,385
101,154,373
101,155,361
101,156,367
101,157,373
101,158,375
101,159,369
101,160,382
101,161,396
101,162,369
101,163,378
101,164,379
101,165,377
101,166,371
101,167,385
101,168,385
101,169,374
101,170,382
101,171,364
101,172,371
101,173,390
101,174,371
101,175,393
101,176,380
101,177,371
101,178,376
101,179,379
101,180,373
101,181,392
101,182,391
101,183,395
101,184,381
101,185,386
101,186,386
101,187,392
101,188,395
101,189,389
101,190,403
101,191,389
101,192,381
101,193,382
101,194,395
101,195,373
101,196,374
101,197,392
101,198,382
101,199,382
101,200,391
102,1,1
102,2,2
102,3,2
102,4,4
102,5,11
102,6,25
102,7,46
102,8,95
102,9,173
102,10,277
102,11,333
102,12,353
102,13,382
102,14,374
102,15,376
102,16,377
102,17,392
102,18,392
102,19,393
102,20,384
102,21,381
102,22,389
102,23,386
102,24,381
102,25,383
102,26,386
102,27,384
102,28,378
102,29,367
102,30,383
102,31,393
102,32,384
102,33,377
102,34,387
102,35,380
102,36,380
102,37,397
102,38,381
102,39,387
102,40,394
102,41,384
102,42,387
102,43,386
102,44,377
102,45,368
102,46,378
102,47,371
102,48,383
102,49,378
102,50,393
102,51,385
102,52,388
102,53,384
102,54,392
102,55,383
102,56,375
102,57,367
102,58,382
102,59,392
102,60,399
102,61,372
102,62,383
102,63,380
102,64,376
102,65,378
102,66,374
102,67,384
102,68,378
102,69,375
102,70,378
102,71,375
102,72,381
102,73,368
102,74,383
102,75,382
102,76,367
102,77,378
102,78,378
102,79,380
102,80,395
102,81,383
102,82,387
102,83,391
102,84,387
102,85,366
102,86,388
102,87,384
102,88,374
102,89,381
102,90,386
102,91,388
102,92,375
102,93,375
102,94,389
102,95,387
102,96,378
102,97,371
102,98,380
102,99,370
102,100,387
102,101,376
102,102,376
102,103,385
102,104,372
102,105,375
102,106,383
102,107,367
102,108,384
102,109,379
102,110,387
102,111,362
102,112,370
102,113,373
102,114,383
102,115,383
102,116,392
102,117,372
102,118,372
102,119,385
102,120,378
102,121,380
102,122,396
102,123,378
102,124,373
102,125,380
102,126,376
102,127,388
102,128,370
102,129,383
102,130,389
102,131,393
102,132,380
102,133,367
102,134,370
102,135,366
102,136,372
102,137,377
102,138,385
102,139,373
102,140,379
102,141,386
102,142,373
102,143,385
102,144,386
102,145,382
102,146,378
102,147,381
102,148,369
102,149,392
102,150,377
102,151,377
102,152,398
102,153,383
102,154,366
102,155,385
102,156,380
102,157,385
102,158,386
102,159,388
102,160,383
102,161,399
102,162,388
102,163,394
102,164,392
102,165,404
102,166,375
102,167,385
102,168,371
102,169,378
102,170,382
102,171,383
102,172,386
102,173,393
102,174,384
102,175,382
102,176,362
102,177,365
102,178,374
102,179,382
102,180,388
102,181,379
102,182,379
102,183,371
102,184,377
102,185,386
102,186,392
102,187,380
102,188,390
102,189,391
102,190,388
102,191,382
102,192,389
102,193,390
102,194,397
102,195,383
102,196,388
102,197,378
102,198,383
102,199,392
102,200,387
103,1,1
103,2,1
103,3,2
103,4,8
103,5,20
103,6,43
103,7,93
103,8,178
103,9,266
103,10,341
103,11,342
103,12,362
103,13,375
103,14,387
103,15,385
103,16,372
103,17,375
103,18,370
103,19,378
103,20,371
103,21,378
103,22,390
103,23,386
103,24,376
103,25,376
103,26,385
103,27,368
103,28,388
103,29,389
103,30,383
103,31,385
103,32,383
103,33,385
103,34,389
103,35,394
103,36,376
103,37,376
103,38,385
103,39,378
103,40,381
103,41,378
103,42,380
103,43,373
103,44,377
103,45,383
103,46,379
103,47,383
103,48,381
103,49,365
103,50,367
103,51,371
103,52,382
103,53,365
103,54,381
103,55,392
103,56,376
103,57,379
103,58,373
103,59,399
103,60,389
103,61,379
103,62,367
103,63,370
103,64,378
103,65,374
103,66,378
103,67,381
103,68,390
103,69,377
103,70,376
103,71,371
103,72,379
103,73,365
103,74,380
103,75,398
103,76,387
103,77,393
103,78,383
103,79,379
103,80,378
103,81,382
103,82,382
103,83,380
103,84,389
103,85,387
103,86,380
103,87,395
103,88,392
103,89,387
103,90,374
103,91,381
103,92,380
103,93,383
103,94,386
103,95,380
103,96,390
103,97,373
103,98,386
103,99,368
103,100,402
103,101,396
103,102,378
103,103,380
103,104,386
103,105,375
103,106,382
103,107,379
103,108,375
103,109,390
103,110,386
103,111,376
103,112,383
103,113,386
103,114,380
103,115,376
103,116,370
103,117,379
103,118,377
103,119,376
103,120,381
103,121,382
103,122,381
103,123,390
103,124,373
103,125,375
103,126,378
103,127,381
103,128,381
103,129,379
103,130,382
103,131,387
103,132,391
103,133,380
103,134,381
103,135,361
103,136,371
103,137,370
103,138,368
103,139,392
103,140,364
103,141,378
103,142,387
103,143,376
103,144,400
103,145,406
103,146,380
103,147,389
103,148,375
103,149,387
103,150,367
103,151,383
103,152,387
103,153,387
103,154,370
103,155,383
103,156,383
103,157,385
103,158,383
103,159,382
103,160,387
103,161,378
103,162,387
103,163,386
103,164,387
103,165,388
103,166,372
103,167,371
103,168,388
103,169,393
103,170,380
103,171,368
103,172,385
103,173,373
103,174,376
103,175,383
103,176,376
103,177,373
103,178,378
103,179,380
103,180,368
103,181,388
103,182,387
103,183,383
103,184,357
103,185,381
103,186,399
103,187,385
103,188,388
103,189,393
103,190,383
103,191,393
103,192,379
103,193,388
103,194,386
103,195,387
103,196,385
103,197,370
103,198,385
103,199,371
103,200,375
104,1,3
104,2,7
104,3,11
104,4,20
104,5,47
104,6,110
104,7,219
104,8,304
104,9,360
104,10,383
104,11,377
104,12,372
104,13,378
104,14,383
104,15,378
104,16,375
104,17,392
104,18,389
104,19,369
104,20,381
104,21,371
104,22,388
104,23,364
104,24,382
104,25,384
104,26,381
104,27,389
104,28,388
104,29,389
104,30,391
104,31,387
104,32,382
104,33,375
104,34,377
104,35,356
104,36,375
104,37,385
104,38,382
104,39,373
104,40,390
104,41,395
104,42,376
104,43,382
104,44,379
104,45,369
104,46,368
104,47,375
104,48,378
104,49,388
104,50,367
104,51,391
104,52,392
104,53,388
104,54,392
104,55,393
104,56,394
104,57,384
104,58,398
104,59,392
104,60,389
104,61,381
104,62,398
104,63,384
104,64,387
104,65,385
104,66,383
104,67,381
104,68,378
104,69,369
104,70,389
104,71,384
104,72,384
104,73,384
104,74,384
104,75,385
104,76,376
104,77,376
104,78,375
104,79,380
104,80,385
104,81,380
104,82,383
104,83,383
104,84,387
104,85,387
104,86,389
104,87,399
104,88,370
104,89,382
104,90,385
104,91,385
104,92,377
104,93,385
104,94,372
104,95,382
104,96,388
104,97,384
104,98,379
104,99,385
104,100,382
104,101,366
104,102,390
104,103,376
104,104,373
104,105,361
104,106,368
104,107,382
104,108,381
104,109,369
104,110,377
104,111,375
104,112,361
104,113,373
104,114,376
104,115,367
104,116,366
104,117,385
104,118,389
104,119,386
104,120,384
104,121,393
104,122,381
104,123,385
104,124,370
104,125,380
104,126,389
104,127,379
104,128,384
104,129,369
104,130,394
104,131,390
104,132,397
104,133,399
104,134,385
104,135,380
104,136,377
104,137,375
104,138,383
104,139,377
104,140,379
104,141,375
104,142,375
104,143,385
104,144,380
104,145,387
104,146,375
104,147,397
104,148,391
104,149,386
104,150,379
104,151,371
104,152,382
104,153,394
104,154,378
104,155,382
104,156,379
104,157,386
104,158,391
104,159,385
104,160,386
104,161,378
104,162,380
104,163,380
104,164,377
104,165,395
104,166,393
104,167,380
104,168,390
104,169,393
104,170,382
104,171,369
104,172,373
104,173,395
104,174,380
104,175,369
104,176,381
104,177,375
104,178,379
104,179,372
104,180,374
104,181,381
104,182,376
104,183,384
104,184,371
104,185,381
104,186,384
104,187,380
104,188,376
104,189,383
104,190,381
104,191,375
104,192,377
104,193,377
104,194,381
104,195,371
104,196,370
104,197,383
104,198,358
104,199,378
104,200,370
105,1,3
105,2,8
105,3,19
105,4,49
105,5,106
105,6,197
105,7,283
105,8,350
105,9,369
105,10,375
105,11,388
105,12,366
105,13,366
105,14,373
105,15,385
105,16,377
105,17,383
105,18,372
105,19,389
105,20,369
105,21,373
105,22,384
105,23,386
105,24,383
105,25,396
105,26,396
105,27,369
105,28,379
105,29,377
105,30,378
105,31,388
105,32,380
105,33,384
105,34,384
105,35,388
105,36,383
105,37,382
105,38,389
105,39,385
105,40,392
105,41,394
105,42,377
105,43,374
105,44,378
105,45,379
105,46,388
105,47,387
105,48,391
105,49,388
105,50,386
105,51,388
105,52,380
105,53,383
105,54,372
105,55,398
105,56,375
105,57,383
105,58,377
105,59,388
105,60,394
105,61,367
105,62,373
105,63,389
105,64,414
105,65,402
105,66,377
105,67,380
105,68,402
105,69,378
105,70,373
105,71,378
105,72,382
105,73,366
105,74,376
105,75,390
105,76,382
105,77,375
105,78,388
105,79,383
105,80,375
105,81,381
105,82,380
105,83,382
105,84,388
105,85,381
105,86,392
105,87,381
105,88,380
105,89,382
105,90,389
105,91,391
105,92,391
105,93,399
105,94,376
105,95,372
105,96,377
105,97,380
105,98,376
105,99,391
105,100,392
105,101,377
105,102,363
105,103,368
105,104,389
105,105,388
105,106,393
105,107,384
105,108,366
105,109,388
105,110,374
105,111,375
105,112,373
105,113,396
105,114,388
105,115,391
105,116,388
105,117,390
105,118,377
105,119,381
105,120,394
105,121,395
105,122,380
105,123,390
105,124,369
105,125,374
105,126,382
105,127,380
105,128,387
105,129,380
105,130,383
105,131,382
105,132,383
105,133,372
105,134,375
105,135,383
105,136,390
105,137,375
105,138,371
105,139,384
105,140,375
105,141,372
105,142,384
105,143,392
105,144,388
105,145,389
105,146,366
105,147,367
105,148,365
105,149,363
105,150,377
105,151,384
105,152,387
105,153,395
105,154,392
105,155,386
105,156,392
105,157,385
105,158,377
105,159,374
105,160,372
105,161,384
105,162,386
105,163,380
105,164,365
105,165,390
105,166,393
105,167,400
105,168,380
105,169,382
105,170,379
105,171,393
105,172,388
105,173,394
105,174,404
105,175,381
105,176,361
105,177,367
105,178,387
105,179,380
105,180,367
105,181,372
105,182,385
105,183,374
105,184,374
105,185,389
105,186,360
105,187,385
105,188,381
105,189,377
105,190,392
105,191,385
105,192,384
105,193,395
105,194,389
105,195,364
105,196,382
105,197,385
105,198,390
105,199,383
105,200,390
106,1,2
106,2,5
106,3,10
106,4,27
106,5,66
106,6,128
106,7,221
106,8,309
106,9,337
106,10,353
106,11,377
106,12,377
106,13,376
106,14,390
106,15,373
106,16,382
106,17,368
106,18,368
106,19,374
106,20,384
106,21,377
106,22,364
106,23,377
106,24,367
106,25,371
106,26,387
106,27,382
106,28,379
106,29,372
106,30,379
106,31,386
106,32,378
106,33,387
106,34,376
106,35,380
106,36,385
106,37,363
106,38,380
106,39,381
106,40,383
106,41,391
106,42,396
106,43,378
106,44,392
106,45,376
106,46,395
106,47,385
106,48,373
106,49,379
106,50,388
106,51,389
106,52,379
106,53,373
106,54,388
106,55,392
106,56,379
106,57,369
106,58,366
106,59,380
106,60,383
106,61,382
106,62,377
106,63,384
106,64,385
106,65,365
106,66,375
106,67,380
106,68,390
106,69,386
106,70,379
106,71,379
106,72,388
106,73,387
106,74,383
106,75,372
106,76,391
106,77,398
106,78,391
106,79,388
106,80,392
106,81,368
106,82,381
106,83,383
106,84,387
106,85,384
106,86,389
106,87,387
106,88,386
106,89,372
106,90,365
106,91,382
106,92,384
106,93,386
106,94,391
106,95,379
106,96,379
106,97,387
106,98,373
106,99,382
106,100,383
106,101,377
106,102,385
106,103,378
106,104,377
106,105,394
106,106,377
106,107,384
106,108,387
106,109,381
106,110,378
106,111,382
106,112,388
106,113,382
106,114,373
106,115,385
106,116,381
106,117,390
106,118,387
106,119,391
106,120,395
106,121,388
106,122,374
106,123,373
106,124,376
106,125,380
106,126,381
106,127,376
106,128,377
106,129,389
106,130,389
106,131,384
106,132,400
106,133,389
106,134,379
106,135,379
106,136,379
106,137,389
106,138,387
106,139,367
106,140,365
106,141,395
106,142,368
106,143,372
106,144,384
106,145,365
106,146,380
106,147,390
106,148,381
106,149,373
106,150,378
106,151,373
106,152,378
106,153,380
106,154,374
106,155,380
106,156,375
106,157,382
106,158,382
106,159,400
106,160,386
106,161,375
106,162,380
106,163,387
106,164,379
106,165,368
106,166,380
106,167,391
106,168,370
106,169,366
106,170,366
106,171,391
106,172,385
106,173,375
106,174,372
106,175,376
106,176,377
106,177,387
106,178,376
106,179,375
106,180,362
106,181,377
106,182,392
106,183,389
106,184,373
106,185,386
106,186,388
106,187,379
106,188,377
106,189,390
106,190,387
106,191,386
106,192,376
106,193,385
106,194,381
106,195,384
106,196,368
106,197,379
106,198,374
106,199,372
106,200,381
107,1,2
107,2,2
107,3,7
107,4,18
107,5,35
107,6,93
107,7,180
107,8,268
107,9,347
107,10,380
107,11,383
107,12,380
107,13,379
107,14,370
107,15,359
107,16,364
107,17,372
107,18,390
107,19,370
107,20,386
107,21,380
107,22,388
107,23,400
107,24,375
107,25,381
107,26,377
107,27,382
107,28,373
107,29,391
107,30,392
107,31,396
107,32,378
107,33,380
107,34,382
107,35,390
107,36,382
107,37,371
107,38,384
107,39,371
107,40,385
107,41,382
107,42,378
107,43,378
107,44,406
107,45,390
107,46,372
107,47,386
107,48,373
107,49,380
107,50,378
107,51,380
107,52,366
107,53,366
107,54,378
107,55,378
107,56,369
107,57,378
107,58,377
107,59,385
107,60,368
107,61,387
107,62,394
107,63,385
107,64,383
107,65,392
107,66,379
107,67,387
107,68,393
107,69,383
107,70,381
107,71,386
107,72,390
107,73,365
107,74,372
107,75,375
107,76,382
107,77,372
107,78,381
107,79,385
107,80,384
107,81,370
107,82,383
107,83,373
107,84,376
107,85,381
107,86,367
107,87,364
107,88,385
107,89,371
107,90,387
107,91,381
107,92,367
107,93,378
107,94,383
107,95,386
107,96,387
107,97,376
107,98,372
107,99,391
107,100,389
107,101,383
107,102,387
107,103,392
107,104,396
107,105,373
107,106,383
107,107,370
107,108,393
107,109,387
107,110,378
107,111,382
107,112,378
107,113,392
107,114,372
107,115,397
107,116,379
107,117,378
107,118,377
107,119,377
107,120,374
107,121,375
107,122,378
107,123,392
107,124,392
107,125,375
107,126,381
107,127,390
107,128,381
107,129,368
107,130,377
107,131,379
107,132,373
107,133,396
107,134,364
107,135,383
107,136,383
107,137,368
107,138,382
107,139,389
107,140,377
107,141,383
107,142,388
107,143,392
107,144,373
107,145,384
107,146,394
107,147,409
107,148,371
107,149,372
107,150,382
107,151,402
107,152,381
107,153,392
107,154,390
107,155,383
107,156,386
107,157,384
107,158,377
107,159,380
107,160,385
107,161,364
107,162,369
107,163,379
107,164,380
107,165,392
107,166,386
107,167,387
107,168,375
107,169,378
107,170,389
107,171,384
107,172,396
107,173,387
107,174,386
107,175,369
107,176,371
107,177,380
107,178,386
107,179,379
107,180,372
107,181,379
107,182,389
107,183,388
107,184,387
107,185,369
107,186,388
107,187,386
107,188,381
107,189,382
107,190,392
107,191,399
107,192,392
107,193,383
107,194,372
107,195,378
107,196,379
107,197,381
107,198,388
107,199,381
107,200,385
108,1,3
108,2,5
108,3,16
108,4,42
108,5,81
108,6,166
108,7,264
108,8,339
108,9,370
108,10,387
108,11,384
108,12,378
108,13,388
108,14,379
108,15,380
108,16,385
108,17,376
108,18,390
108,19,380
108,20,392
108,21,381
108,22,381
108,23,371
108,24,389
108,25,372
108,26,393
108,27,377
108,28,390
108,29,387
108,30,379
108,31,381
108,32,371
108,33,377
108,34,384
108,35,388
108,36,382
108,37,374
108,38,362
108,39,371
108,40,390
108,41,381
108,42,380
108,43,388
108,44,388
108,45,385
108,46,392
108,47,388
108,48,380
108,49,380
108,50,386
108,51,393
108,52,374
108,53,374
108,54,379
108,55,385
108,56,384
108,57,382
108,58,390
108,59,390
108,60,395
108,61,386
108,62,385
108,63,389
108,64,377
108,65,391
108,66,389
108,67,398
108,68,385
108,69,388
108,70,380
108,71,372
108,72,380
108,73,389
108,74,380
108,75,378
108,76,389
108,77,375
108,78,383
108,79,366
108,80,376
108,81,382
108,82,380
108,83,398
108,84,382
108,85,370
108,86,380
108,87,382
108,88,386
108,89,366
108,90,369
108,91,375
108,92,379
108,93,372
108,94,380
108,95,384
108,96,388
108,97,392
108,98,385
108,99,390
108,100,387
108,101,388
108,102,400
108,103,380
108,104,372
108,105,368
108,106,378
108,107,378
108,108,385
108,109,384
108,110,391
108,111,385
108,112,364
108,113,378
108,114,388
108,115,378
108,116,393
108,117,387
108,118,394
108,119,393
108,120,398
108,121,385
108,122,401
108,123,390
108,124,399
108,125,393
108,126,395
108,127,378
108,128,386
108,129,392
108,130,382
108,131,390
108,132,373
108,133,390
108,134,393
108,135,395
108,136,371
108,137,379
108,138,369
108,139,367
108,140,393
108,141,384
108,142,375
108,143,392
108,144,385
108,145,381
108,146,380
108,147,379
108,148,376
108,149,387
108,150,386
108,151,401
108,152,386
108,153,373
108,154,370
108,155,391
108,156,378
108,157,380
108,158,369
108,159,378
108,160,382
108,161,393
108,162,386
108,163,390
108,164,392
108,165,366
108,166,371
108,167,391
108,168,383
108,169,386
108,170,402
108,171,389
108,172,389
108,173,384
108,174,389
108,175,361
108,176,389
108,177,377
108,178,390
108,179,386
108,180,382
108,181,374
108,182,386
108,183,384
108,184,396
108,185,389
108,186,386
108,187,395
108,188,382
108,189,393
108,190,378
108,191,376
108,192,386
108,193,367
108,194,380
108,195,383
108,196,377
108,197,368
108,198,378
108,199,393
108,200,377
109,1,2
109,2,6
109,3,18
109,4,43
109,5,82
109,6,158
109,7,250
109,8,329
109,9,361
109,10,382
109,11,386
109,12,377
109,13,380
109,14,374
109,15,369
109,16,396
109,17,395
109,18,382
109,19,387
109,20,382
109,21,378
109,22,372
109,23,371
109,24,386
109,25,379
109,26,380
109,27,380
109,28,391
109,29,376
109,30,369
109,31,381
109,32,378
109,33,363
109,34,377
109,35,380
109,36,378
109,37,382
109,38,392
109,39,372
109,40,384
109,41,370
109,42,378
109,43,387
109,44,387
109,45,384
109,46,378
109,47,379
109,48,381
109,49,380
109,50,375
109,51,369
109,52,364
109,53,378
109,54,378
109,55,364
109,56,383
109,57,383
109,58,365
109,59,391
109,60,383
109,61,359
109,62,375
109,63,362
109,64,371
109,65,381
109,66,382
109,67,384
109,68,382
109,69,379
109,70,388
109,71,373
109,72,372
109,73,372
109,74,376
109,75,377
109,76,365
109,77,374
109,78,390
109,79,389
109,80,378
109,81,379
109,82,378
109,83,383
109,84,370
109,85,372
109,86,379
109,87,380
109,88,376
109,89,381
109,90,388
109,91,388
109,92,386
109,93,375
109,94,382
109,95,402
109,96,386
109,97,379
109,98,389
109,99,385
109,100,386
109,101,380
109,102,393
109,103,381
109,104,369
109,105,372
109,106,371
109,107,367
109,108,379
109,109,369
109,110,377
109,111,380
109,112,383
109,113,379
109,114,388
109,115,389
109,116,390
109,117,381
109,118,372
109,119,366
109,120,366
109,121,389
109,122,382
109,123,391
109,124,384
109,125,375
109,126,395
109,127,388
109,128,380
109,129,391
109,130,381
109,131,388
109,132,381
109,133,375
109,134,367
109,135,379
109,136,383
109,137,379
109,138,377
109,139,395
109,140,384
109,141,386
109,142,384
109,143,390
109,144,385
109,145,390
109,146,368
109,147,374
109,148,389
109,149,370
109,150,384
109,151,390
109,152,391
109,153,391
109,154,378
109,155,390
109,156,375
109,157,357
109,158,386
109,159,396
109,160,382
109,161,368
109,162,371
109,163,372
109,164,377
109,165,365
109,166,355
109,167,369
109,168,382
109,169,365
109,170,371
109,171,386
109,172,386
109,173,382
109,174,395
109,175,391
109,176,375
109,177,376
109,178,381
109,179,387
109,180,384
109,181,377
109,182,369
109,183,369
109,184,376
109,185,385
109,186,394
109,187,380
109,188,376
109,189,380
109,190,386
109,191,379
109,192,383
109,193,379
109,194,367
109,195,395
109,196,396
109,197,375
109,198,374
109,199,389
109,200,393
110,1,2
110,2,6
110,3,14
110,4,39
110,5,88
110,6,166
110,7,274
110,8,341
110,9,367
110,10,376
110,11,368
110,12,371
110,13,392
110,14,386
110,15,391
110,16,385
110,17,378
110,18,377
110,19,369
110,20,382
110,21,387
110,22,375
110,23,366
110,24,361
110,25,365
110,26,376
110,27,375
110,28,384
110,29,382
110,30,375
110,31,386
110,32,390
110,33,393
110,34,377
110,35,386
110,36,386
110,37,375
110,38,384
110,39,371
110,40,383
110,41,378
110,42,369
110,43,355
110,44,365
110,45,368
110,46,383
110,47,377
110,48,356
110,49,376
110,50,377
110,51,385
110,52,383
110,53,373
110,54,393
110,55,369
110,56,377
110,57,372
110,58,378
110,59,386
110,60,371
110,61,379
110,62,383
110,63,379
110,64,385
110,65,372
110,66,381
110,67,397
110,68,389
110,69,390
110,70,391
110,71,377
110,72,379
110,73,381
110,74,374
110,75,386
110,76,383
110,77,382
110,78,375
110,79,380
110,80,374
110,81,385
110,82,380
110,83,376
110,84,373
110,85,363
110,86,383
110,87,376
110,88,383
110,89,381
110,90,374
110,91,363
110,92,371
110,93,378
110,94,371
110,95,379
110,96,391
110,97,381
110,98,379
110,99,378
110,100,369
110,101,360
110,102,375
110,103,376
110,104,396
110,105,380
110,106,383
110,107,379
110,108,377
110,109,385
110,110,383
110,111,362
110,112,365
110,113,360
110,114,370
110,115,372
110,116,389
110,117,373
110,118,370
110,119,388
110,120,375
110,121,379
110,122,373
110,123,385
110,124,387
110,125,379
110,126,377
110,127,371
110,128,374
110,129,371
110,130,361
110,131,378
110,132,373
110,133,375
110,134,388
110,135,374
110,136,381
110,137,381
110,138,388
110,139,368
110,140,377
110,141,367
110,142,374
110,143,376
110,144,376
110,145,368
110,146,367
110,147,374
110,148,370
110,149,384
110,150,369
110,151,376
110,152,378
110,153,399
110,154,389
110,155,376
110,156,381
110,157,380
110,158,383
110,159,381
110,160,378
110,161,386
110,162,362
110,163,379
110,164,391
110,165,378
110,166,381
110,167,366
110,168,381
110,169,373
110,170,378
110,171,382
110,172,384
110,173,378
110,174,363
110,175,386
110,176,386
110,177,379
110,178,386
110,179,380
110,180,394
110,181,393
110,182,373
110,183,383
110,184,379
110,185,382
110,186,383
110,187,379
110,188,381
110,189,388
110,190,379
110,191,374
110,192,378
110,193,366
110,194,366
110,195,373
110,196,385
110,197,388
110,198,375
110,199,383
110,200,365
111,1,2
111,2,5
111,3,12
111,4,28
111,5,45
111,6,100
111,7,180
111,8,269
111,9,336
111,10,373
111,11,389
111,12,382
111,13,368
111,14,376
111,15,395
111,16,391
111,17,382
111,18,380
111,19,381
111,20,378
111,21,373
111,22,383
111,23,383
111,24,380
111,25,379
111,26,382
111,27,389
111,28,402
111,29,388
111,30,378
111,31,383
111,32,389
111,33,364
111,34,392
111,35,389
111,36,380
111,37,405
111,38,394
111,39,378
111,40,380
111,41,376
111,42,373
111,43,364
111,44,384
111,45,386
111,46,374
111,47,389
111,48,384
111,49,387
111,50,368
111,51,370
111,52,385
111,53,371
111,54,382
111,55,380
111,56,380
111,57,377
111,58,388
111,59,371
111,60,378
111,61,372
111,62,380
111,63,375
111,64,378
111,65,384
111,66,379
111,67,376
111,68,381
111,69,375
111,70,377
111,71,386
111,72,379
111,73,370
111,74,379
111,75,385
111,76,381
111,77,397
111,78,375
111,79,381
111,80,377
111,81,366
111,82,365
111,83,377
111,84,380
111,85,377
111,86,390
111,87,394
111,88,376
111,89,395
111,90,382
111,91,390
111,92,397
111,93,380
111,94,386
111,95,383
111,96,372
111,97,381
111,98,392
111,99,396
111,100,382
111,101,386
111,102,392
111,103,384
111,104,387
111,105,392
111,106,375
111,107,374
111,108,390
111,109,377
111,110,387
111,111,374
111,112,388
111,113,374
111,114,396
111,115,385
111,116,398
111,117,391
111,118,397
111,119,385
111,120,384
111,121,372
111,122,384
111,123,380
111,124,377
111,125,387
111,126,394
111,127,368
111,128,380
111,129,364
111,130,395
111,131,383
111,132,391
111,133,390
111,134,382
111,135,400
111,136,385
111,137,388
111,138,379
111,139,399
111,140,394
111,141,379
111,142,387
111,143,376
111,144,359
111,145,366
111,146,363
111,147,366
111,148,386
111,149,383
111,150,387
111,151,373
111,152,370
111,153,366
111,154,377
111,155,380
111,156,377
111,157,386
111,158,380
111,159,389
111,160,376
111,161,384
111,162,384
111,163,373
111,164,381
111,165,380
111,166,375
111,167,367
111,168,379
111,169,387
111,170,387
111,171,378
111,172,380
111,173,372
111,174,362
111,175,380
111,176,370
111,177,394
111,178,371
111,179,376
111,180,390
111,181,389
111,182,385
111,183,376
111,184,381
111,185,384
111,186,383
111,187,381
111,188,391
111,189,378
111,190,368
111,191,387
111,192,374
111,193,383
111,194,386
111,195,375
111,196,383
111,197,389
111,198,397
111,199,386
111,200,379
112,1,2
112,2,6
112,3,15
112,4,45
112,5,95
112,6,177
112,7,273
112,8,343
112,9,359
112,10,375
112,11,389
112,12,390
112,13,396
112,14,372
112,15,380
112,16,374
112,17,360
112,18,374
112,19,372
112,20,382
112,21,377
112,22,383
112,23,377
112,24,378
112,25,386
112,26,380
112,27,387
112,28,383
112,29,379
112,30,376
112,31,365
112,32,373
112,33,387
112,34,378
112,35,376
112,36,377
112,37,374
112,38,381
112,39,368
112,40,374
112,41,380
112,42,395
112,43,378
112,44,380
112,45,383
112,46,373
112,47,385
112,48,373
112,49,375
112,50,368
112,51,377
112,52,374
112,53,370
112,54,385
112,55,389
112,56,382
112,57,374
112,58,376
112,59,373
112,60,370
112,61,382
112,62,388
112,63,366
112,64,377
112,65,381
112,66,380
112,67,374
112,68,387
112,69,382
112,70,375
112,71,372
112,72,385
112,73,369
112,74,396
112,75,387
112,76,386
112,77,384
112,78,378
112,79,383
112,80,389
112,81,383
112,82,375
112,83,382
112,84,396
112,85,364
112,86,379
112,87,383
112,88,378
112,89,376
112,90,371
112,91,364
112,92,384
112,93,373
112,94,371
112,95,373
112,96,383
112,97,373
112,98,379
112,99,373
112,100,375
112,101,378
112,102,387
112,103,372
112,104,379
112,105,379
112,106,387
112,107,374
112,108,377
112,109,370
112,110,377
112,111,369
112,112,386
112,113,383
112,114,400
112,115,389
112,116,383
112,117,382
112,118,384
112,119,378
112,120,392
112,121,382
112,122,401
112,123,382
112,124,373
112,125,374
112,126,378
112,127,384
112,128,385
112,129,386
112,130,370
112,131,383
112,132,379
112,133,383
112,134,372
112,135,378
112,136,365
112,137,374
112,138,389
112,139,374
112,140,377
112,141,388
112,142,378
112,143,380
112,144,380
112,145,373
112,146,381
112,147,367
112,148,376
112,149,383
112,150,372
112,151,377
112,152,396
112,153,383
112,154,391
112,155,382
112,156,380
112,157,382
112,158,383
112,159,379
112,160,384
112,161,386
112,162,362
112,163,368
112,164,386
112,165,384
112,166,381
112,167,382
112,168,380
112,169,379
112,170,388
112,171,386
112,172,390
112,173,395
112,174,369
112,175,384
112,176,379
112,177,389
112,178,382
112,179,385
112,180,381
112,181,384
112,182,383
112,183,380
112,184,392
112,185,382
112,186,379
112,187,399
112,188,371
112,189,381
112,190,371
112,191,391
112,192,371
112,193,382
112,194,398
112,195,390
112,196,374
112,197,376
112,198,383
112,199,388
112,200,382
113,1,1
113,2,2
113,3,6
113,4,17
113,5,38
113,6,81
113,7,164
113,8,274
113,9,334
113,10,379
113,11,376
113,12,384
113,13,376
113,14,389
113,15,378
113,16,391
113,17,396
113,18,376
113,19,388
113,20,392
113,21,373
113,22,387
113,23,378
113,24,379
113,25,379
113,26,389
113,27,391
113,28,391
113,29,377
113,30,391
113,31,380
113,32,377
113,33,357
113,34,382
113,35,372
113,36,363
113,37,383
113,38,378
113,39,388
113,40,375
113,41,382
113,42,393
113,43,394
113,44,379
113,45,391
113,46,389
113,47,383
113,48,386
113,49,400
113,50,383
113,51,382
113,52,396
113,53,389
113,54,380
113,55,393
113,56,385
113,57,394
113,58,388
113,59,378
113,60,381
113,61,393
113,62,383
113,63,392
113,64,401
113,65,365
113,66,375
113,67,377
113,68,379
113,69,391
113,70,382
113,71,377
113,72,379
113,73,381
113,74,383
113,75,380
113,76,382
113,77,376
113,78,366
113,79,392
113,80,385
113,81,377
113,82,387
113,83,389
113,84,388
113,85,370
113,86,375
113,87,369
113,88,375
113,89,384
113,90,387
113,91,389
113,92,388
113,93,389
113,94,378
113,95,364
113,96,375
113,97,397
113,98,382
113,99,371
113,100,371
113,101,366
113,102,386
113,103,380
113,104,389
113,105,372
113,106,374
113,107,369
113,108,372
113,109,384
113,110,379
113,111,380
113,112,387
113,113,387
113,114,386
113,115,391
113,116,381
113,117,373
113,118,379
113,119,369
113,120,376
113,121,376
113,122,389
113,123,383
113,124,369
113,125,382
113,126,386
113,127,379
113,128,384
113,129,379
113,130,387
113,131,370
113,132,379
113,133,394
113,134,388
113,135,379
113,136,381
113,137,389
113,138,383
113,139,376
113,140,382
113,141,394
113,142,376
113,143,387
113,144,398
113,145,394
113,146,382
113,147,372
113,148,379
113,149,378
113,150,393
113,151,387
113,152,391
113,153,385
113,154,378
113,155,390
113,156,367
113,157,385
113,158,380
113,159,369
113,160,373
113,161,390
113,162,373
113,163,380
113,164,385
113,165,392
113,166,385
113,167,368
113,168,384
113,169,372
113,170,393
113,171,387
113,172,381
113,173,385
113,174,378
113,175,388
113,176,384
113,177,392
113,178,390
113,179,389
113,180,383
113,181,378
113,182,374
113,183,375
113,184,379
113,185,384
113,186,382
113,187,383
113,188,393
113,189,383
113,190,378
113,191,384
113,192,377
113,193,391
113,194,383
113,195,362
113,196,371
113,197,366
113,198,376
113,199,388
113,200,391
114,1,3
114,2,8
114,3,21
114,4,45
114,5,107
114,6,194
114,7,296
114,8,348
114,9,370
114,10,375
114,11,372
114,12,369
114,13,370
114,14,367
114,15,385
114,16,374
114,17,385
114,18,384
114,19,393
114,20,382
114,21,383
114,22,384
114,23,391
114,24,397
114,25,390
114,26,379
114,27,371
114,28,376
114,29,377
114,30,385
114,31,381
114,32,377
114,33,384
114,34,380
114,35,381
114,36,385
114,37,389
114,38,387
114,39,389
114,40,371
114,41,381
114,42,368
114,43,358
114,44,374
114,45,388
114,46,391
114,47,374
114,48,375
114,49,369
114,50,372
114,51,374
114,52,375
114,53,376
114,54,376
114,55,384
114,56,395
114,57,374
114,58,372
114,59,384
114,60,396
114,61,373
114,62,393
114,63,389
114,64,371
114,65,363
114,66,368
114,67,367
114,68,388
114,69,383
114,70,375
114,71,370
114,72,369
114,73,376
114,74,354
114,75,364
114,76,361
114,77,368
114,78,379
114,79,373
114,80,364
114,81,369
114,82,381
114,83,383
114,84,366
114,85,374
114,86,385
114,87,368
114,88,351
114,89,370
114,90,373
114,91,377
114,92,368
114,93,376
114,94,383
114,95,382
114,96,384
114,97,380
114,98,386
114,99,387
114,100,389
114,101,377
114,102,365
114,103,400
114,104,359
114,105,373
114,106,376
114,107,384
114,108,384
114,109,381
114,110,379
114,111,387
114,112,382
114,113,382
114,114,385
114,115,388
114,116,376
114,117,359
114,118,375
114,119,360
114,120,357
114,121,371
114,122,387
114,123,379
114,124,393
114,125,367
114,126,393
114,127,392
114,128,387
114,129,379
114,130,358
114,131,378
114,132,382
114,133,379
114,134,390
114,135,388
114,136,384
114,137,372
114,138,370
114,139,369
114,140,380
114,141,394
114,142,377
114,143,388
114,144,379
114,145,385
114,146,390
114,147,382
114,148,380
114,149,375
114,150,383
114,151,377
114,152,391
114,153,380
114,154,387
114,155,375
114,156,384
114,157,377
114,158,388
114,159,379
114,160,379
114,161,386
114,162,369
114,163,378
114,164,382
114,165,381
114,166,381
114,167,388
114,168,374
114,169,389
114,170,391
114,171,388
114,172,401
114,173,383
114,174,382
114,175,376
114,176,392
114,177,379
114,178,371
114,179,384
114,180,386
114,181,375
114,182,377
114,183,368
114,184,367
114,185,369
114,186,385
114,187,373
114,188,370
114,189,388
114,190,394
114,191,377
114,192,393
114,193,387
114,194,382
114,195,380
114,196,384
114,197,383
114,198,364
114,199,377
114,200,377
115,1,5
115,2,13
115,3,32
115,4,75
115,5,150
115,6,251
115,7,329
115,8,352
115,9,362
115,10,385
115,11,378
115,12,381
115,13,391
115,14,392
115,15,371
115,16,378
115,17,387
115,18,375
115,19,388
115,20,400
115,21,368
115,22,390
115,23,372
115,24,381
115,25,371
115,26,396
115,27,379
115,28,380
115,29,388
115,30,381
115,31,378
115,32,389
115,33,388
115,34,387
115,35,389
115,36,376
115,37,378
115,38,390
115,39,379
115,40,384
115,41,384
115,42,381
115,43,380
115,44,375
115,45,384
115,46,368
115,47,382
115,48,391
115,49,394
115,50,385
115,51,383
115,52,391
115,53,393
115,54,382
115,55,377
115,56,391
115,57,385
115,58,397
115,59,374
115,60,386
115,61,369
115,62,375
115,63,385
115,64,391
115,65,385
115,66,392
115,67,371
115,68,378
115,69,367
115,70,380
115,71,373
115,72,383
115,73,379
115,74,377
115,75,387
115,76,399
115,77,385
115,78,390
115,79,403
115,80,395
115,81,394
115,82,387
115,83,377
115,84,385
115,85,396
115,86,380
115,87,378
115,88,378
115,89,391
115,90,384
115,91,385
115,92,386
115,93,379
115,94,362
115,95,370
115,96,387
115,97,387
115,98,378
115,99,392
115,100,379
115,101,379
115,102,391
115,103,390
115,104,382
115,105,385
115,106,386
115,107,372
115,108,359
115,109,377
115,110,377
115,111,391
115,112,381
115,113,377
115,114,379
115,115,382
115,116,377
115,117,379
115,118,391
115,119,383
115,120,381
115,121,383
115,122,374
115,123,386
115,124,375
115,125,374
115,126,380
115,127,383
115,128,369
115,129,374
115,130,388
115,131,380
115,132,386
115,133,387
115,134,390
115,135,391
115,136,383
115,137,398
115,138,386
115,139,373
115,140,377
115,141,371
115,142,376
115,143,370
115,144,385
115,145,379
115,146,387
115,147,382
115,148,390
115,149,368
115,150,385
115,151,384
115,152,391
115,153,395
115,154,386
115,155,386
115,156,379
115,157,392
115,158,389
115,159,377
115,160,380
115,161,377
115,162,384
115,163,389
115,164,381
115,165,384
115,166,386
115,167,376
115,168,387
115,169,388
115,170,381
115,171,384
115,172,376
115,173,385
115,174,393
115,175,371
115,176,371
115,177,378
115,178,394
115,179,370
115,180,383
115,181,387
115,182,375
115,183,382
115,184,371
115,185,390
115,186,379
115,187,392
115,188,383
115,189,383
115,190,377
115,191,367
115,192,375
115,193,375
115,194,387
115,195,394
115,196,382
115,197,379
115,198,378
115,199,381
115,200,373
116,1,4
116,2,11
116,3,34
116,4,72
116,5,144
116,6,229
116,7,322
116,8,358
116,9,361
116,10,379
116,11,390
116,12,378
116,13,388
116,14,377
116,15,374
116,16,387
116,17,384
116,18,374
116,19,383
116,20,372
116,21,385
116,22,376
116,23,390
116,24,386
116,25,395
116,26,385
116,27,385
116,28,385
116,29,377
116,30,380
116,31,372
116,32,391
116,33,385
116,34,383
116,35,382
116,36,387
116,37,373
116,38,373
116,39,378
116,40,388
116,41,390
116,42,395
116,43,379
116,44,389
116,45,379
116,46,376
116,47,376
116,48,386
116,49,381
116,50,382
116,51,379
116,52,376
116,53,373
116,54,389
116,55,388
116,56,378
116,57,364
116,58,372
116,59,387
116,60,380
116,61,369
116,62,383
116,63,394
116,64,383
116,65,381
116,66,393
116,67,368
116,68,369
116,69,378
116,70,380
116,71,382
116,72,381
116,73,388
116,74,372
116,75,385
116,76,370
116,77,379
116,78,391
116,79,390
116,80,392
116,81,389
116,82,382
116,83,382
116,84,387
116,85,384
116,86,384
116,87,366
116,88,382
116,89,387
116,90,379
116,91,379
116,92,378
116,93,381
116,94,369
116,95,381
116,96,375
116,97,392
116,98,391
116,99,377
116,100,372
116,101,392
116,102,375
116,103,363
116,104,380
116,105,394
116,106,383
116,107,358
116,108,361
116,109,381
116,110,364
116,111,388
116,112,392
116,113,385
116,114,391
116,115,386
116,116,397
116,117,399
116,118,391
116,119,396
116,120,397
116,121,386
116,122,388
116,123,385
116,124,376
116,125,382
116,126,381
116,127,361
116,128,352
116,129,363
116,130,370
116,131,384
116,132,385
116,133,382
116,134,369
116,135,385
116,136,371
116,137,384
116,138,387
116,139,362
116,140,374
116,141,388
116,142,386
116,143,387
116,144,368
116,145,381
116,146,369
116,147,369
116,148,375
116,149,387
116,150,368
116,151,389
116,152,390
116,153,386
116,154,396
116,155,378
116,156,387
116,157,390
116,158,397
116,159,374
116,160,378
116,161,386
116,162,388
116,163,380
116,164,378
116,165,382
116,166,393
116,167,390
116,168,373
116,169,386
116,170,374
116,171,374
116,172,372
116,173,375
116,174,369
116,175,367
116,176,385
116,177,387
116,178,383
116,179,385
116,180,380
116,181,384
116,182,382
116,183,375
116,184,393
116,185,393
116,186,382
116,187,373
116,188,379
116,189,390
116,190,399
116,191,388
116,192,383
116,193,386
116,194,398
116,195,377
116,196,380
116,197,389
116,198,384
116,199,380
116,200,379
117,1,6
117,2,10
117,3,18
117,4,43
117,5,88
117,6,171
117,7,257
117,8,316
117,9,359
117,10,400
117,11,381
117,12,392
117,13,380
117,14,394
117,15,391
117,16,358
117,17,376
117,18,372
117,19,372
117,20,377
117,21,385
117,22,393
117,23,384
117,24,365
117,25,386
117,26,372
117,27,382
117,28,375
117,29,383
117,30,380
117,31,374
117,32,384
117,33,400
117,34,392
117,35,380
117,36,387
117,37,376
117,38,400
117,39,384
117,40,385
117,41,376
117,42,368
117,43,373
117,44,386
117,45,384
117,46,376
117,47,375
117,48,359
117,49,362
117,50,378
117,51,374
117,52,359
117,53,378
117,54,372
117,55,388
117,56,393
117,57,394
117,58,385
117,59,369
117,60,378
117,61,382
117,62,376
117,63,382
117,64,367
117,65,373
117,66,369
117,67,382
117,68,383
117,69,384
117,70,386
117,71,377
117,72,388
117,73,379
117,74,384
117,75,378
117,76,376
117,77,364
117,78,371
117,79,383
117,80,389
117,81,370
117,82,386
117,83,386
117,84,383
117,85,382
117,86,386
117,87,386
117,88,368
117,89,378
117,90,380
117,91,372
117,92,368
117,93,378
117,94,376
117,95,395
117,96,369
117,97,378
117,98,367
117,99,359
117,100,376
117,101,377
117,102,394
117,103,400
117,104,370
117,105,382
117,106,398
117,107,377
117,108,376
117,109,370
117,110,378
117,111,381
117,112,380
117,113,386
117,114,376
117,115,368
117,116,371
117,117,371
117,118,379
117,119,379
117,120,375
117,121,381
117,122,383
117,123,367
117,124,361
117,125,379
117,126,378
117,127,377
117,128,388
117,129,375
117,130,377
117,131,364
117,132,380
117,133,384
117,134,379
117,135,377
117,136,390
117,137,384
117,138,377
117,139,373
117,140,376
117,141,391
117,142,383
117,143,382
117,144,375
117,145,366
117,146,358
117,147,351
117,148,366
117,149,368
117,150,369
117,151,376
117,152,388
117,153,385
117,154,369
117,155,365
117,156,361
117,157,381
117,158,377
117,159,376
117,160,378
117,161,364
117,162,385
117,163,372
117,164,381
117,165,382
117,166,375
117,167,375
117,168,378
117,169,382
117,170,379
117,171,378
117,172,385
117,173,384
117,174,382
117,175,362
117,176,371
117,177,361
117,178,374
117,179,383
117,180,378
117,181,372
117,182,395
117,183,369
117,184,381
117,185,396
117,186,373
117,187,368
117,188,382
117,189,385
117,190,391
117,191,387
117,192,379
117,193,382
117,194,384
117,195,392
117,196,386
117,197,385
117,198,366
117,199,357
117,200,379
118,1,2
118,2,4
118,3,8
118,4,22
118,5,52
118,6,114
118,7,210
118,8,293
118,9,353
118,10,366
118,11,364
118,12,378
118,13,372
118,14,394
118,15,396
118,16,387
118,17,367
118,18,377
118,19,380
118,20,372
118,21,374
118,22,376
118,23,362
118,24,380
118,25,371
118,26,376
118,27,388
118,28,393
118,29,384
118,30,388
118,31,384
118,32,387
118,33,389
118,34,379
118,35,378
118,36,379
118,37,394
118,38,375
118,39,385
118,40,381
118,41,381
118,42,377
118,43,379
118,44,365
118,45,378
118,46,373
118,47,387
118,48,388
118,49,400
118,50,384
118,51,384
118,52,387
118,53,384
118,54,370
118,55,388
118,56,394
118,57,380
118,58,376
118,59,386
118,60,380
118,61,388
118,62,383
118,63,382
118,64,384
118,65,390
118,66,387
118,67,381
118,68,370
118,69,395
118,70,376
118,71,375
118,72,384
118,73,393
118,74,373
118,75,380
118,76,408
118,77,368
118,78,387
118,79,393
118,80,388
118,81,380
118,82,385
118,83,376
118,84,383
118,85,373
118,86,381
118,87,382
118,88,380
118,89,375
118,90,362
118,91,368
118,92,382
118,93,374
118,94,378
118,95,381
118,96,370
118,97,379
118,98,381
118,99,382
118,100,385
118,101,387
118,102,396
118,103,379
118,104,401
118,105,384
118,106,388
118,107,390
118,108,378
118,109,374
118,110,389
118,111,396
118,112,389
118,113,389
118,114,378
118,115,381
118,116,392
118,117,382
118,118,377
118,119,379
118,120,384
118,121,375
118,122,386
118,123,384
118,124,390
118,125,388
118,126,383
118,127,396
118,128,371
118,129,372
118,130,369
118,131,367
118,132,372
118,133,374
118,134,374
118,135,367
118,136,371
118,137,376
118,138,382
118,139,383
118,140,387
118,141,376
118,142,383
118,143,370
118,144,382
118,145,388
118,146,379
118,147,377
118,148,391
118,149,376
118,150,389
118,151,392
118,152,372
118,153,379
118,154,372
118,155,374
118,156,381
118,157,365
118,158,367
118,159,378
118,160,384
118,161,380
118,162,386
118,163,363
118,164,375
118,165,381
118,166,379
118,167,378
118,168,368
118,169,381
118,170,377
118,171,369
118,172,373
118,173,384
118,174,374
118,175,393
118,176,391
118,177,388
118,178,376
118,179,390
118,180,385
118,181,363
118,182,375
118,183,375
118,184,380
118,185,370
118,186,393
118,187,388
118,188,378
118,189,390
118,190,369
118,191,394
118,192,385
118,193,382
118,194,384
118,195,379
118,196,390
118,197,380
118,198,376
118,199,374
118,200,379
119,1,2
119,2,3
119,3,9
119,4,27
119,5,52
119,6,113
119,7,192
119,8,302
119,9,349
119,10,352
119,11,369
119,12,375
119,13,370
119,14,389
119,15,379
119,16,368
119,17,380
119,18,370
119,19,369
119,20,378
119,21,366
119,22,367
119,23,380
119,24,376
119,25,376
119,26,376
119,27,377
119,28,373
119,29,372
119,30,383
119,31,375
119,32,391
119,33,379
119,34,383
119,35,385
119,36,372
119,37,381
119,38,369
119,39,383
119,40,390
119,41,385
119,42,378
119,43,379
119,44,387
119,45,387
119,46,376
119,47,383
119,48,378
119,49,370
119,50,370
119,51,362
119,52,360
119,53,382
119,54,379
119,55,364
119,56,384
119,57,382
119,58,387
119,59,393
119,60,385
119,61,386
119,62,383
119,63,382
119,64,384
119,65,386
119,66,380
119,67,379
119,68,378
119,69,393
119,70,384
119,71,389
119,72,383
119,73,387
119,74,375
119,75,376
119,76,363
119,77,359
119,78,375
119,79,373
119,80,381
119,81,375
119,82,384
119,83,377
119,84,382
119,85,366
119,86,379
119,87,372
119,88,381
119,89,368
119,90,365
119,91,390
119,92,388
119,93,393
119,94,377
119,95,374
119,96,364
119,97,387
119,98,378
119,99,382
119,100,380
119,101,381
119,102,389
119,103,379
119,104,367
119,105,376
119,106,378
119,107,381
119,108,388
119,109,376
119,110,371
119,111,367
119,112,365
119,113,378
119,114,366
119,115,376
119,116,377
119,117,386
119,118,378
119,119,383
119,120,384
119,121,381
119,122,371
119,123,372
119,124,374
119,125,391
119,126,382
119,127,394
119,128,371
119,129,372
119,130,378
119,131,383
119,132,383
119,133,385
119,134,381
119,135,368
119,136,368
119,137,378
119,138,365
119,139,393
119,140,387
119,141,392
119,142,390
119,143,377
119,144,381
119,145,390
119,146,388
119,147,390
119,148,391
119,149,385
119,150,378
119,151,373
119,152,379
119,153,383
119,154,387
119,155,382
119,156,383
119,157,381
119,158,373
119,159,381
119,160,377
119,161,382
119,162,378
119,163,391
119,164,388
119,165,373
119,166,387
119,167,369
119,168,372
119,169,392
119,170,395
119,171,396
119,172,399
119,173,386
119,174,378
119,175,385
119,176,385
119,177,382
119,178,380
119,179,381
119,180,385
119,181,375
119,182,376
119,183,386
119,184,388
119,185,385
119,186,383
119,187,389
119,188,390
119,189,383
119,190,378
119,191,386
119,192,394
119,193,390
119,194,383
119,195,384
119,196,375
119,197,373
119,198,377
119,199,389
119,200,375
120,1,6
120,2,21
120,3,57
120,4,106
120,5,200
120,6,273
120,7,345
120,8,353
120,9,374
120,10,379
120,11,385
120,12,376
120,13,388
120,14,381
120,15,376
120,16,383
120,17,386
120,18,399
120,19,386
120,20,382
120,21,387
120,22,376
120,23,391
120,24,395
120,25,392
120,26,377
120,27,380
120,28,366
120,29,373
120,30,381
120,31,370
120,32,369
120,33,376
120,34,369
120,35,393
120,36,387
120,37,377
120,38,385
120,39,357
120,40,375
120,41,365
120,42,382
120,43,389
120,44,395
120,45,389
120,46,384
120,47,384
120,48,376
120,49,376
120,50,387
120,51,391
120,52,388
120,53,382
120,54,389
120,55,389
120,56,373
120,57,379
120,58,373
120,59,375
120,60,383
120,61,378
120,62,389
120,63,380
120,64,382
120,65,370
120,66,383
120,67,373
120,68,368
120,69,378
120,70,381
120,71,388
120,72,399
120,73,382
120,74,383
120,75,367
120,76,368
120,77,376
120,78,373
120,79,375
120,80,375
120,81,368
120,82,357
120,83,366
120,84,354
120,85,384
120,86,401
120,87,377
120,88,364
120,89,368
120,90,386
120,91,385
120,92,381
120,93,382
120,94,382
120,95,381
120,96,374
120,97,384
120,98,385
120,99,381
120,100,378
120,101,394
120,102,377
120,103,366
120,104,375
120,105,384
120,106,385
120,107,377
120,108,387
120,109,388
120,110,388
120,111,379
120,112,375
120,113,379
120,114,385
120,115,380
120,116,386
120,117,374
120,118,379
120,119,375
120,120,379
120,121,376
120,122,373
120,123,387
120,124,391
120,125,391
120,126,391
120,127,378
120,128,389
120,129,393
120,130,386
120,131,397
120,132,399
120,133,394
120,134,392
120,135,391
120,136,386
120,137,385
120,138,389
120,139,373
120,140,382
120,141,381
120,142,400
120,143,381
120,144,367
120,145,382
120,146,379
120,147,385
120,148,382
120,149,365
120,150,382
120,151,378
120,152,403
120,153,370
120,154,387
120,155,378
120,156,372
120,157,381
120,158,392
120,159,377
120,160,385
120,161,369
120,162,370
120,163,376
120,164,381
120,165,387
120,166,384
120,167,372
120,168,387
120,169,381
120,170,386
120,171,390
120,172,387
120,173,381
120,174,374
120,175,374
120,176,364
120,177,373
120,178,381
120,179,385
120,180,388
120,181,361
120,182,375
120,183,378
120,184,380
120,185,379
120,186,374
120,187,377
120,188,386
120,189,381
120,190,378
120,191,379
120,192,379
120,193,379
120,194,387
120,195,392
120,196,400
120,197,396
120,198,378
120,199,378
120,200,378
121,1,4
121,2,10
121,3,21
121,4,45
121,5,103
121,6,186
121,7,277
121,8,341
121,9,365
121,10,381
121,11,385
121,12,381
121,13,396
121,14,395
121,15,371
121,16,386
121,17,375
121,18,381
121,19,378
121,20,372
121,21,382
121,22,385
121,23,374
121,24,381
121,25,376
121,26,389
121,27,384
121,28,377
121,29,379
121,30,384
121,31,390
121,32,393
121,33,386
121,34,387
121,35,380
121,36,379
121,37,393
121,38,381
121,39,371
121,40,403
121,41,392
121,42,383
121,43,373
121,44,382
121,45,386
121,46,383
121,47,390
121,48,378
121,49,379
121,50,383
121,51,368
121,52,384
121,53,372
121,54,385
121,55,392
121,56,386
121,57,385
121,58,374
121,59,383
121,60,391
121,61,389
121,62,398
121,63,397
121,64,387
121,65,396
121,66,368
121,67,385
121,68,382
121,69,381
121,70,385
121,71,383
121,72,393
121,73,370
121,74,359
121,75,382
121,76,368
121,77,388
121,78,381
121,79,387
121,80,374
121,81,372
121,82,364
121,83,377
121,84,399
121,85,380
121,86,389
121,87,386
121,88,371
121,89,387
121,90,383
121,91,383
121,92,393
121,93,390
121,94,398
121,95,398
121,96,384
121,97,391
121,98,379
121,99,385
121,100,391
121,101,386
121,102,384
121,103,389
121,104,378
121,105,382
121,106,368
121,107,384
121,108,374
121,109,371
121,110,371
121,111,374
121,112,387
121,113,381
121,114,373
121,115,375
121,116,373
121,117,371
121,118,382
121,119,366
121,120,379
121,121,398
121,122,387
121,123,402
121,124,395
121,125,386
121,126,377
121,127,395
121,128,367
121,129,374
121,130,386
121,131,379
121,132,379
121,133,380
121,134,388
121,135,398
121,136,384
121,137,373
121,138,381
121,139,379
121,140,391
121,141,401
121,142,388
121,143,367
121,144,367
121,145,385
121,146,387
121,147,391
121,148,379
121,149,388
121,150,386
121,151,366
121,152,368
121,153,394
121,154,393
121,155,378
121,156,375
121,157,388
121,158,373
121,159,389
121,160,377
121,161,393
121,162,376
121,163,371
121,164,367
121,165,378
121,166,367
121,167,381
121,168,383
121,169,388
121,170,391
121,171,380
121,172,373
121,173,380
121,174,392
121,175,381
121,176,396
121,177,389
121,178,387
121,179,379
121,180,402
121,181,386
121,182,382
121,183,377
121,184,376
121,185,381
121,186,379
121,187,370
121,188,379
121,189,373
121,190,379
121,191,385
121,192,388
121,193,390
121,194,385
121,195,382
121,196,376
121,197,372
121,198,369
121,199,380
121,200,382
122,1,4
122,2,9
122,3,28
122,4,58
122,5,118
122,6,224
122,7,313
122,8,377
122,9,369
122,10,371
122,11,360
122,12,373
122,13,379
122,14,375
122,15,380
122,16,387
122,17,388
122,18,388
122,19,369
122,20,375
122,21,384
122,22,377
122,23,374
122,24,379
122,25,374
122,26,387
122,27,391
122,28,375
122,29,393
122,30,386
122,31,379
122,32,392
122,33,379
122,34,392
122,35,380
122,36,377
122,37,381
122,38,384
122,39,393
122,40,399
122,41,375
122,42,399
122,43,379
122,44,392
122,45,406
122,46,384
122,47,382
122,48,387
122,49,378
122,50,392
122,51,389
122,52,373
122,53,379
122,54,394
122,55,388
122,56,387
122,57,383
122,58,385
122,59,381
122,60,377
122,61,389
122,62,384
122,63,392
122,64,384
122,65,381
122,66,390
122,67,362
122,68,380
122,69,381
122,70,376
122,71,371
122,72,384
122,73,389
122,74,373
122,75,385
122,76,372
122,77,367
122,78,378
122,79,383
122,80,379
122,81,388
122,82,388
122,83,383
122,84,384
122,85,387
122,86,383
122,87,383
122,88,398
122,89,377
122,90,373
122,91,387
122,92,379
122,93,381
122,94,364
122,95,361
122,96,362
122,97,382
122,98,396
122,99,383
122,100,385
122,101,383
122,102,385
122,103,380
122,104,391
122,105,385
122,106,384
122,107,383
122,108,377
122,109,377
122,110,385
122,111,387
122,112,401
122,113,391
122,114,381
122,115,390
122,116,396
122,117,386
122,118,385
122,119,379
122,120,386
122,121,392
122,122,364
122,123,381
122,124,392
122,125,385
122,126,391
122,127,375
122,128,402
122,129,384
122,130,373
122,131,381
122,132,369
122,133,375
122,134,381
122,135,374
122,136,365
122,137,369
122,138,384
122,139,390
122,140,375
122,141,379
122,142,393
122,143,380
122,144,387
122,145,378
122,146,366
122,147,367
122,148,383
122,149,399
122,150,385
122,151,377
122,152,382
122,153,390
122,154,398
122,155,383
122,156,389
122,157,383
122,158,397
122,159,394
122,160,387
122,161,383
122,162,389
122,163,378
122,164,381
122,165,398
122,166,381
122,167,393
122,168,379
122,169,397
122,170,384
122,171,378
122,172,374
122,173,390
122,174,363
122,175,382
122,176,375
122,177,389
122,178,384
122,179,384
122,180,375
122,181,390
122,182,382
122,183,392
122,184,389
122,185,374
122,186,377
122,187,380
122,188,384
122,189,392
122,190,368
122,191,389
122,192,396
122,193,381
122,194,359
122,195,370
122,196,377
122,197,374
122,198,381
122,199,379
122,200,387
123,1,3
123,2,6
123,3,15
123,4,36
123,5,86
123,6,162
123,7,264
123,8,331
123,9,377
123,10,385
123,11,378
123,12,378
123,13,381
123,14,404
123,15,392
123,16,384
123,17,387
123,18,388
123,19,385
123,20,378
123,21,374
123,22,396
123,23,394
123,24,381
123,25,377
123,26,378
123,27,390
123,28,386
123,29,374
123,30,371
123,31,383
123,32,384
123,33,380
123,34,382
123,35,379
123,36,389
123,37,379
123,38,381
123,39,390
123,40,384
123,41,383
123,42,377
123,43,372
123,44,386
123,45,390
123,46,390
123,47,382
123,48,377
123,49,381
123,50,377
123,51,374
123,52,384
123,53,392
123,54,395
123,55,379
123,56,383
123,57,389
123,58,374
123,59,374
123,60,389
123,61,386
123,62,384
123,63,389
123,64,381
123,65,376
123,66,374
123,67,390
123,68,380
123,69,376
123,70,392
123,71,375
123,72,370
123,73,384
123,74,376
123,75,365
123,76,384
123,77,370
123,78,380
123,79,389
123,80,380
123,81,369
123,82,375
123,83,385
123,84,370
123,85,372
123,86,384
123,87,377
123,88,383
123,89,383
123,90,375
123,91,380
123,92,375
123,93,368
123,94,381
123,95,392
123,96,377
123,97,371
123,98,391
123,99,387
123,100,373
123,101,379
123,102,380
123,103,370
123,104,370
123,105,382
123,106,385
123,107,398
123,108,393
123,109,386
123,110,382
123,111,367
123,112,371
123,113,367
123,114,366
123,115,376
123,116,383
123,117,381
123,118,375
123,119,385
123,120,388
123,121,376
123,122,377
123,123,380
123,124,380
123,125,375
123,126,387
123,127,383
123,128,362
123,129,385
123,130,379
123,131,374
123,132,386
123,133,374
123,134,387
123,135,388
123,136,376
123,137,399
123,138,389
123,139,391
123,140,371
123,141,381
123,142,372
123,143,381
123,144,383
123,145,376
123,146,361
123,147,378
123,148,383
123,149,369
123,150,382
123,151,382
123,152,382
123,153,391
123,154,398
123,155,389
123,156,389
123,157,389
123,158,385
123,159,372
123,160,398
123,161,382
123,162,382
123,163,382
123,164,383
123,165,375
123,166,371
123,167,381
123,168,369
123,169,387
123,170,372
123,171,387
123,172,379
123,173,381
123,174,384
123,175,382
123,176,379
123,177,375
123,178,371
123,179,382
123,180,375
123,181,384
123,182,385
123,183,397
123,184,376
123,185,372
123,186,391
123,187,382
123,188,371
123,189,377
123,190,367
123,191,373
123,192,374
123,193,371
123,194,374
123,195,370
123,196,374
123,197,379
123,198,369
123,199,363
123,200,378
124,1,3
124,2,9
124,3,18
124,4,42
124,5,83
124,6,169
124,7,256
124,8,319
124,9,361
124,10,372
124,11,384
124,12,373
124,13,362
124,14,376
124,15,375
124,16,374
124,17,383
124,18,377
124,19,371
124,20,378
124,21,393
124,22,390
124,23,381
124,24,378
124,25,391
124,26,393
124,27,379
124,28,368
124,29,389
124,30,378
124,31,384
124,32,382
124,33,381
124,34,381
124,35,383
124,36,377
124,37,380
124,38,382
124,39,383
124,40,380
124,41,374
124,42,383
124,43,369
124,44,366
124,45,380
124,46,392
124,47,387
124,48,384
124,49,383
124,50,363
124,51,373
124,52,386
124,53,369
124,54,382
124,55,395
124,56,381
124,57,382
124,58,374
124,59,376
124,60,385
124,61,384
124,62,385
124,63,368
124,64,392
124,65,369
124,66,369
124,67,380
124,68,386
124,69,377
124,70,367
124,71,373
124,72,384
124,73,382
124,74,374
124,75,374
124,76,372
124,77,383
124,78,377
124,79,371
124,80,379
124,81,368
124,82,373
124,83,368
124,84,367
124,85,388
124,86,383
124,87,390
124,88,385
124,89,378
124,90,377
124,91,386
124,92,393
124,93,381
124,94,369
124,95,373
124,96,370
124,97,381
124,98,394
124,99,375
124,100,386
124,101,395
124,102,394
124,103,376
124,104,379
124,105,373
124,106,368
124,107,368
124,108,377
124,109,369
124,110,390
124,111,365
124,112,366
124,113,387
124,114,382
124,115,390
124,116,392
124,117,374
124,118,384
124,119,380
124,120,381
124,121,386
124,122,373
124,123,364
124,124,378
124,125,373
124,126,371
124,127,375
124,128,382
124,129,391
124,130,392
124,131,384
124,132,362
124,133,379
124,134,391
124,135,384
124,136,376
124,137,382
124,138,377
124,139,389
124,140,379
124,141,372
124,142,374
124,143,373
124,144,365
124,145,387
124,146,385
124,147,379
124,148,377
124,149,382
124,150,379
124,151,377
124,152,370
124,153,380
124,154,375
124,155,368
124,156,368
124,157,376
124,158,383
124,159,377
124,160,379
124,161,386
124,162,387
124,163,372
124,164,382
124,165,395
124,166,381
124,167,373
124,168,381
124,169,376
124,170,369
124,171,388
124,172,377
124,173,386
124,174,379
124,175,376
124,176,390
124,177,375
124,178,392
124,179,368
124,180,373
124,181,370
124,182,385
124,183,389
124,184,380
124,185,386
124,186,367
124,187,378
124,188,388
124,189,381
124,190,380
124,191,383
124,192,386
124,193,364
124,194,381
124,195,378
124,196,384
124,197,390
124,198,378
124,199,365
124,200,366
125,1,2
125,2,1
125,3,4
125,4,12
125,5,28
125,6,56
125,7,115
125,8,206
125,9,299
125,10,349
125,11,381
125,12,377
125,13,382
125,14,379
125,15,370
125,16,370
125,17,388
125,18,388
125,19,366
125,20,376
125,21,377
125,22,378
125,23,376
125,24,386
125,25,374
125,26,369
125,27,382
125,28,387
125,29,381
125,30,377
125,31,379
125,32,399
125,33,373
125,34,383
125,35,378
125,36,387
125,37,375
125,38,373
125,39,376
125,40,388
125,41,386
125,42,377
125,43,385
125,44,384
125,45,382
125,46,376
125,47,379
125,48,375
125,49,372
125,50,393
125,51,383
125,52,378
125,53,376
125,54,371
125,55,384
125,56,384
125,57,374
125,58,375
125,59,383
125,60,377
125,61,384
125,62,400
125,63,371
125,64,365
125,65,380
125,66,387
125,67,392
125,68,383
125,69,377
125,70,358
125,71,383
125,72,385
125,73,387
125,74,376
125,75,384
125,76,394
125,77,390
125,78,385
125,79,379
125,80,391
125,81,380
125,82,367
125,83,373
125,84,387
125,85,377
125,86,391
125,87,383
125,88,380
125,89,382
125,90,375
125,91,370
125,92,372
125,93,379
125,94,379
125,95,378
125,96,378
125,97,383
125,98,377
125,99,378
125,100,370
125,101,382
125,102,385
125,103,377
125,104,372
125,105,374
125,106,383
125,107,380
125,108,377
125,109,380
125,110,377
125,111,372
125,112,386
125,113,382
125,114,386
125,115,392
125,116,384
125,117,369
125,118,379
125,119,381
125,120,379
125,121,386
125,122,394
125,123,381
125,124,383
125,125,390
125,126,384
125,127,393
125,128,391
125,129,392
125,130,384
125,131,377
125,132,385
125,133,387
125,134,376
125,135,377
125,136,364
125,137,379
125,138,379
125,139,386
125,140,371
125,141,391
125,142,370
125,143,390
125,144,387
125,145,378
125,146,369
125,147,386
125,148,369
125,149,384
125,150,382
125,151,375
125,152,381
125,153,375
125,154,384
125,155,366
125,156,370
125,157,377
125,158,382
125,159,390
125,160,388
125,161,381
125,162,376
125,163,378
125,164,390
125,165,390
125,166,381
125,167,389
125,168,381
125,169,379
125,170,365
125,171,379
125,172,381
125,173,386
125,174,385
125,175,392
125,176,375
125,177,382
125,178,380
125,179,368
125,180,380
125,181,386
125,182,384
125,183,390
125,184,374
125,185,377
125,186,382
125,187,386
125,188,378
125,189,389
125,190,386
125,191,382
125,192,378
125,193,384
125,194,398
125,195,392
125,196,372
125,197,378
125,198,365
125,199,369
125,200,379
126,1,0
126,2,0
126,3,0
126,4,0
126,5,0
126,6,0
126,7,0
126,8,0
126,9,0
126,10,0
126,11,0
126,12,0
126,13,0
126,14,0
126,15,0
126,16,0
126,17,0
126,18,0
126,19,0
126,20,0
126,21,0
126,22,0
126,23,0
126,24,0
126,25,0
126,26,0
126,27,0
126,28,0
126,29,0
126,30,0
126,31,0
126,32,0
126,33,0
126,34,0
126,35,0
126,36,0
126,37,0
126,38,0
126,39,0
126,40,0
126,41,0
126,42,0
126,43,0
126,44,0
126,45,0
126,46,0
126,47,0
126,48,0
126,49,0
126,50,0
126,51,0
126,52,0
126,53,0
126,54,0
126,55,0
126,56,0
126,57,0
126,58,0
126,59,0
126,60,0
126,61,0
126,62,0
126,63,0
126,64,0
126,65,0
126,66,0
126,67,0
126,68,0
126,69,0
126,70,0
126,71,0
126,72,0
126,73,0
126,74,0
126,75,0
126,76,0
126,77,0
126,78,0
126,79,0
126,80,0
126,81,0
126,82,0
126,83,0
126,84,0
126,85,0
126,86,0
126,87,0
126,88,0
126,89,0
126,90,0
126,91,0
126,92,0
126,93,0
126,94,0
126,95,0
126,96,0
126,97,0
126,98,0
126,99,0
126,100,0
126,101,0
126,102,0
126,103,0
126,104,0
126,105,0
126,106,0
126,107,0
126,108,0
126,109,0
126,110,0
126,111,0
126,112,0
126,113,0
126,114,0
126,115,0
126,116,0
126,117,0
126,118,0
126,119,0
126,120,0
126,121,0
126,122,0
126,123,0
126,124,0
126,125,0
126,126,0
126,127,0
126,128,0
126,129,0
126,130,0
126,131,0
126,132,0
126,133,0
126,134,0
126,135,0
126,136,0
126,137,0
126,138,0
126,139,0
126,140,0
126,141,0
126,142,0
126,143,0
126,144,0
126,145,0
126,146,0
126,147,0
126,148,0
126,149,0
126,150,0
126,151,0
126,152,0
126,153,0
126,154,0
126,155,0
126,156,0
126,157,0
126,158,0
126,159,0
126,160,0
126,161,0
126,162,0
126,163,0
126,164,0
126,165,0
126,166,0
126,167,0
126,168,0
126,169,0
126,170,0
126,171,0
126,172,0
126,173,0
126,174,0
126,175,0
126,176,0
126,177,0
126,178,0
126,179,0
126,180,0
126,181,0
126,182,0
126,183,0
126,184,0
126,185,0
126,186,0
126,187,0
126,188,0
126,189,0
126,190,0
126,191,0
126,192,0
126,193,0
126,194,0
126,195,0
126,196,0
126,197,0
126,198,0
126,199,0
126,200,0
127,1,4
127,2,6
127,3,16
127,4,30
127,5,59
127,6,126
127,7,226
127,8,319
127,9,347
127,10,381
127,11,379
127,12,372
127,13,381
127,14,378
127,15,384
127,16,382
127,17,380
127,18,390
127,19,383
127,20,386
127,21,383
127,22,384
127,23,387
127,24,384
127,25,388
127,26,386
127,27,398
127,28,393
127,29,382
127,30,369
127,31,375
127,32,385
127,33,379
127,34,381
127,35,387
127,36,356
127,37,371
127,38,385
127,39,388
127,40,398
127,41,378
127,42,376
127,43,382
127,44,380
127,45,392
127,46,381
127,47,381
127,48,377
127,49,371
127,50,382
127,51,382
127,52,398
127,53,390
127,54,393
127,55,390
127,56,398
127,57,389
127,58,380
127,59,380
127,60,377
127,61,377
127,62,379
127,63,377
127,64,370
127,65,386
127,66,377
127,67,386
127,68,393
127,69,384
127,70,386
127,71,392
127,72,392
127,73,367
127,74,369
127,75,396
127,76,393
127,77,399
127,78,387
127,79,373
127,80,374
127,81,388
127,82,395
127,83,371
127,84,382
127,85,378
127,86,386
127,87,379
127,88,382
127,89,377
127,90,393
127,91,383
127,92,389
127,93,375
127,94,384
127,95,384
127,96,379
127,97,369
127,98,377
127,99,388
127,100,389
127,101,378
127,102,364
127,103,383
127,104,368
127,105,373
127,106,381
127,107,385
127,108,383
127,109,385
127,110,381
127,111,393
127,112,392
127,113,397
127,114,374
127,115,382
127,116,385
127,117,396
127,118,378
127,119,382
127,120,381
127,121,395
127,122,383
127,123,363
127,124,362
127,125,381
127,126,393
127,127,386
127,128,383
127,129,392
127,130,384
127,131,389
127,132,383
127,133,383
127,134,391
127,135,400
127,136,388
127,137,400
127,138,384
127,139,377
127,140,390
127,141,392
127,142,381
127,143,391
127,144,384
127,145,378
127,146,389
127,147,384
127,148,387
127,149,381
127,150,374
127,151,388
127,152,373
127,153,392
127,154,374
127,155,373
127,156,386
127,157,384
127,158,389
127,159,392
127,160,378
127,161,378
127,162,392
127,163,374
127,164,376
127,165,371
127,166,374
127,167,386
127,168,374
127,169,376
127,170,384
127,171,381
127,172,391
127,173,376
127,174,389
127,175,383
127,176,381
127,177,389
127,178,390
127,179,380
127,180,385
127,181,389
127,182,396
127,183,371
127,184,388
127,185,378
127,186,385
127,187,382
127,188,381
127,189,382
127,190,384
127,191,379
127,192,373
127,193,385
127,194,389
127,195,400
127,196,395
127,197,388
127,198,384
127,199,389
127,200,384
128,1,2
128,2,4
128,3,12
128,4,33
128,5,78
128,6,135
128,7,232
128,8,310
128,9,352
128,10,381
128,11,377
128,12,384
128,13,372
128,14,369
128,15,380
128,16,381
128,17,382
128,18,379
128,19,372
128,20,375
128,21,376
128,22,365
128,23,376
128,24,375
128,25,381
128,26,367
128,27,388
128,28,377
128,29,381
128,30,386
128,31,376
128,32,378
128,33,375
128,34,384
128,35,391
128,36,374
128,37,358
128,38,388
128,39,382
128,40,373
128,41,381
128,42,367
128,43,381
128,44,374
128,45,370
128,46,372
128,47,367
128,48,385
128,49,394
128,50,385
128,51,366
128,52,392
128,53,382
128,54,370
128,55,375
128,56,383
128,57,369
128,58,370
128,59,391
128,60,381
128,61,390
128,62,376
128,63,391
128,64,389
128,65,378
128,66,375
128,67,378
128,68,373
128,69,363
128,70,384
128,71,389
128,72,395
128,73,379
128,74,388
128,75,375
128,76,377
128,77,389
128,78,374
128,79,381
128,80,380
128,81,383
128,82,378
128,83,386
128,84,383
128,85,389
128,86,379
128,87,367
128,88,365
128,89,374
128,90,384
128,91,371
128,92,383
128,93,385
128,94,386
128,95,389
128,96,383
128,97,380
128,98,376
128,99,366
128,100,382
128,101,385
128,102,382
128,103,381
128,104,365
128,105,380
128,106,386
128,107,375
128,108,368
128,109,380
128,110,397
128,111,388
128,112,383
128,113,384
128,114,383
128,115,392
128,116,389
128,117,386
128,118,375
128,119,382
128,120,387
128,121,381
128,122,378
128,123,381
128,124,369
128,125,370
128,126,377
128,127,377
128,128,395
128,129,389
128,130,383
128,131,370
128,132,390
128,133,373
128,134,392
128,135,385
128,136,373
128,137,371
128,138,367
128,139,376
128,140,365
128,141,374
128,142,379
128,143,382
128,144,399
128,145,391
128,146,388
128,147,386
128,148,395
128,149,376
128,150,375
128,151,381
128,152,385
128,153,379
128,154,389
128,155,384
128,156,377
128,157,375
128,158,377
128,159,381
128,160,375
128,161,383
128,162,368
128,163,376
128,164,382
128,165,382
128,166,385
128,167,385
128,168,382
128,169,379
128,170,387
128,171,381
128,172,383
128,173,392
128,174,390
128,175,371
128,176,382
128,177,376
128,178,381
128,179,376
128,180,371
128,181,382
128,182,377
128,183,384
128,184,377
128,185,395
128,186,379
128,187,380
128,188,370
128,189,369
128,190,372
128,191,368
128,192,381
128,193,388
128,194,369
128,195,376
128,196,370
128,197,377
128,198,372
128,199,370
128,200,377
129,1,1
129,2,2
129,3,4
129,4,10
129,5,26
129,6,65
129,7,137
129,8,227
129,9,310
129,10,345
129,11,369
129,12,363
129,13,371
129,14,388
129,15,368
129,16,366
129,17,380
129,18,373
129,19,380
129,20,380
129,21,365
129,22,387
129,23,380
129,24,375
129,25,369
129,26,363
129,27,367
129,28,386
129,29,364
129,30,362
129,31,379
129,32,394
129,33,377
129,34,372
129,35,378
129,36,371
129,37,368
129,38,381
129,39,378
129,40,377
129,41,379
129,42,376
129,43,373
129,44,377
129,45,388
129,46,389
129,47,380
129,48,388
129,49,378
129,50,385
129,51,381
129,52,359
129,53,360
129,54,370
129,55,375
129,56,372
129,57,378
129,58,372
129,59,380
129,60,393
129,61,391
129,62,373
129,63,387
129,64,390
129,65,390
129,66,400
129,67,389
129,68,393
129,69,388
129,70,375
129,71,369
129,72,371
129,73,374
129,74,371
129,75,376
129,76,388
129,77,373
129,78,374
129,79,400
129,80,399
129,81,385
129,82,378
129,83,373
129,84,377
129,85,389
129,86,378
129,87,376
129,88,379
129,89,380
129,90,382
129,91,370
129,92,395
129,93,384
129,94,389
129,95,390
129,96,387
129,97,389
129,98,369
129,99,383
129,100,373
129,101,377
129,102,373
129,103,369
129,104,374
129,105,374
129,106,390
129,107,369
129,108,368
129,109,394
129,110,393
129,111,385
129,112,374
129,113,391
129,114,391
129,115,385
129,116,379
129,117,382
129,118,377
129,119,374
129,120,382
129,121,383
129,122,384
129,123,382
129,124,390
129,125,386
129,126,390
129,127,385
129,128,390
129,129,383
129,130,376
129,131,392
129,132,399
129,133,378
129,134,391
129,135,380
129,136,368
129,137,368
129,138,382
129,139,367
129,140,374
129,141,363
129,142,374
129,143,391
129,144,388
129,145,382
129,146,385
129,147,362
129,148,377
129,149,369
129,150,371
129,151,386
129,152,371
129,153,395
129,154,393
129,155,388
129,156,372
129,157,376
129,158,375
129,159,391
129,160,375
129,161,378
129,162,385
129,163,380
129,164,363
129,165,379
129,166,372
129,167,386
129,168,384
129,169,389
129,170,387
129,171,357
129,172,368
129,173,377
129,174,387
129,175,379
129,176,389
129,177,393
129,178,377
129,179,379
129,180,383
129,181,371
129,182,377
129,183,385
129,184,386
129,185,378
129,186,381
129,187,373
129,188,375
129,189,375
129,190,371
129,191,376
129,192,391
129,193,376
129,194,368
129,195,383
129,196,382
129,197,371
129,198,383
129,199,381
129,200,393
130,1,8
130,2,18
130,3,39
130,4,83
130,5,166
130,6,279
130,7,348
130,8,374
130,9,382
130,10,378
130,11,384
130,12,376
130,13,370
130,14,379
130,15,376
130,16,382
130,17,392
130,18,384
130,19,387
130,20,373
130,21,398
130,22,387
130,23,391
130,24,392
130,25,380
130,26,371
130,27,376
130,28,384
130,29,385
130,30,359
130,31,359
130,32,378
130,33,376
130,34,391
130,35,375
130,36,390
130,37,372
130,38,373
130,39,367
130,40,392
130,41,385
130,42,377
130,43,389
130,44,381
130,45,365
130,46,367
130,47,369
130,48,372
130,49,368
130,50,378
130,51,366
130,52,387
130,53,381
130,54,376
130,55,372
130,56,364
130,57,391
130,58,369
130,59,371
130,60,376
130,61,374
130,62,388
130,63,362
130,64,386
130,65,373
130,66,370
130,67,381
130,68,372
130,69,376
130,70,368
130,71,374
130,72,379
130,73,377
130,74,380
130,75,380
130,76,360
130,77,376
130,78,369
130,79,377
130,80,372
130,81,380
130,82,393
130,83,387
130,84,394
130,85,388
130,86,389
130,87,377
130,88,393
130,89,376
130,90,380
130,91,358
130,92,359
130,93,382
130,94,387
130,95,375
130,96,376
130,97,367
130,98,386
130,99,384
130,100,360
130,101,378
130,102,376
130,103,368
130,104,370
130,105,373
130,106,375
130,107,388
130,108,382
130,109,387
130,110,385
130,111,390
130,112,392
130,113,388
130,114,384
130,115,353
130,116,375
130,117,367
130,118,386
130,119,361
130,120,375
130,121,389
130,122,376
130,123,385
130,124,378
130,125,371
130,126,392
130,127,379
130,128,379
130,129,366
130,130,375
130,131,377
130,132,374
130,133,379
130,134,382
130,135,378
130,136,383
130,137,377
130,138,378
130,139,375
130,140,373
130,141,372
130,142,366
130,143,368
130,144,375
130,145,375
130,146,385
130,147,369
130,148,367
130,149,387
130,150,380
130,151,367
130,152,380
130,153,383
130,154,388
130,155,376
130,156,371
130,157,393
130,158,391
130,159,386
130,160,373
130,161,371
130,162,372
130,163,376
130,164,373
130,165,391
130,166,386
130,167,389
130,168,379
130,169,380
130,170,374
130,171,370
130,172,368
130,173,374
130,174,397
130,175,381
130,176,370
130,177,389
130,178,382
130,179,373
130,180,371
130,181,384
130,182,364
130,183,372
130,184,377
130,185,373
130,186,376
130,187,364
130,188,372
130,189,387
130,190,387
130,191,387
130,192,377
130,193,375
130,194,387
130,195,386
130,196,382
130,197,392
130,198,394
130,199,374
130,200,390
131,1,3
131,2,5
131,3,14
131,4,35
131,5,82
131,6,164
131,7,262
131,8,344
131,9,359
131,10,374
131,11,368
131,12,379
131,13,375
131,14,370
131,15,371
131,16,375
131,17,396
131,18,379
131,19,383
131,20,389
131,21,385
131,22,384
131,23,393
131,24,391
131,25,379
131,26,367
131,27,394
131,28,380
131,29,383
131,30,384
131,31,389
131,32,388
131,33,372
131,34,378
131,35,376
131,36,376
131,37,380
131,38,371
131,39,371
131,40,384
131,41,383
131,42,368
131,43,370
131,44,380
131,45,385
131,46,383
131,47,387
131,48,369
131,49,387
131,50,379
131,51,393
131,52,389
131,53,389
131,54,384
131,55,397
131,56,378
131,57,375
131,58,386
131,59,391
131,60,400
131,61,380
131,62,372
131,63,376
131,64,379
131,65,381
131,66,381
131,67,375
131,68,388
131,69,395
131,70,382
131,71,377
131,72,369
131,73,380
131,74,385
131,75,387
131,76,385
131,77,386
131,78,383
131,79,392
131,80,394
131,81,394
131,82,392
131,83,374
131,84,378
131,85,387
131,86,377
131,87,402
131,88,378
131,89,377
131,90,370
131,91,385
131,92,370
131,93,384
131,94,382
131,95,390
131,96,393
131,97,396
131,98,389
131,99,388
131,100,392
131,101,388
131,102,386
131,103,379
131,104,386
131,105,374
131,106,397
131,107,377
131,108,386
131,109,386
131,110,387
131,111,386
131,112,383
131,113,378
131,114,384
131,115,376
131,116,394
131,117,382
131,118,375
131,119,384
131,120,384
131,121,387
131,122,381
131,123,393
131,124,390
131,125,384
131,126,372
131,127,390
131,128,385
131,129,378
131,130,392
131,131,396
131,132,389
131,133,382
131,134,391
131,135,374
131,136,386
131,137,382
131,138,392
131,139,378
131,140,385
131,141,377
131,142,387
131,143,394
131,144,385
131,145,379
131,146,384
131,147,398
131,148,385
131,149,379
131,150,377
131,151,390
131,152,385
131,153,388
131,154,387
131,155,386
131,156,383
131,157,389
131,158,394
131,159,377
131,160,386
131,161,390
131,162,375
131,163,376
131,164,369
131,165,379
131,166,367
131,167,379
131,168,388
131,169,391
131,170,388
131,171,377
131,172,384
131,173,397
131,174,377
131,175,372
131,176,383
131,177,381
131,178,397
131,179,389
131,180,388
131,181,386
131,182,376
131,183,380
131,184,380
131,185,384
131,186,379
131,187,388
131,188,377
131,189,378
131,190,378
131,191,383
131,192,375
131,193,381
131,194,371
131,195,387
131,196,364
131,197,384
131,198,369
131,199,382
131,200,376
132,1,4
132,2,13
132,3,26
132,4,60
132,5,131
132,6,211
132,7,316
132,8,360
132,9,378
132,10,362
132,11,375
132,12,395
132,13,383
132,14,382
132,15,372
132,16,380
132,17,391
132,18,388
132,19,375
132,20,365
132,21,372
132,22,395
132,23,364
132,24,383
132,25,370
132,26,389
132,27,384
132,28,379
132,29,363
132,30,367
132,31,377
132,32,374
132,33,378
132,34,387
132,35,384
132,36,387
132,37,379
132,38,383
132,39,382
132,40,384
132,41,390
132,42,393
132,43,382
132,44,399
132,45,373
132,46,379
132,47,376
132,48,378
132,49,382
132,50,389
132,51,386
132,52,388
132,53,379
132,54,385
132,55,400
132,56,379
132,57,368
132,58,372
132,59,388
132,60,384
132,61,364
132,62,390
132,63,377
132,64,385
132,65,390
132,66,363
132,67,373
132,68,385
132,69,378
132,70,397
132,71,385
132,72,370
132,73,374
132,74,383
132,75,379
132,76,387
132,77,395
132,78,389
132,79,364
132,80,383
132,81,375
132,82,377
132,83,375
132,84,374
132,85,386
132,86,376
132,87,378
132,88,381
132,89,370
132,90,386
132,91,395
132,92,382
132,93,378
132,94,391
132,95,385
132,96,391
132,97,391
132,98,370
132,99,379
132,100,385
132,101,396
132,102,391
132,103,379
132,104,392
132,105,377
132,106,390
132,107,394
132,108,384
132,109,375
132,110,371
132,111,370
132,112,377
132,113,383
132,114,385
132,115,381
132,116,384
132,117,385
132,118,378
132,119,378
132,120,387
132,121,384
132,122,391
132,123,382
132,124,372
132,125,370
132,126,382
132,127,378
132,128,379
132,129,393
132,130,395
132,131,385
132,132,358
132,133,384
132,134,397
132,135,370
132,136,384
132,137,374
132,138,379
132,139,391
132,140,371
132,141,385
132,142,371
132,143,380
132,144,391
132,145,386
132,146,370
132,147,371
132,148,369
132,149,390
132,150,393
132,151,383
132,152,385
132,153,376
132,154,382
132,155,388
132,156,375
132,157,385
132,158,376
132,159,375
132,160,379
132,161,394
132,162,379
132,163,371
132,164,391
132,165,380
132,166,391
132,167,376
132,168,394
132,169,390
132,170,385
132,171,381
132,172,386
132,173,372
132,174,378
132,175,376
132,176,377
132,177,397
132,178,389
132,179,380
132,180,376
132,181,393
132,182,397
132,183,376
132,184,395
132,185,390
132,186,379
132,187,370
132,188,384
132,189,372
132,190,379
132,191,373
132,192,378
132,193,377
132,194,385
132,195,389
132,196,380
132,197,388
132,198,392
132,199,385
132,200,397
133,1,4
133,2,10
133,3,24
133,4,46
133,5,104
133,6,186
133,7,284
133,8,340
133,9,376
133,10,378
133,11,377
133,12,384
133,13,395
133,14,382
133,15,370
133,16,364
133,17,376
133,18,391
133,19,389
133,20,387
133,21,395
133,22,378
133,23,394
133,24,375
133,25,389
133,26,370
133,27,380
133,28,386
133,29,382
133,30,377
133,31,380
133,32,400
133,33,398
133,34,385
133,35,382
133,36,379
133,37,386
133,38,387
133,39,392
133,40,377
133,41,375
133,42,389
133,43,378
133,44,380
133,45,395
133,46,392
133,47,377
133,48,388
133,49,381
133,50,376
133,51,377
133,52,388
133,53,382
133,54,367
133,55,383
133,56,386
133,57,378
133,58,365
133,59,365
133,60,383
133,61,384
133,62,387
133,63,382
133,64,376
133,65,366
133,66,377
133,67,377
133,68,382
133,69,387
133,70,372
133,71,376
133,72,389
133,73,378
133,74,390
133,75,380
133,76,389
133,77,367
133,78,378
133,79,394
133,80,379
133,81,383
133,82,374
133,83,377
133,84,367
133,85,375
133,86,379
133,87,381
133,88,379
133,89,374
133,90,375
133,91,373
133,92,393
133,93,391
133,94,383
133,95,393
133,96,371
133,97,384
133,98,378
133,99,375
133,100,385
133,101,387
133,102,389
133,103,388
133,104,394
133,105,386
133,106,386
133,107,387
133,108,389
133,109,395
133,110,392
133,111,381
133,112,381
133,113,395
133,114,385
133,115,401
133,116,387
133,117,385
133,118,385
133,119,384
133,120,373
133,121,369
133,122,387
133,123,373
133,124,383
133,125,381
133,126,385
133,127,384
133,128,387
133,129,387
133,130,370
133,131,372
133,132,376
133,133,389
133,134,370
133,135,381
133,136,384
133,137,377
133,138,374
133,139,380
133,140,373
133,141,377
133,142,397
133,143,386
133,144,392
133,145,390
133,146,393
133,147,375
133,148,381
133,149,367
133,150,368
133,151,365
133,152,373
133,153,401
133,154,372
133,155,380
133,156,379
133,157,385
133,158,383
133,159,388
133,160,377
133,161,385
133,162,384
133,163,391
133,164,391
133,165,387
133,166,395
133,167,383
133,168,387
133,169,389
133,170,374
133,171,386
133,172,389
133,173,373
133,174,383
133,175,371
133,176,380
133,177,381
133,178,398
133,179,388
133,180,380
133,181,381
133,182,384
133,183,369
133,184,377
133,185,385
133,186,387
133,187,374
133,188,391
133,189,391
133,190,375
133,191,372
133,192,370
133,193,378
133,194,393
133,195,377
133,196,378
133,197,377
133,198,381
133,199,392
133,200,393
134,1,1
134,2,2
134,3,8
134,4,19
134,5,44
134,6,98
134,7,194
134,8,297
134,9,346
134,10,367
134,11,384
134,12,375
134,13,383
134,14,379
134,15,386
134,16,390
134,17,373
134,18,389
134,19,370
134,20,367
134,21,362
134,22,387
134,23,382
134,24,378
134,25,395
134,26,378
134,27,381
134,28,371
134,29,386
134,30,379
134,31,377
134,32,378
134,33,372
134,34,386
134,35,389
134,36,364
134,37,379
134,38,392
134,39,375
134,40,380
134,41,391
134,42,376
134,43,379
134,44,382
134,45,382
134,46,387
134,47,400
134,48,381
134,49,382
134,50,382
134,51,378
134,52,377
134,53,394
134,54,394
134,55,397
134,56,402
134,57,381
134,58,398
134,59,381
134,60,392
134,61,376
134,62,385
134,63,369
134,64,396
134,65,380
134,66,390
134,67,377
134,68,373
134,69,372
134,70,375
134,71,378
134,72,388
134,73,379
134,74,383
134,75,378
134,76,386
134,77,361
134,78,384
134,79,392
134,80,389
134,81,386
134,82,394
134,83,385
134,84,393
134,85,379
134,86,383
134,87,367
134,88,373
134,89,379
134,90,380
134,91,380
134,92,369
134,93,396
134,94,387
134,95,381
134,96,380
134,97,375
134,98,365
134,99,377
134,100,376
134,101,378
134,102,378
134,103,378
134,104,380
134,105,373
134,106,384
134,107,377
134,108,375
134,109,379
134,110,362
134,111,366
134,112,380
134,113,390
134,114,379
134,115,371
134,116,378
134,117,377
134,118,388
134,119,381
134,120,359
134,121,372
134,122,377
134,123,362
134,124,372
134,125,388
134,126,365
134,127,387
134,128,382
134,129,374
134,130,384
134,131,384
134,132,386
134,133,384
134,134,382
134,135,392
134,136,379
134,137,382
134,138,381
134,139,385
134,140,365
134,141,380
134,142,389
134,143,374
134,144,381
134,145,377
134,146,379
134,147,393
134,148,371
134,149,381
134,150,375
134,151,386
134,152,385
134,153,389
134,154,375
134,155,394
134,156,387
134,157,372
134,158,374
134,159,378
134,160,379
134,161,380
134,162,392
134,163,367
134,164,374
134,165,386
134,166,375
134,167,396
134,168,391
134,169,387
134,170,372
134,171,381
134,172,378
134,173,376
134,174,386
134,175,377
134,176,386
134,177,381
134,178,373
134,179,393
134,180,387
134,181,392
134,182,380
134,183,378
134,184,382
134,185,384
134,186,380
134,187,378
134,188,396
134,189,386
134,190,390
134,191,395
134,192,373
134,193,386
134,194,370
134,195,381
134,196,396
134,197,392
134,198,380
134,199,388
134,200,390
135,1,2
135,2,4
135,3,11
135,4,27
135,5,58
135,6,129
135,7,196
135,8,305
135,9,350
135,10,367
135,11,367
135,12,377
135,13,389
135,14,386
135,15,381
135,16,368
135,17,373
135,18,376
135,19,386
135,20,379
135,21,380
135,22,383
135,23,372
135,24,377
135,25,383
135,26,379
135,27,376
135,28,381
135,29,389
135,30,380
135,31,386
135,32,382
135,33,366
135,34,396
135,35,384
135,36,363
135,37,382
135,38,381
135,39,376
135,40,378
135,41,377
135,42,383
135,43,385
135,44,382
135,45,383
135,46,377
135,47,383
135,48,370
135,49,390
135,50,389
135,51,376
135,52,386
135,53,393
135,54,391
135,55,383
135,56,391
135,57,378
135,58,383
135,59,403
135,60,400
135,61,395
135,62,389
135,63,393
135,64,384
135,65,398
135,66,385
135,67,392
135,68,386
135,69,371
135,70,390
135,71,392
135,72,392
135,73,387
135,74,389
135,75,371
135,76,354
135,77,373
135,78,378
135,79,383
135,80,383
135,81,379
135,82,387
135,83,376
135,84,363
135,85,371
135,86,389
135,87,383
135,88,376
135,89,407
135,90,392
135,91,373
135,92,380
135,93,398
135,94,391
135,95,372
135,96,381
135,97,387
135,98,379
135,99,369
135,100,381
135,101,387
135,102,372
135,103,381
135,104,385
135,105,390
135,106,376
135,107,375
135,108,388
135,109,352
135,110,364
135,111,377
135,112,385
135,113,384
135,114,382
135,115,389
135,116,389
135,117,377
135,118,401
135,119,381
135,120,380
135,121,393
135,122,399
135,123,385
135,124,401
135,125,390
135,126,394
135,127,394
135,128,374
135,129,388
135,130,381
135,131,364
135,132,382
135,133,385
135,134,382
135,135,362
135,136,384
135,137,368
135,138,391
135,139,378
135,140,387
135,141,372
135,142,378
135,143,385
135,144,371
135,145,373
135,146,389
135,147,380
135,148,378
135,149,368
135,150,384
135,151,369
135,152,362
135,153,359
135,154,370
135,155,380
135,156,390
135,157,396
135,158,396
135,159,388
135,160,382
135,161,390
135,162,389
135,163,382
135,164,384
135,165,390
135,166,382
135,167,385
135,168,376
135,169,388
135,170,383
135,171,394
135,172,386
135,173,384
135,174,386
135,175,393
135,176,384
135,177,368
135,178,401
135,179,391
135,180,392
135,181,381
135,182,394
135,183,385
135,184,375
135,185,392
135,186,405
135,187,375
135,188,376
135,189,401
135,190,384
135,191,391
135,192,391
135,193,378
135,194,375
135,195,369
135,196,377
135,197,378
135,198,392
135,199,382
135,200,375
136,1,5
136,2,10
136,3,20
136,4,44
136,5,95
136,6,191
136,7,295
136,8,354
136,9,391
136,10,379
136,11,390
136,12,382
136,13,378
136,14,398
136,15,382
136,16,390
136,17,398
136,18,397
136,19,375
136,20,386
136,21,388
136,22,383
136,23,370
136,24,373
136,25,394
136,26,384
136,27,387
136,28,368
136,29,372
136,30,393
136,31,402
136,32,383
136,33,381
136,34,387
136,35,386
136,36,361
136,37,359
136,38,378
136,39,371
136,40,389
136,41,397
136,42,394
136,43,382
136,44,388
136,45,382
136,46,362
136,47,376
136,48,381
136,49,388
136,50,389
136,51,380
136,52,373
136,53,368
136,54,364
136,55,367
136,56,379
136,57,370
136,58,380
136,59,387
136,60,390
136,61,379
136,62,379
136,63,376
136,64,370
136,65,376
136,66,378
136,67,389
136,68,388
136,69,392
136,70,377
136,71,371
136,72,379
136,73,376
136,74,393
136,75,380
136,76,373
136,77,372
136,78,376
136,79,377
136,80,387
136,81,375
136,82,393
136,83,386
136,84,380
136,85,375
136,86,366
136,87,393
136,88,383
136,89,371
136,90,396
136,91,382
136,92,380
136,93,385
136,94,384
136,95,373
136,96,378
136,97,383
136,98,384
136,99,393
136,100,363
136,101,386
136,102,391
136,103,397
136,104,379
136,105,392
136,106,375
136,107,388
136,108,373
136,109,374
136,110,364
136,111,380
136,112,382
136,113,373
136,114,383
136,115,385
136,116,377
136,117,385
136,118,380
136,119,391
136,120,381
136,121,384
136,122,381
136,123,388
136,124,378
136,125,388
136,126,382
136,127,388
136,128,388
136,129,381
136,130,380
136,131,375
136,132,392
136,133,389
136,134,389
136,135,383
136,136,377
136,137,377
136,138,376
136,139,385
136,140,366
136,141,387
136,142,379
136,143,385
136,144,383
136,145,378
136,146,377
136,147,383
136,148,384
136,149,383
136,150,377
136,151,383
136,152,384
136,153,374
136,154,366
136,155,374
136,156,384
136,157,388
136,158,387
136,159,392
136,160,380
136,161,363
136,162,386
136,163,388
136,164,387
136,165,385
136,166,386
136,167,391
136,168,397
136,169,379
136,170,376
136,171,386
136,172,378
136,173,399
136,174,390
136,175,399
136,176,390
136,177,393
136,178,383
136,179,380
136,180,391
136,181,398
136,182,392
136,183,388
136,184,382
136,185,367
136,186,370
136,187,380
136,188,382
136,189,374
136,190,366
136,191,375
136,192,371
136,193,380
136,194,358
136,195,373
136,196,377
136,197,374
136,198,386
136,199,394
136,200,392
137,1,2
137,2,7
137,3,13
137,4,34
137,5,64
137,6,115
137,7,206
137,8,297
137,9,348
137,10,369
137,11,374
137,12,368
137,13,372
137,14,381
137,15,384
137,16,373
137,17,373
137,18,373
137,19,371
137,20,381
137,21,386
137,22,390
137,23,380
137,24,381
137,25,375
137,26,377
137,27,381
137,28,382
137,29,392
137,30,379
137,31,371
137,32,387
137,33,381
137,34,388
137,35,383
137,36,380
137,37,373
137,38,374
137,39,376
137,40,367
137,41,383
137,42,390
137,43,388
137,44,391
137,45,388
137,46,392
137,47,397
137,48,388
137,49,392
137,50,369
137,51,361
137,52,367
137,53,377
137,54,362
137,55,386
137,56,379
137,57,376
137,58,371
137,59,386
137,60,368
137,61,379
137,62,377
137,63,391
137,64,386
137,65,395
137,66,389
137,67,379
137,68,382
137,69,384
137,70,383
137,71,388
137,72,385
137,73,367
137,74,389
137,75,391
137,76,379
137,77,374
137,78,381
137,79,368
137,80,379
137,81,388
137,82,388
137,83,377
137,84,376
137,85,384
137,86,368
137,87,392
137,88,362
137,89,379
137,90,378
137,91,367
137,92,386
137,93,379
137,94,380
137,95,386
137,96,392
137,97,373
137,98,385
137,99,364
137,100,381
137,101,388
137,102,382
137,103,367
137,104,384
137,105,375
137,106,383
137,107,380
137,108,359
137,109,362
137,110,376
137,111,380
137,112,388
137,113,389
137,114,373
137,115,389
137,116,367
137,117,376
137,118,381
137,119,378
137,120,358
137,121,386
137,122,370
137,123,383
137,124,384
137,125,367
137,126,386
137,127,385
137,128,383
137,129,394
137,130,382
137,131,373
137,132,383
137,133,382
137,134,369
137,135,399
137,136,390
137,137,378
137,138,382
137,139,382
137,140,381
137,141,380
137,142,392
137,143,388
137,144,384
137,145,400
137,146,385
137,147,370
137,148,392
137,149,389
137,150,389
137,151,385
137,152,392
137,153,379
137,154,377
137,155,376
137,156,375
137,157,367
137,158,364
137,159,363
137,160,371
137,161,379
137,162,374
137,163,359
137,164,384
137,165,371
137,166,387
137,167,365
137,168,385
137,169,385
137,170,373
137,171,388
137,172,377
137,173,376
137,174,383
137,175,376
137,176,384
137,177,368
137,178,378
137,179,400
137,180,405
137,181,365
137,182,368
137,183,379
137,184,376
137,185,369
137,186,364
137,187,363
137,188,358
137,189,376
137,190,383
137,191,393
137,192,387
137,193,386
137,194,405
137,195,390
137,196,386
137,197,376
137,198,389
137,199,376
137,200,388
138,1,3
138,2,4
138,3,11
138,4,27
138,5,70
138,6,160
138,7,250
138,8,327
138,9,361
138,10,393
138,11,385
138,12,380
138,13,391
138,14,378
138,15,391
138,16,375
138,17,362
138,18,378
138,19,386
138,20,387
138,21,392
138,22,386
138,23,392
138,24,394
138,25,376
138,26,370
138,27,366
138,28,380
138,29,373
138,30,379
138,31,385
138,32,387
138,33,363
138,34,352
138,35,361
138,36,383
138,37,376
138,38,377
138,39,386
138,40,375
138,41,371
138,42,393
138,43,382
138,44,389
138,45,374
138,46,375
138,47,366
138,48,383
138,49,386
138,50,368
138,51,376
138,52,381
138,53,389
138,54,376
138,55,374
138,56,391
138,57,383
138,58,386
138,59,387
138,60,387
138,61,378
138,62,394
138,63,384
138,64,386
138,65,386
138,66,370
138,67,375
138,68,388
138,69,367
138,70,372
138,71,384
138,72,371
138,73,380
138,74,377
138,75,385
138,76,367
138,77,386
138,78,379
138,79,383
138,80,376
138,81,375
138,82,384
138,83,369
138,84,379
138,85,373
138,86,379
138,87,388
138,88,392
138,89,382
138,90,370
138,91,378
138,92,396
138,93,387
138,94,385
138,95,385
138,96,377
138,97,379
138,98,384
138,99,394
138,100,374
138,101,373
138,102,395
138,103,392
138,104,389
138,105,390
138,106,386
138,107,374
138,108,375
138,109,369
138,110,361
138,111,381
138,112,368
138,113,373
138,114,378
138,115,378
138,116,387
138,117,379
138,118,372
138,119,371
138,120,384
138,121,380
138,122,387
138,123,381
138,124,387
138,125,378
138,126,381
138,127,386
138,128,376
138,129,361
138,130,373
138,131,368
138,132,371
138,133,386
138,134,372
138,135,379
138,136,378
138,137,375
138,138,392
138,139,382
138,140,374
138,141,371
138,142,370
138,143,368
138,144,369
138,145,375
138,146,370
138,147,372
138,148,376
138,149,374
138,150,384
138,151,373
138,152,388
138,153,387
138,154,384
138,155,375
138,156,394
138,157,373
138,158,392
138,159,370
138,160,380
138,161,385
138,162,377
138,163,366
138,164,378
138,165,379
138,166,386
138,167,370
138,168,374
138,169,374
138,170,376
138,171,376
138,172,367
138,173,385
138,174,387
138,175,391
138,176,372
138,177,374
138,178,383
138,179,375
138,180,369
138,181,379
138,182,374
138,183,382
138,184,387
138,185,384
138,186,374
138,187,373
138,188,366
138,189,380
138,190,380
138,191,386
138,192,396
138,193,376
138,194,380
138,195,374
138,196,372
138,197,368
138,198,390
138,199,388
138,200,372
139,1,3
139,2,6
139,3,15
139,4,26
139,5,50
139,6,100
139,7,188
139,8,287
139,9,346
139,10,376
139,11,384
139,12,385
139,13,392
139,14,384
139,15,393
139,16,394
139,17,377
139,18,373
139,19,379
139,20,379
139,21,356
139,22,370
139,23,370
139,24,384
139,25,373
139,26,375
139,27,382
139,28,385
139,29,379
139,30,386
139,31,387
139,32,387
139,33,386
139,34,391
139,35,376
139,36,396
139,37,381
139,38,375
139,39,374
139,40,381
139,41,376
139,42,376
139,43,385
139,44,377
139,45,376
139,46,398
139,47,379
139,48,379
139,49,379
139,50,377
139,51,384
139,52,374
139,53,373
139,54,377
139,55,374
139,56,380
139,57,357
139,58,374
139,59,378
139,60,376
139,61,388
139,62,371
139,63,371
139,64,370
139,65,380
139,66,377
139,67,383
139,68,388
139,69,396
139,70,359
139,71,388
139,72,388
139,73,385
139,74,382
139,75,396
139,76,379
139,77,391
139,78,376
139,79,395
139,80,381
139,81,383
139,82,374
139,83,374
139,84,386
139,85,375
139,86,366
139,87,382
139,88,365
139,89,379
139,90,372
139,91,378
139,92,374
139,93,366
139,94,383
139,95,399
139,96,380
139,97,385
139,98,377
139,99,378
139,100,376
139,101,369
139,102,373
139,103,382
139,104,379
139,105,381
139,106,379
139,107,398
139,108,381
139,109,370
139,110,376
139,111,361
139,112,390
139,113,375
139,114,360
139,115,378
139,116,380
139,117,376
139,118,383
139,119,383
139,120,383
139,121,398
139,122,380
139,123,383
139,124,384
139,125,383
139,126,373
139,127,369
139,128,367
139,129,385
139,130,377
139,131,391
139,132,374
139,133,363
139,134,382
139,135,379
139,136,387
139,137,382
139,138,369
139,139,382
139,140,380
139,141,380
139,142,371
139,143,376
139,144,379
139,145,373
139,146,380
139,147,369
139,148,384
139,149,382
139,150,371
139,151,385
139,152,371
139,153,373
139,154,385
139,155,370
139,156,354
139,157,357
139,158,377
139,159,372
139,160,373
139,161,378
139,162,376
139,163,378
139,164,378
139,165,393
139,166,392
139,167,375
139,168,387
139,169,380
139,170,385
139,171,377
139,172,387
139,173,365
139,174,378
139,175,381
139,176,395
139,177,378
139,178,369
139,179,391
139,180,384
139,181,383
139,182,375
139,183,394
139,184,383
139,185,387
139,186,390
139,187,391
139,188,388
139,189,368
139,190,388
139,191,393
139,192,377
139,193,368
139,194,384
139,195,388
139,196,398
139,197,381
139,198,383
139,199,378
139,200,366
140,1,3
140,2,8
140,3,19
140,4,43
140,5,93
140,6,166
140,7,247
140,8,323
140,9,355
140,10,360
140,11,380
140,12,384
140,13,370
140,14,369
140,15,377
140,16,387
140,17,397
140,18,379
140,19,390
140,20,382
140,21,378
140,22,376
140,23,369
140,24,354
140,25,391
140,26,371
140,27,385
140,28,389
140,29,385
140,30,385
140,31,363
140,32,364
140,33,374
140,34,376
140,35,370
140,36,373
140,37,391
140,38,376
140,39,370
140,40,383
140,41,365
140,42,391
140,43,384
140,44,379
140,45,382
140,46,381
140,47,391
140,48,368
140,49,376
140,50,377
140,51,361
140,52,372
140,53,359
140,54,377
140,55,392
140,56,374
140,57,386
140,58,387
140,59,397
140,60,371
140,61,388
140,62,376
140,63,393
140,64,393
140,65,390
140,66,387
140,67,379
140,68,381
140,69,401
140,70,393
140,71,394
140,72,392
140,73,396
140,74,377
140,75,374
140,76,381
140,77,376
140,78,386
140,79,375
140,80,381
140,81,361
140,82,370
140,83,373
140,84,379
140,85,387
140,86,384
140,87,378
140,88,367
140,89,370
140,90,378
140,91,388
140,92,386
140,93,374
140,94,377
140,95,374
140,96,388
140,97,384
140,98,368
140,99,391
140,100,390
140,101,379
140,102,382
140,103,391
140,104,392
140,105,375
140,106,398
140,107,388
140,108,390
140,109,370
140,110,373
140,111,370
140,112,388
140,113,398
140,114,384
140,115,383
140,116,372
140,117,376
140,118,367
140,119,378
140,120,398
140,121,372
140,122,384
140,123,374
140,124,389
140,125,384
140,126,371
140,127,378
140,128,385
140,129,391
140,130,373
140,131,369
140,132,380
140,133,387
140,134,398
140,135,384
140,136,365
140,137,370
140,138,385
140,139,372
140,140,373
140,141,377
140,142,389
140,143,399
140,144,400
140,145,402
140,146,365
140,147,371
140,148,382
140,149,394
140,150,379
140,151,392
140,152,394
140,153,384
140,154,384
140,155,369
140,156,386
140,157,385
140,158,382
140,159,393
140,160,380
140,161,372
140,162,380
140,163,376
140,164,372
140,165,389
140,166,394
140,167,382
140,168,383
140,169,386
140,170,388
140,171,367
140,172,378
140,173,383
140,174,389
140,175,378
140,176,380
140,177,369
140,178,386
140,179,381
140,180,394
140,181,378
140,182,384
140,183,381
140,184,376
140,185,377
140,186,379
140,187,379
140,188,383
140,189,374
140,190,376
140,191,391
140,192,394
140,193,389
140,194,392
140,195,379
140,196,387
140,197,375
140,198,377
140,199,385
140,200,384
141,1,2
141,2,4
141,3,12
141,4,28
141,5,68
141,6,143
141,7,248
141,8,335
141,9,372
141,10,377
141,11,375
141,12,372
141,13,378
141,14,374
141,15,393
141,16,385
141,17,387
141,18,384
141,19,366
141,20,360
141,21,387
141,22,394
141,23,392
141,24,375
141,25,391
141,26,381
141,27,380
141,28,387
141,29,390
141,30,377
141,31,394
141,32,381
141,33,389
141,34,378
141,35,379
141,36,384
141,37,373
141,38,372
141,39,394
141,40,385
141,41,381
141,42,381
141,43,361
141,44,367
141,45,362
141,46,383
141,47,388
141,48,387
141,49,379
141,50,373
141,51,390
141,52,388
141,53,383
141,54,377
141,55,380
141,56,385
141,57,382
141,58,374
141,59,383
141,60,375
141,61,384
141,62,382
141,63,382
141,64,373
141,65,389
141,66,382
141,67,390
141,68,386
141,69,388
141,70,377
141,71,382
141,72,377
141,73,380
141,74,370
141,75,370
141,76,374
141,77,387
141,78,399
141,79,387
141,80,381
141,81,382
141,82,369
141,83,376
141,84,379
141,85,390
141,86,382
141,87,394
141,88,378
141,89,386
141,90,388
141,91,382
141,92,371
141,93,376
141,94,374
141,95,376
141,96,378
141,97,376
141,98,386
141,99,368
141,100,386
141,101,385
141,102,381
141,103,390
141,104,388
141,105,392
141,106,396
141,107,379
141,108,388
141,109,386
141,110,389
141,111,382
141,112,375
141,113,404
141,114,393
141,115,387
141,116,377
141,117,385
141,118,384
141,119,395
141,120,381
141,121,364
141,122,361
141,123,363
141,124,377
141,125,381
141,126,385
141,127,381
141,128,400
141,129,383
141,130,387
141,131,375
141,132,376
141,133,396
141,134,378
141,135,377
141,136,385
141,137,384
141,138,384
141,139,370
141,140,384
141,141,395
141,142,371
141,143,379
141,144,387
141,145,376
141,146,379
141,147,377
141,148,376
141,149,384
141,150,377
141,151,375
141,152,379
141,153,388
141,154,368
141,155,374
141,156,371
141,157,373
141,158,356
141,159,387
141,160,383
141,161,384
141,162,376
141,163,388
141,164,393
141,165,392
141,166,370
141,167,375
141,168,371
141,169,383
141,170,386
141,171,387
141,172,371
141,173,382
141,174,370
141,175,375
141,176,374
141,177,379
141,178,380
141,179,369
141,180,376
141,181,378
141,182,388
141,183,377
141,184,394
141,185,383
141,186,384
141,187,381
141,188,373
141,189,358
141,190,365
141,191,371
141,192,384
141,193,378
141,194,374
141,195,379
141,196,372
141,197,377
141,198,383
141,199,389
141,200,400
142,1,4
142,2,12
142,3,29
142,4,77
142,5,156
142,6,254
142,7,319
142,8,339
142,9,376
142,10,384
142,11,368
142,12,372
142,13,393
142,14,377
142,15,376
142,16,394
142,17,371
142,18,374
142,19,386
142,20,389
142,21,376
142,22,394
142,23,391
142,24,382
142,25,387
142,26,369
142,27,362
142,28,380
142,29,388
142,30,392
142,31,374
142,32,382
142,33,385
142,34,363
142,35,369
142,36,378
142,37,370
142,38,381
142,39,380
142,40,390
142,41,386
142,42,371
142,43,380
142,44,380
142,45,398
142,46,380
142,47,375
142,48,384
142,49,387
142,50,376
142,51,381
142,52,367
142,53,365
142,54,385
142,55,393
142,56,384
142,57,371
142,58,377
142,59,374
142,60,383
142,61,390
142,62,389
142,63,377
142,64,395
142,65,381
142,66,375
142,67,389
142,68,385
142,69,389
142,70,381
142,71,367
142,72,366
142,73,385
142,74,385
142,75,366
142,76,363
142,77,365
142,78,384
142,79,388
142,80,391
142,81,383
142,82,384
142,83,393
142,84,380
142,85,396
142,86,381
142,87,383
142,88,371
142,89,370
142,90,372
142,91,386
142,92,377
142,93,381
142,94,384
142,95,375
142,96,385
142,97,382
142,98,385
142,99,381
142,100,386
142,101,399
142,102,395
142,103,382
142,104,373
142,105,383
142,106,383
142,107,391
142,108,371
142,109,378
142,110,383
142,111,399
142,112,388
142,113,388
142,114,394
142,115,387
142,116,367
142,117,387
142,118,365
142,119,390
142,120,389
142,121,381
142,122,387
142,123,375
142,124,388
142,125,376
142,126,369
142,127,362
142,128,384
142,129,370
142,130,379
142,131,391
142,132,383
142,133,399
142,134,391
142,135,381
142,136,390
142,137,387
142,138,381
142,139,398
142,140,374
142,141,385
142,142,393
142,143,388
142,144,379
142,145,374
142,146,381
142,147,378
142,148,390
142,149,372
142,150,386
142,151,380
142,152,366
142,153,378
142,154,368
142,155,386
142,156,377
142,157,377
142,158,379
142,159,378
142,160,372
142,161,367
142,162,378
142,163,381
142,164,375
142,165,380
142,166,385
142,167,376
142,168,378
142,169,383
142,170,405
142,171,394
142,172,367
142,173,386
142,174,386
142,175,379
142,176,388
142,177,380
142,178,382
142,179,374
142,180,388
142,181,377
142,182,385
142,183,387
142,184,382
142,185,376
142,186,385
142,187,360
142,188,377
142,189,366
142,190,372
142,191,377
142,192,388
142,193,383
142,194,379
142,195,362
142,196,386
142,197,397
142,198,384
142,199,385
142,200,385
143,1,2
143,2,5
143,3,11
143,4,23
143,5,62
143,6,119
143,7,208
143,8,322
143,9,358
143,10,363
143,11,374
143,12,371
143,13,388
143,14,380
143,15,379
143,16,378
143,17,377
143,18,381
143,19,392
143,20,381
143,21,374
143,22,390
143,23,400
143,24,397
143,25,373
143,26,380
143,27,374
143,28,376
143,29,383
143,30,382
143,31,378
143,32,376
143,33,384
143,34,382
143,35,385
143,36,395
143,37,375
143,38,381
143,39,365
143,40,372
143,41,365
143,42,387
143,43,384
143,44,389
143,45,397
143,46,392
143,47,375
143,48,381
143,49,376
143,50,376
143,51,381
143,52,379
143,53,381
143,54,381
143,55,387
143,56,391
143,57,390
143,58,385
143,59,376
143,60,388
143,61,386
143,62,386
143,63,384
143,64,386
143,65,373
143,66,382
143,67,387
143,68,382
143,69,381
143,70,382
143,71,380
143,72,393
143,73,386
143,74,396
143,75,380
143,76,384
143,77,382
143,78,372
143,79,384
143,80,373
143,81,376
143,82,376
143,83,386
143,84,379
143,85,381
143,86,383
143,87,380
143,88,389
143,89,387
143,90,377
143,91,384
143,92,376
143,93,385
143,94,383
143,95,382
143,96,376
143,97,399
143,98,387
143,99,370
143,100,369
143,101,377
143,102,381
143,103,372
143,104,382
143,105,390
143,106,389
143,107,395
143,108,404
143,109,383
143,110,374
143,111,368
143,112,379
143,113,384
143,114,386
143,115,392
143,116,392
143,117,385
143,118,395
143,119,378
143,120,372
143,121,380
143,122,383
143,123,384
143,124,378
143,125,367
143,126,399
143,127,403
143,128,386
143,129,386
143,130,388
143,131,381
143,132,379
143,133,373
143,134,394
143,135,374
143,136,393
143,137,390
143,138,388
143,139,383
143,140,376
143,141,389
143,142,375
143,143,386
143,144,387
143,145,385
143,146,378
143,147,385
143,148,379
143,149,382
143,150,383
143,151,377
143,152,382
143,153,387
143,154,394
143,155,374
143,156,378
143,157,391
143,158,390
143,159,379
143,160,380
143,161,377
143,162,389
143,163,383
143,164,384
143,165,395
143,166,395
143,167,384
143,168,379
143,169,391
143,170,378
143,171,380
143,172,365
143,173,383
143,174,381
143,175,372
143,176,391
143,177,392
143,178,385
143,179,387
143,180,378
143,181,388
143,182,388
143,183,387
143,184,378
143,185,378
143,186,374
143,187,379
143,188,387
143,189,399
143,190,391
143,191,397
143,192,387
143,193,375
143,194,378
143,195,381
143,196,374
143,197,377
143,198,390
143,199,370
143,200,389
144,1,2
144,2,4
144,3,7
144,4,14
144,5,28
144,6,61
144,7,128
144,8,214
144,9,299
144,10,345
144,11,368
144,12,375
144,13,370
144,14,373
144,15,383
144,16,386
144,17,387
144,18,376
144,19,382
144,20,374
144,21,386
144,22,369
144,23,383
144,24,390
144,25,372
144,26,382
144,27,379
144,28,377
144,29,379
144,30,379
144,31,391
144,32,387
144,33,372
144,34,372
144,35,372
144,36,381
144,37,374
144,38,372
144,39,380
144,40,376
144,41,381
144,42,376
144,43,365
144,44,384
144,45,377
144,46,391
144,47,391
144,48,374
144,49,387
144,50,390
144,51,391
144,52,376
144,53,382
144,54,386
144,55,380
144,56,382
144,57,381
144,58,378
144,59,394
144,60,389
144,61,367
144,62,385
144,63,369
144,64,379
144,65,388
144,66,372
144,67,369
144,68,371
144,69,373
144,70,383
144,71,382
144,72,384
144,73,375
144,74,388
144,75,384
144,76,385
144,77,380
144,78,386
144,79,361
144,80,388
144,81,383
144,82,387
144,83,396
144,84,391
144,85,386
144,86,399
144,87,388
144,88,380
144,89,388
144,90,377
144,91,380
144,92,392
144,93,382
144,94,373
144,95,370
144,96,386
144,97,383
144,98,373
144,99,387
144,100,367
144,101,375
144,102,391
144,103,387
144,104,373
144,105,396
144,106,382
144,107,392
144,108,382
144,109,390
144,110,365
144,111,393
144,112,376
144,113,387
144,114,382
144,115,368
144,116,381
144,117,386
144,118,388
144,119,388
144,120,386
144,121,378
144,122,357
144,123,384
144,124,389
144,125,384
144,126,376
144,127,382
144,128,379
144,129,394
144,130,390
144,131,398
144,132,387
144,133,392
144,134,386
144,135,382
144,136,378
144,137,382
144,138,384
144,139,384
144,140,388
144,141,383
144,142,386
144,143,390
144,144,387
144,145,380
144,146,389
144,147,386
144,148,382
144,149,378
144,150,374
144,151,387
144,152,376
144,153,377
144,154,383
144,155,388
144,156,374
144,157,370
144,158,379
144,159,386
144,160,383
144,161,386
144,162,376
144,163,387
144,164,387
144,165,380
144,166,376
144,167,370
144,168,378
144,169,394
144,170,377
144,171,380
144,172,375
144,173,386
144,174,399
144,175,399
144,176,383
144,177,379
144,178,398
144,179,382
144,180,392
144,181,373
144,182,382
144,183,388
144,184,382
144,185,381
144,186,394
144,187,382
144,188,384
144,189,387
144,190,369
144,191,368
144,192,386
144,193,374
144,194,364
144,195,369
144,196,368
144,197,384
144,198,386
144,199,372
144,200,392
145,1,1
145,2,4
145,3,9
145,4,25
145,5,56
145,6,118
145,7,209
145,8,316
145,9,367
145,10,381
145,11,379
145,12,388
145,13,388
145,14,385
145,15,373
145,16,375
145,17,378
145,18,373
145,19,379
145,20,388
145,21,385
145,22,384
145,23,383
145,24,390
145,25,381
145,26,385
145,27,389
145,28,386
145,29,383
145,30,388
145,31,377
145,32,363
145,33,380
145,34,384
145,35,373
145,36,383
145,37,380
145,38,368
145,39,377
145,40,390
145,41,391
145,42,387
145,43,381
145,44,371
145,45,384
145,46,378
145,47,365
145,48,388
145,49,385
145,50,392
145,51,394
145,52,391
145,53,383
145,54,390
145,55,380
145,56,383
145,57,375
145,58,398
145,59,388
145,60,381
145,61,393
145,62,387
145,63,386
145,64,388
145,65,382
145,66,384
145,67,388
145,68,391
145,69,388
145,70,386
145,71,376
145,72,380
145,73,391
145,74,384
145,75,383
145,76,386
145,77,375
145,78,368
145,79,378
145,80,380
145,81,389
145,82,383
145,83,378
145,84,372
145,85,386
145,86,391
145,87,382
145,88,375
145,89,374
145,90,391
145,91,378
145,92,385
145,93,388
145,94,383
145,95,373
145,96,382
145,97,393
145,98,390
145,99,391
145,100,388
145,101,387
145,102,389
145,103,388
145,104,384
145,105,373
145,106,380
145,107,372
145,108,373
145,109,379
145,110,386
145,111,374
145,112,385
145,113,386
145,114,383
145,115,379
145,116,382
145,117,381
145,118,378
145,119,373
145,120,370
145,121,373
145,122,384
145,123,383
145,124,384
145,125,369
145,126,375
145,127,380
145,128,375
145,129,383
145,130,376
145,131,379
145,132,394
145,133,384
145,134,382
145,135,374
145,136,366
145,137,387
145,138,372
145,139,379
145,140,378
145,141,377
145,142,385
145,143,387
145,144,372
145,145,376
145,146,361
145,147,383
145,148,384
145,149,380
145,150,388
145,151,378
145,152,386
145,153,389
145,154,377
145,155,371
145,156,376
145,157,383
145,158,381
145,159,361
145,160,375
145,161,372
145,162,369
145,163,395
145,164,394
145,165,387
145,166,395
145,167,385
145,168,391
145,169,375
145,170,386
145,171,385
145,172,384
145,173,396
145,174,384
145,175,384
145,176,374
145,177,369
145,178,383
145,179,382
145,180,382
145,181,378
145,182,391
145,183,393
145,184,386
145,185,377
145,186,377
145,187,366
145,188,369
145,189,365
145,190,389
145,191,384
145,192,387
145,193,380
145,194,373
145,195,381
145,196,361
145,197,367
145,198,369
145,199,377
145,200,387
146,1,4
146,2,11
146,3,20
146,4,43
146,5,88
146,6,157
146,7,263
146,8,330
146,9,360
146,10,378
146,11,376
146,12,379
146,13,387
146,14,393
146,15,378
146,16,387
146,17,394
146,18,387
146,19,379
146,20,385
146,21,396
146,22,375
146,23,376
146,24,375
146,25,379
146,26,394
146,27,378
146,28,379
146,29,379
146,30,381
146,31,382
146,32,378
146,33,379
146,34,376
146,35,374
146,36,382
146,37,385
146,38,385
146,39,382
146,40,362
146,41,365
146,42,380
146,43,370
146,44,386
146,45,381
146,46,375
146,47,367
146,48,370
146,49,370
146,50,377
146,51,372
146,52,386
146,53,387
146,54,372
146,55,395
146,56,395
146,57,380
146,58,382
146,59,390
146,60,381
146,61,380
146,62,386
146,63,384
146,64,391
146,65,381
146,66,381
146,67,380
146,68,366
146,69,387
146,70,379
146,71,394
146,72,371
146,73,362
146,74,386
146,75,386
146,76,384
146,77,367
146,78,367
146,79,365
146,80,379
146,81,390
146,82,385
146,83,391
146,84,374
146,85,379
146,86,383
146,87,371
146,88,375
146,89,374
146,90,371
146,91,397
146,92,385
146,93,378
146,94,368
146,95,386
146,96,389
146,97,389
146,98,386
146,99,386
146,100,385
146,101,381
146,102,372
146,103,375
146,104,385
146,105,362
146,106,376
146,107,388
146,108,391
146,109,378
146,110,375
146,111,391
146,112,384
146,113,381
146,114,402
146,115,378
146,116,381
146,117,388
146,118,381
146,119,383
146,120,380
146,121,406
146,122,400
146,123,392
146,124,383
146,125,379
146,126,389
146,127,385
146,128,379
146,129,387
146,130,363
146,131,371
146,132,379
146,133,385
146,134,381
146,135,381
146,136,397
146,137,386
146,138,387
146,139,383
146,140,374
146,141,383
146,142,385
146,143,382
146,144,372
146,145,368
146,146,377
146,147,371
146,148,372
146,149,361
146,150,371
146,151,380
146,152,377
146,153,368
146,154,378
146,155,388
146,156,395
146,157,377
146,158,377
146,159,383
146,160,372
146,161,379
146,162,382
146,163,378
146,164,384
146,165,371
146,166,383
146,167,376
146,168,389
146,169,385
146,170,383
146,171,394
146,172,370
146,173,377
146,174,383
146,175,385
146,176,389
146,177,372
146,178,381
146,179,369
146,180,376
146,181,373
146,182,385
146,183,374
146,184,375
146,185,386
146,186,374
146,187,381
146,188,379
146,189,378
146,190,377
146,191,385
146,192,389
146,193,378
146,194,379
146,195,367
146,196,372
146,197,380
146,198,389
146,199,380
146,200,380
147,1,4
147,2,14
147,3,32
147,4,79
147,5,145
147,6,231
147,7,314
147,8,349
147,9,360
147,10,374
147,11,390
147,12,373
147,13,372
147,14,394
147,15,383
147,16,392
147,17,388
147,18,373
147,19,387
147,20,390
147,21,381
147,22,385
147,23,382
147,24,384
147,25,376
147,26,380
147,27,377
147,28,373
147,29,367
147,30,376
147,31,372
147,32,377
147,33,366
147,34,381
147,35,390
147,36,368
147,37,374
147,38,387
147,39,377
147,40,356
147,41,369
147,42,382
147,43,380
147,44,386
147,45,389
147,46,378
147,47,386
147,48,386
147,49,376
147,50,377
147,51,383
147,52,378
147,53,372
147,54,377
147,55,378
147,56,391
147,57,392
147,58,390
147,59,393
147,60,378
147,61,371
147,62,360
147,63,378
147,64,375
147,65,394
147,66,385
147,67,372
147,68,376
147,69,369
147,70,378
147,71,384
147,72,381
147,73,376
147,74,387
147,75,392
147,76,385
147,77,398
147,78,375
147,79,380
147,80,369
147,81,368
147,82,374
147,83,382
147,84,383
147,85,383
147,86,392
147,87,387
147,88,392
147,89,388
147,90,379
147,91,380
147,92,382
147,93,389
147,94,379
147,95,375
147,96,392
147,97,385
147,98,376
147,99,379
147,100,369
147,101,380
147,102,383
147,103,393
147,104,377
147,105,384
147,106,380
147,107,376
147,108,375
147,109,383
147,110,381
147,111,372
147,112,365
147,113,365
147,114,385
147,115,389
147,116,373
147,117,377
147,118,383
147,119,383
147,120,381
147,121,390
147,122,385
147,123,372
147,124,383
147,125,381
147,126,377
147,127,369
147,128,379
147,129,378
147,130,368
147,131,373
147,132,386
147,133,371
147,134,376
147,135,372
147,136,374
147,137,385
147,138,371
147,139,389
147,140,391
147,141,392
147,142,381
147,143,384
147,144,390
147,145,380
147,146,376
147,147,375
147,148,369
147,149,377
147,150,374
147,151,389
147,152,378
147,153,370
147,154,379
147,155,389
147,156,369
147,157,382
147,158,373
147,159,379
147,160,383
147,161,371
147,162,377
147,163,380
147,164,375
147,165,377
147,166,394
147,167,379
147,168,368
147,169,376
147,170,370
147,171,378
147,172,390
147,173,388
147,174,378
147,175,395
147,176,387
147,177,387
147,178,391
147,179,391
147,180,381
147,181,386
147,182,382
147,183,383
147,184,377
147,185,371
147,186,369
147,187,387
147,188,370
147,189,392
147,190,385
147,191,399
147,192,379
147,193,389
147,194,379
147,195,362
147,196,379
147,197,377
147,198,380
147,199,371
147,200,383
148,1,3
148,2,10
148,3,23
148,4,53
148,5,116
148,6,188
148,7,296
148,8,357
148,9,373
148,10,384
148,11,380
148,12,374
148,13,374
148,14,391
148,15,386
148,16,398
148,17,382
148,18,375
148,19,391
148,20,394
148,21,389
148,22,371
148,23,376
148,24,372
148,25,366
148,26,381
148,27,369
148,28,376
148,29,380
148,30,387
148,31,382
148,32,373
148,33,386
148,34,386
148,35,385
148,36,375
148,37,391
148,38,386
148,39,392
148,40,373
148,41,379
148,42,382
148,43,376
148,44,382
148,45,378
148,46,383
148,47,369
148,48,387
148,49,388
148,50,383
148,51,389
148,52,388
148,53,376
148,54,381
148,55,378
148,56,365
148,57,380
148,58,394
148,59,374
148,60,398
148,61,374
148,62,369
148,63,370
148,64,390
148,65,386
148,66,389
148,67,372
148,68,394
148,69,385
148,70,381
148,71,383
148,72,387
148,73,378
148,74,395
148,75,397
148,76,374
148,77,365
148,78,395
148,79,385
148,80,388
148,81,388
148,82,377
148,83,377
148,84,390
148,85,386
148,86,383
148,87,380
148,88,380
148,89,372
148,90,383
148,91,389
148,92,386
148,93,392
148,94,371
148,95,388
148,96,387
148,97,379
148,98,370
148,99,377
148,100,374
148,101,379
148,102,372
148,103,378
148,104,377
148,105,368
148,106,380
148,107,384
148,108,373
148,109,372
148,110,379
148,111,381
148,112,374
148,113,390
148,114,373
148,115,385
148,116,378
148,117,374
148,118,377
148,119,388
148,120,380
148,121,371
148,122,386
148,123,404
148,124,389
148,125,379
148,126,371
148,127,381
148,128,382
148,129,369
148,130,379
148,131,395
148,132,395
148,133,402
148,134,399
148,135,391
148,136,387
148,137,381
148,138,385
148,139,390
148,140,388
148,141,384
148,142,372
148,143,393
148,144,389
148,145,390
148,146,398
148,147,386
148,148,388
148,149,381
148,150,380
148,151,375
148,152,387
148,153,371
148,154,379
148,155,388
148,156,394
148,157,383
148,158,379
148,159,375
148,160,377
148,161,369
148,162,383
148,163,377
148,164,398
148,165,382
148,166,370
148,167,381
148,168,367
148,169,390
148,170,378
148,171,376
148,172,394
148,173,386
148,174,389
148,175,388
148,176,383
148,177,385
148,178,372
148,179,387
148,180,383
148,181,376
148,182,386
148,183,384
148,184,386
148,185,381
148,186,384
148,187,386
148,188,392
148,189,382
148,190,380
148,191,363
148,192,390
148,193,378
148,194,393
148,195,381
148,196,366
148,197,378
148,198,388
148,199,394
148,200,374
149,1,3
149,2,7
149,3,12
149,4,35
149,5,96
149,6,168
149,7,273
149,8,348
149,9,379
149,10,381
149,11,378
149,12,381
149,13,380
149,14,388
149,15,381
149,16,385
149,17,379
149,18,368
149,19,380
149,20,370
149,21,378
149,22,373
149,23,379
149,24,382
149,25,379
149,26,370
149,27,376
149,28,378
149,29,384
149,30,375
149,31,379
149,32,388
149,33,397
149,34,383
149,35,379
149,36,377
149,37,385
149,38,377
149,39,377
149,40,373
149,41,382
149,42,372
149,43,383
149,44,375
149,45,388
149,46,381
149,47,374
149,48,384
149,49,380
149,50,357
149,51,387
149,52,394
149,53,396
149,54,386
149,55,372
149,56,389
149,57,372
149,58,380
149,59,381
149,60,359
149,61,367
149,62,382
149,63,383
149,64,378
149,65,377
149,66,382
149,67,376
149,68,382
149,69,381
149,70,369
149,71,377
149,72,396
149,73,388
149,74,381
149,75,382
149,76,372
149,77,368
149,78,389
149,79,382
149,80,374
149,81,372
149,82,375
149,83,382
149,84,378
149,85,384
149,86,380
149,87,374
149,88,384
149,89,369
149,90,386
149,91,395
149,92,380
149,93,389
149,94,374
149,95,377
149,96,386
149,97,380
149,98,392
149,99,398
149,100,385
149,101,387
149,102,380
149,103,374
149,104,391
149,105,397
149,106,390
149,107,368
149,108,385
149,109,394
149,110,383
149,111,384
149,112,388
149,113,389
149,114,377
149,115,388
149,116,371
149,117,379
149,118,379
149,119,378
149,120,382
149,121,381
149,122,376
149,123,371
149,124,379
149,125,366
149,126,369
149,127,377
149,128,391
149,129,370
149,130,369
149,131,381
149,132,378
149,133,381
149,134,367
149,135,387
149,136,386
149,137,379
149,138,384
149,139,390
149,140,385
149,141,388
149,142,396
149,143,380
149,144,393
149,145,393
149,146,376
149,147,370
149,148,380
149,149,381
149,150,373
149,151,378
149,152,381
149,153,392
149,154,382
149,155,378
149,156,386
149,157,394
149,158,387
149,159,374
149,160,367
149,161,379
149,162,376
149,163,387
149,164,384
149,165,381
149,166,371
149,167,367
149,168,382
149,169,376
149,170,379
149,171,387
149,172,374
149,173,387
149,174,395
149,175,377
149,176,389
149,177,388
149,178,379
149,179,382
149,180,383
149,181,375
149,182,370
149,183,390
149,184,394
149,185,371
149,186,378
149,187,379
149,188,386
149,189,379
149,190,391
149,191,362
149,192,379
149,193,375
149,194,366
149,195,391
149,196,369
149,197,362
149,198,380
149,199,379
149,200,390
150,1,3
150,2,9
150,3,20
150,4,46
150,5,107
150,6,195
150,7,290
150,8,365
150,9,364
150,10,374
150,11,387
150,12,387
150,13,402
150,14,393
150,15,400
150,16,396
150,17,377
150,18,376
150,19,360
150,20,377
150,21,366
150,22,387
150,23,383
150,24,376
150,25,368
150,26,380
150,27,392
150,28,387
150,29,378
150,30,370
150,31,392
150,32,382
150,33,396
150,34,384
150,35,380
150,36,373
150,37,385
150,38,383
150,39,391
150,40,381
150,41,378
150,42,377
150,43,384
150,44,394
150,45,385
150,46,374
150,47,375
150,48,369
150,49,392
150,50,383
150,51,379
150,52,378
150,53,366
150,54,372
150,55,376
150,56,392
150,57,373
150,58,380
150,59,372
150,60,370
150,61,380
150,62,375
150,63,381
150,64,379
150,65,383
150,66,386
150,67,384
150,68,382
150,69,377
150,70,380
150,71,384
150,72,377
150,73,363
150,74,371
150,75,374
150,76,391
150,77,382
150,78,397
150,79,390
150,80,382
150,81,388
150,82,384
150,83,390
150,84,377
150,85,367
150,86,370
150,87,370
150,88,373
150,89,377
150,90,389
150,91,372
150,92,377
150,93,381
150,94,381
150,95,370
150,96,390
150,97,388
150,98,364
150,99,374
150,100,386
150,101,382
150,102,375
150,103,378
150,104,390
150,105,384
150,106,373
150,107,389
150,108,373
150,109,380
150,110,383
150,111,377
150,112,380
150,113,385
150,114,384
150,115,374
150,116,388
150,117,387
150,118,393
150,119,377
150,120,369
150,121,387
150,122,375
150,123,380
150,124,387
150,125,363
150,126,361
150,127,390
150,128,368
150,129,371
150,130,382
150,131,384
150,132,392
150,133,380
150,134,380
150,135,375
150,136,381
150,137,383
150,138,373
150,139,384
150,140,375
150,141,383
150,142,383
150,143,376
150,144,376
150,145,390
150,146,380
150,147,379
150,148,379
150,149,378
150,150,397
150,151,387
150,152,388
150,153,389
150,154,390
150,155,378
150,156,378
150,157,385
150,158,398
150,159,369
150,160,405
150,161,383
150,162,388
150,163,387
150,164,391
150,165,391
150,166,401
150,167,390
150,168,379
150,169,378
150,170,389
150,171,389
150,172,368
150,173,372
150,174,368
150,175,381
150,176,375
150,177,378
150,178,381
150,179,370
150,180,380
150,181,376
150,182,387
150,183,383
150,184,374
150,185,378
150,186,387
150,187,381
150,188,376
150,189,362
150,190,373
150,191,380
150,192,378
150,193,378
150,194,369
150,195,365
150,196,372
150,197,385
150,198,381
150,199,383
150,200,391
151,1,1
151,2,2
151,3,4
151,4,9
151,5,30
151,6,65
151,7,127
151,8,212
151,9,299
151,10,362
151,11,382
151,12,379
151,13,372
151,14,369
151,15,390
151,16,383
151,17,377
151,18,396
151,19,382
151,20,383
151,21,373
151,22,381
151,23,390
151,24,383
151,25,379
151,26,381
151,27,383
151,28,374
151,29,375
151,30,373
151,31,371
151,32,366
151,33,353
151,34,382
151,35,380
151,36,376
151,37,377
151,38,387
151,39,382
151,40,390
151,41,383
151,42,392
151,43,399
151,44,407
151,45,393
151,46,378
151,47,367
151,48,381
151,49,367
151,50,385
151,51,385
151,52,379
151,53,384
151,54,392
151,55,390
151,56,403
151,57,376
151,58,382
151,59,386
151,60,383
151,61,395
151,62,386
151,63,370
151,64,380
151,65,369
151,66,370
151,67,362
151,68,362
151,69,382
151,70,381
151,71,380
151,72,371
151,73,389
151,74,376
151,75,388
151,76,393
151,77,373
151,78,384
151,79,360
151,80,391
151,81,396
151,82,385
151,83,393
151,84,390
151,85,380
151,86,380
151,87,385
151,88,391
151,89,385
151,90,386
151,91,390
151,92,386
151,93,377
151,94,381
151,95,392
151,96,387
151,97,378
151,98,378
151,99,379
151,100,380
151,101,391
151,102,381
151,103,370
151,104,388
151,105,384
151,106,382
151,107,371
151,108,380
151,109,379
151,110,367
151,111,381
151,112,380
151,113,389
151,114,396
151,115,374
151,116,366
151,117,381
151,118,380
151,119,375
151,120,359
151,121,381
151,122,375
151,123,387
151,124,382
151,125,374
151,126,382
151,127,378
151,128,372
151,129,380
151,130,375
151,131,362
151,132,380
151,133,404
151,134,396
151,135,377
151,136,390
151,137,376
151,138,386
151,139,361
151,140,363
151,141,381
151,142,390
151,143,368
151,144,387
151,145,378
151,146,371
151,147,379
151,148,379
151,149,392
151,150,391
151,151,383
151,152,388
151,153,389
151,154,389
151,155,390
151,156,380
151,157,391
151,158,384
151,159,368
151,160,372
151,161,377
151,162,392
151,163,394
151,164,376
151,165,382
151,166,389
151,167,381
151,168,377
151,169,374
151,170,382
151,171,375
151,172,379
151,173,378
151,174,362
151,175,378
151,176,382
151,177,380
151,178,367
151,179,376
151,180,376
151,181,375
151,182,387
151,183,371
151,184,367
151,185,376
151,186,373
151,187,381
151,188,368
151,189,367
151,190,368
151,191,368
151,192,372
151,193,382
151,194,377
151,195,385
151,196,371
151,197,375
151,198,374
151,199,365
151,200,382
152,1,3
152,2,5
152,3,9
152,4,20
152,5,41
152,6,91
152,7,169
152,8,264
152,9,341
152,10,368
152,11,379
152,12,381
152,13,400
152,14,386
152,15,378
152,16,376
152,17,378
152,18,361
152,19,377
152,20,379
152,21,379
152,22,382
152,23,377
152,24,387
152,25,376
152,26,385
152,27,367
152,28,381
152,29,389
152,30,377
152,31,369
152,32,389
152,33,379
152,34,394
152,35,376
152,36,392
152,37,388
152,38,382
152,39,383
152,40,371
152,41,380
152,42,389
152,43,382
152,44,375
152,45,378
152,46,373
152,47,378
152,48,382
152,49,370
152,50,379
152,51,377
152,52,380
152,53,367
152,54,371
152,55,368
152,56,371
152,57,385
152,58,393
152,59,384
152,60,375
152,61,384
152,62,386
152,63,392
152,64,385
152,65,370
152,66,374
152,67,388
152,68,386
152,69,381
152,70,384
152,71,398
152,72,383
152,73,373
152,74,394
152,75,382
152,76,387
152,77,378
152,78,384
152,79,377
152,80,376
152,81,384
152,82,368
152,83,374
152,84,372
152,85,372
152,86,373
152,87,370
152,88,384
152,89,368
152,90,383
152,91,375
152,92,386
152,93,394
152,94,378
152,95,376
152,96,368
152,97,382
152,98,394
152,99,389
152,100,387
152,101,380
152,102,371
152,103,383
152,104,372
152,105,390
152,106,369
152,107,367
152,108,380
152,109,397
152,110,391
152,111,397
152,112,389
152,113,374
152,114,376
152,115,379
152,116,370
152,117,380
152,118,369
152,119,380
152,120,374
152,121,379
152,122,378
152,123,388
152,124,381
152,125,385
152,126,367
152,127,375
152,128,380
152,129,378
152,130,394
152,131,370
152,132,370
152,133,365
152,134,370
152,135,382
152,136,390
152,137,382
152,138,389
152,139,385
152,140,376
152,141,370
152,142,366
152,143,378
152,144,371
152,145,384
152,146,378
152,147,362
152,148,378
152,149,385
152,150,380
152,151,386
152,152,369
152,153,374
152,154,380
152,155,381
152,156,385
152,157,372
152,158,381
152,159,388
152,160,371
152,161,373
152,162,392
152,163,391
152,164,383
152,165,367
152,166,375
152,167,384
152,168,387
152,169,378
152,170,376
152,171,379
152,172,378
152,173,385
152,174,366
152,175,353
152,176,370
152,177,383
152,178,373
152,179,358
152,180,367
152,181,374
152,182,374
152,183,385
152,184,380
152,185,389
152,186,381
152,187,392
152,188,400
152,189,389
152,190,391
152,191,380
152,192,363
152,193,382
152,194,381
152,195,366
152,196,382
152,197,364
152,198,381
152,199,391
152,200,382
153,1,1
153,2,4
153,3,9
153,4,20
153,5,46
153,6,102
153,7,202
153,8,283
153,9,325
153,10,358
153,11,360
153,12,368
153,13,379
153,14,381
153,15,380
153,16,389
153,17,378
153,18,379
153,19,381
153,20,376
153,21,374
153,22,371
153,23,384
153,24,374
153,25,385
153,26,393
153,27,391
153,28,372
153,29,385
153,30,381
153,31,386
153,32,385
153,33,392
153,34,382
153,35,365
153,36,373
153,37,374
153,38,376
153,39,375
153,40,378
153,41,360
153,42,377
153,43,378
153,44,383
153,45,390
153,46,396
153,47,385
153,48,382
153,49,386
153,50,376
153,51,368
153,52,385
153,53,392
153,54,401
153,55,379
153,56,376
153,57,378
153,58,377
153,59,378
153,60,380
153,61,389
153,62,385
153,63,371
153,64,377
153,65,372
153,66,390
153,67,379
153,68,376
153,69,385
153,70,373
153,71,383
153,72,385
153,73,388
153,74,371
153,75,380
153,76,399
153,77,391
153,78,382
153,79,386
153,80,387
153,81,386
153,82,391
153,83,378
153,84,378
153,85,377
153,86,367
153,87,380
153,88,371
153,89,376
153,90,383
153,91,382
153,92,384
153,93,374
153,94,391
153,95,400
153,96,390
153,97,378
153,98,382
153,99,386
153,100,388
153,101,392
153,102,382
153,103,379
153,104,383
153,105,383
153,106,369
153,107,385
153,108,378
153,109,389
153,110,395
153,111,379
153,112,382
153,113,393
153,114,384
153,115,383
153,116,386
153,117,384
153,118,370
153,119,383
153,120,383
153,121,383
153,122,366
153,123,373
153,124,378
153,125,374
153,126,376
153,127,363
153,128,375
153,129,391
153,130,378
153,131,381
153,132,389
153,133,384
153,134,381
153,135,370
153,136,376
153,137,375
153,138,394
153,139,385
153,140,394
153,141,391
153,142,377
153,143,386
153,144,373
153,145,377
153,146,371
153,147,362
153,148,371
153,149,375
153,150,380
153,151,392
153,152,385
153,153,367
153,154,387
153,155,383
153,156,396
153,157,387
153,158,401
153,159,384
153,160,396
153,161,378
153,162,387
153,163,380
153,164,385
153,165,373
153,166,375
153,167,371
153,168,385
153,169,383
153,170,370
153,171,372
153,172,376
153,173,377
153,174,384
153,175,378
153,176,371
153,177,384
153,178,388
153,179,377
153,180,393
153,181,395
153,182,387
153,183,382
153,184,381
153,185,397
153,186,399
153,187,392
153,188,382
153,189,390
153,190,379
153,191,369
153,192,378
153,193,381
153,194,399
153,195,382
153,196,388
153,197,384
153,198,386
153,199,372
153,200,376
154,1,3
154,2,4
154,3,10
154,4,21
154,5,45
154,6,106
154,7,204
154,8,299
154,9,340
154,10,377
154,11,377
154,12,373
154,13,386
154,14,397
154,15,383
154,16,375
154,17,391
154,18,391
154,19,383
154,20,381
154,21,374
154,22,367
154,23,375
154,24,386
154,25,392
154,26,394
154,27,392
154,28,375
154,29,380
154,30,382
154,31,374
154,32,403
154,33,392
154,34,379
154,35,392
154,36,389
154,37,381
154,38,393
154,39,403
154,40,387
154,41,387
154,42,371
154,43,373
154,44,381
154,45,364
154,46,371
154,47,381
154,48,387
154,49,380
154,50,385
154,51,380
154,52,385
154,53,376
154,54,368
154,55,384
154,56,379
154,57,380
154,58,378
154,59,372
154,60,388
154,61,365
154,62,369
154,63,381
154,64,377
154,65,396
154,66,395
154,67,386
154,68,387
154,69,379
154,70,383
154,71,386
154,72,370
154,73,398
154,74,364
154,75,383
154,76,381
154,77,389
154,78,382
154,79,375
154,80,371
154,81,386
154,82,373
154,83,374
154,84,387
154,85,392
154,86,386
154,87,372
154,88,380
154,89,363
154,90,394
154,91,387
154,92,370
154,93,376
154,94,359
154,95,376
154,96,376
154,97,377
154,98,369
154,99,368
154,100,379
154,101,367
154,102,392
154,103,385
154,104,378
154,105,367
154,106,380
154,107,374
154,108,380
154,109,375
154,110,385
154,111,383
154,112,379
154,113,379
154,114,377
154,115,367
154,116,382
154,117,392
154,118,374
154,119,381
154,120,373
154,121,395
154,122,384
154,123,369
154,124,376
154,125,380
154,126,385
154,127,380
154,128,391
154,129,390
154,130,375
154,131,390
154,132,384
154,133,388
154,134,392
154,135,382
154,136,383
154,137,393
154,138,380
154,139,383
154,140,383
154,141,371
154,142,380
154,143,375
154,144,371
154,145,393
154,146,390
154,147,385
154,148,393
154,149,379
154,150,383
154,151,376
154,152,378
154,153,379
154,154,374
154,155,367
154,156,359
154,157,373
154,158,370
154,159,370
154,160,375
154,161,376
154,162,386
154,163,383
154,164,378
154,165,377
154,166,360
154,167,377
154,168,363
154,169,374
154,170,388
154,171,386
154,172,388
154,173,384
154,174,367
154,175,367
154,176,399
154,177,381
154,178,370
154,179,380
154,180,377
154,181,373
154,182,382
154,183,376
154,184,381
154,185,378
154,186,373
154,187,390
154,188,388
154,189,385
154,190,378
154,191,384
154,192,367
154,193,374
154,194,387
154,195,388
154,196,382
154,197,387
154,198,378
154,199,388
154,200,384
155,1,3
155,2,8
155,3,22
155,4,51
155,5,100
155,6,179
155,7,258
155,8,321
155,9,357
155,10,371
155,11,384
155,12,392
155,13,374
155,14,368
155,15,384
155,16,400
155,17,379
155,18,373
155,19,382
155,20,376
155,21,375
155,22,372
155,23,376
155,24,365
155,25,378
155,26,371
155,27,389
155,28,370
155,29,381
155,30,379
155,31,384
155,32,385
155,33,380
155,34,379
155,35,369
155,36,359
155,37,373
155,38,380
155,39,376
155,40,376
155,41,384
155,42,385
155,43,393
155,44,389
155,45,397
155,46,396
155,47,395
155,48,399
155,49,391
155,50,378
155,51,389
155,52,392
155,53,384
155,54,368
155,55,371
155,56,377
155,57,383
155,58,389
155,59,366
155,60,365
155,61,387
155,62,379
155,63,379
155,64,377
155,65,388
155,66,390
155,67,403
155,68,400
155,69,393
155,70,377
155,71,381
155,72,374
155,73,386
155,74,371
155,75,380
155,76,383
155,77,370
155,78,381
155,79,394
155,80,386
155,81,378
155,82,378
155,83,378
155,84,390
155,85,374
155,86,363
155,87,375
155,88,387
155,89,395
155,90,388
155,91,381
155,92,374
155,93,381
155,94,382
155,95,376
155,96,371
155,97,390
155,98,387
155,99,378
155,100,390
155,101,388
155,102,392
155,103,385
155,104,389
155,105,394
155,106,372
155,107,377
155,108,383
155,109,364
155,110,377
155,111,391
155,112,381
155,113,378
155,114,365
155,115,375
155,116,386
155,117,380
155,118,389
155,119,358
155,120,366
155,121,387
155,122,391
155,123,396
155,124,376
155,125,386
155,126,392
155,127,390
155,128,387
155,129,374
155,130,380
155,131,366
155,132,384
155,133,373
155,134,380
155,135,382
155,136,375
155,137,387
155,138,382
155,139,392
155,140,390
155,141,382
155,142,375
155,143,371
155,144,385
155,145,376
155,146,377
155,147,400
155,148,393
155,149,383
155,150,379
155,151,390
155,152,378
155,153,392
155,154,389
155,155,389
155,156,379
155,157,375
155,158,365
155,159,383
155,160,371
155,161,377
155,162,381
155,163,374
155,164,383
155,165,387
155,166,403
155,167,379
155,168,393
155,169,367
155,170,382
155,171,387
155,172,391
155,173,381
155,174,382
155,175,394
155,176,390
155,177,386
155,178,370
155,179,373
155,180,376
155,181,375
155,182,383
155,183,401
155,184,388
155,185,383
155,186,378
155,187,384
155,188,378
155,189,381
155,190,381
155,191,378
155,192,376
155,193,368
155,194,366
155,195,379
155,196,379
155,197,387
155,198,385
155,199,394
155,200,372
156,1,3
156,2,9
156,3,19
156,4,30
156,5,62
156,6,136
156,7,219
156,8,306
156,9,341
156,10,368
156,11,384
156,12,375
156,13,397
156,14,390
156,15,380
156,16,378
156,17,389
156,18,386
156,19,381
156,20,368
156,21,383
156,22,378
156,23,378
156,24,385
156,25,391
156,26,380
156,27,388
156,28,377
156,29,379
156,30,367
156,31,372
156,32,377
156,33,379
156,34,382
156,35,374
156,36,378
156,37,381
156,38,387
156,39,397
156,40,375
156,41,360
156,42,366
156,43,361
156,44,368
156,45,374
156,46,374
156,47,385
156,48,391
156,49,367
156,50,379
156,51,372
156,52,362
156,53,362
156,54,357
156,55,351
156,56,360
156,57,373
156,58,367
156,59,367
156,60,386
156,61,379
156,62,384
156,63,385
156,64,374
156,65,381
156,66,377
156,67,369
156,68,364
156,69,374
156,70,382
156,71,382
156,72,382
156,73,371
156,74,385
156,75,392
156,76,369
156,77,379
156,78,374
156,79,382
156,80,379
156,81,388
156,82,378
156,83,378
156,84,378
156,85,370
156,86,384
156,87,364
156,88,379
156,89,387
156,90,380
156,91,374
156,92,369
156,93,383
156,94,378
156,95,383
156,96,379
156,97,379
156,98,382
156,99,378
156,100,387
156,101,389
156,102,371
156,103,391
156,104,387
156,105,392
156,106,380
156,107,383
156,108,387
156,109,396
156,110,369
156,111,379
156,112,372
156,113,385
156,114,391
156,115,390
156,116,389
156,117,395
156,118,375
156,119,368
156,120,378
156,121,374
156,122,394
156,123,398
156,124,387
156,125,387
156,126,371
156,127,371
156,128,391
156,129,383
156,130,391
156,131,378
156,132,378
156,133,399
156,134,398
156,135,384
156,136,376
156,137,385
156,138,386
156,139,380
156,140,376
156,141,374
156,142,375
156,143,400
156,144,389
156,145,385
156,146,370
156,147,366
156,148,377
156,149,377
156,150,382
156,151,383
156,152,384
156,153,378
156,154,389
156,155,375
156,156,382
156,157,380
156,158,372
156,159,369
156,160,400
156,161,372
156,162,379
156,163,380
156,164,367
156,165,383
156,166,364
156,167,368
156,168,381
156,169,382
156,170,382
156,171,385
156,172,376
156,173,383
156,174,362
156,175,370
156,176,375
156,177,366
156,178,379
156,179,364
156,180,386
156,181,383
156,182,382
156,183,374
156,184,384
156,185,380
156,186,375
156,187,367
156,188,381
156,189,385
156,190,376
156,191,373
156,192,382
156,193,382
156,194,391
156,195,386
156,196,384
156,197,380
156,198,369
156,199,373
156,200,386
157,1,2
157,2,4
157,3,7
157,4,19
157,5,43
157,6,93
157,7,179
157,8,267
157,9,333
157,10,356
157,11,385
157,12,375
157,13,386
157,14,380
157,15,378
157,16,375
157,17,376
157,18,387
157,19,386
157,20,386
157,21,373
157,22,367
157,23,381
157,24,372
157,25,373
157,26,389
157,27,369
157,28,361
157,29,382
157,30,370
157,31,378
157,32,388
157,33,377
157,34,396
157,35,382
157,36,383
157,37,380
157,38,379
157,39,373
157,40,385
157,41,387
157,42,368
157,43,374
157,44,392
157,45,396
157,46,389
157,47,376
157,48,384
157,49,387
157,50,365
157,51,376
157,52,378
157,53,377
157,54,379
157,55,359
157,56,379
157,57,394
157,58,387
157,59,379
157,60,383
157,61,370
157,62,384
157,63,401
157,64,387
157,65,384
157,66,374
157,67,381
157,68,367
157,69,383
157,70,396
157,71,378
157,72,382
157,73,376
157,74,383
157,75,387
157,76,385
157,77,371
157,78,379
157,79,382
157,80,378
157,81,385
157,82,383
157,83,388
157,84,385
157,85,376
157,86,378
157,87,376
157,88,384
157,89,386
157,90,391
157,91,381
157,92,378
157,93,370
157,94,380
157,95,385
157,96,389
157,97,376
157,98,381
157,99,378
157,100,382
157,101,383
157,102,386
157,103,385
157,104,384
157,105,378
157,106,366
157,107,378
157,108,383
157,109,378
157,110,374
157,111,386
157,112,393
157,113,379
157,114,383
157,115,381
157,116,368
157,117,374
157,118,392
157,119,372
157,120,370
157,121,384
157,122,363
157,123,384
157,124,368
157,125,383
157,126,381
157,127,381
157,128,380
157,129,370
157,130,361
157,131,369
157,132,377
157,133,373
157,134,373
157,135,374
157,136,374
157,137,381
157,138,378
157,139,365
157,140,364
157,141,350
157,142,374
157,143,382
157,144,368
157,145,380
157,146,382
157,147,381
157,148,372
157,149,388
157,150,398
157,151,381
157,152,381
157,153,382
157,154,389
157,155,383
157,156,397
157,157,381
157,158,386
157,159,377
157,160,379
157,161,391
157,162,384
157,163,388
157,164,380
157,165,388
157,166,386
157,167,385
157,168,396
157,169,386
157,170,386
157,171,382
157,172,395
157,173,375
157,174,383
157,175,376
157,176,384
157,177,385
157,178,383
157,179,400
157,180,388
157,181,392
157,182,379
157,183,381
157,184,387
157,185,385
157,186,382
157,187,375
157,188,382
157,189,370
157,190,378
157,191,396
157,192,375
157,193,386
157,194,398
157,195,368
157,196,390
157,197,377
157,198,386
157,199,389
157,200,383
158,1,1
158,2,2
158,3,4
158,4,6
158,5,20
158,6,42
158,7,99
158,8,182
158,9,287
158,10,342
158,11,372
158,12,383
158,13,389
158,14,369
158,15,374
158,16,386
158,17,395
158,18,382
158,19,368
158,20,389
158,21,386
158,22,364
158,23,384
158,24,399
158,25,385
158,26,384
158,27,392
158,28,385
158,29,380
158,30,383
158,31,381
158,32,383
158,33,385
158,34,371
158,35,391
158,36,393
158,37,381
158,38,397
158,39,389
158,40,382
158,41,377
158,42,390
158,43,393
158,44,377
158,45,379
158,46,366
158,47,371
158,48,374
158,49,377
158,50,373
158,51,380
158,52,378
158,53,370
158,54,373
158,55,383
158,56,382
158,57,400
158,58,384
158,59,361
158,60,361
158,61,384
158,62,387
158,63,385
158,64,391
158,65,377
158,66,390
158,67,393
158,68,397
158,69,386
158,70,375
158,71,388
158,72,364
158,73,370
158,74,397
158,75,397
158,76,388
158,77,382
158,78,384
158,79,386
158,80,388
158,81,388
158,82,361
158,83,391
158,84,374
158,85,376
158,86,380
158,87,371
158,88,378
158,89,385
158,90,389
158,91,396
158,92,393
158,93,384
158,94,379
158,95,367
158,96,380
158,97,386
158,98,373
158,99,383
158,100,385
158,101,383
158,102,378
158,103,369
158,104,389
158,105,381
158,106,377
158,107,370
158,108,391
158,109,368
158,110,369
158,111,364
158,112,388
158,113,387
158,114,399
158,115,389
158,116,373
158,117,384
158,118,396
158,119,388
158,120,374
158,121,392
158,122,389
158,123,383
158,124,385
158,125,389
158,126,389
158,127,377
158,128,379
158,129,376
158,130,375
158,131,379
158,132,388
158,133,389
158,134,376
158,135,368
158,136,391
158,137,392
158,138,381
158,139,382
158,140,374
158,141,387
158,142,392
158,143,379
158,144,376
158,145,373
158,146,389
158,147,384
158,148,396
158,149,376
158,150,385
158,151,394
158,152,372
158,153,386
158,154,386
158,155,388
158,156,388
158,157,385
158,158,380
158,159,382
158,160,364
158,161,373
158,162,383
158,163,369
158,164,382
158,165,387
158,166,385
158,167,379
158,168,386
158,169,387
158,170,382
158,171,369
158,172,386
158,173,394
158,174,376
158,175,385
158,176,381
158,177,384
158,178,367
158,179,374
158,180,385
158,181,375
158,182,387
158,183,392
158,184,379
158,185,385
158,186,381
158,187,366
158,188,390
158,189,374
158,190,376
158,191,382
158,192,388
158,193,375
158,194,377
158,195,384
158,196,362
158,197,381
158,198,393
158,199,381
158,200,388
159,1,5
159,2,5
159,3,12
159,4,32
159,5,75
159,6,157
159,7,258
159,8,333
159,9,368
159,10,385
159,11,385
159,12,386
159,13,393
159,14,381
159,15,381
159,16,389
159,17,377
159,18,388
159,19,383
159,20,384
159,21,374
159,22,384
159,23,388
159,24,387
159,25,377
159,26,386
159,27,395
159,28,385
159,29,383
159,30,387
159,31,378
159,32,378
159,33,366
159,34,371
159,35,372
159,36,382
159,37,379
159,38,388
159,39,393
159,40,384
159,41,394
159,42,383
159,43,379
159,44,369
159,45,364
159,46,378
159,47,369
159,48,380
159,49,378
159,50,397
159,51,404
159,52,377
159,53,386
159,54,377
159,55,373
159,56,374
159,57,384
159,58,369
159,59,395
159,60,385
159,61,383
159,62,372
159,63,380
159,64,388
159,65,381
159,66,386
159,67,383
159,68,393
159,69,375
159,70,377
159,71,386
159,72,370
159,73,385
159,74,397
159,75,384
159,76,378
159,77,378
159,78,375
159,79,376
159,80,390
159,81,395
159,82,376
159,83,378
159,84,379
159,85,391
159,86,380
159,87,383
159,88,382
159,89,398
159,90,370
159,91,375
159,92,384
159,93,373
159,94,390
159,95,383
159,96,375
159,97,381
159,98,381
159,99,383
159,100,385
159,101,383
159,102,383
159,103,385
159,104,391
159,105,389
159,106,376
159,107,385
159,108,377
159,109,399
159,110,391
159,111,372
159,112,383
159,113,367
159,114,369
159,115,382
159,116,386
159,117,372
159,118,390
159,119,388
159,120,389
159,121,388
159,122,373
159,123,379
159,124,386
159,125,372
159,126,376
159,127,372
159,128,382
159,129,399
159,130,386
159,131,387
159,132,388
159,133,369
159,134,355
159,135,365
159,136,378
159,137,379
159,138,392
159,139,387
159,140,372
159,141,389
159,142,382
159,143,396
159,144,375
159,145,371
159,146,384
159,147,369
159,148,383
159,149,390
159,150,383
159,151,385
159,152,384
159,153,393
159,154,382
159,155,382
159,156,393
159,157,371
159,158,383
159,159,387
159,160,392
159,161,373
159,162,376
159,163,386
159,164,385
159,165,381
159,166,382
159,167,381
159,168,397
159,169,376
159,170,383
159,171,385
159,172,381
159,173,392
159,174,366
159,175,387
159,176,386
159,177,388
159,178,382
159,179,384
159,180,378
159,181,381
159,182,381
159,183,392
159,184,383
159,185,383
159,186,380
159,187,373
159,188,376
159,189,374
159,190,379
159,191,390
159,192,383
159,193,384
159,194,386
159,195,373
159,196,395
159,197,386
159,198,381
159,199,388
159,200,394
160,1,4
160,2,10
160,3,24
160,4,56
160,5,129
160,6,237
160,7,317
160,8,374
160,9,369
160,10,386
160,11,383
160,12,379
160,13,364
160,14,363
160,15,369
160,16,379
160,17,380
160,18,377
160,19,379
160,20,388
160,21,387
160,22,384
160,23,396
160,24,391
160,25,383
160,26,397
160,27,387
160,28,383
160,29,373
160,30,379
160,31,402
160,32,385
160,33,381
160,34,399
160,35,381
160,36,384
160,37,386
160,38,367
160,39,384
160,40,372
160,41,375
160,42,375
160,43,398
160,44,390
160,45,372
160,46,387
160,47,383
160,48,382
160,49,379
160,50,374
160,51,399
160,52,391
160,53,375
160,54,385
160,55,361
160,56,365
160,57,374
160,58,380
160,59,390
160,60,383
160,61,381
160,62,388
160,63,395
160,64,394
160,65,385
160,66,381
160,67,373
160,68,390
160,69,380
160,70,388
160,71,382
160,72,373
160,73,378
160,74,371
160,75,369
160,76,389
160,77,378
160,78,377
160,79,376
160,80,382
160,81,377
160,82,374
160,83,372
160,84,380
160,85,381
160,86,383
160,87,392
160,88,389
160,89,382
160,90,375
160,91,379
160,92,379
160,93,381
160,94,373
160,95,380
160,96,377
160,97,372
160,98,374
160,99,381
160,100,384
160,101,386
160,102,377
160,103,379
160,104,370
160,105,376
160,106,388
160,107,384
160,108,376
160,109,386
160,110,375
160,111,368
160,112,381
160,113,375
160,114,374
160,115,391
160,116,395
160,117,380
160,118,389
160,119,373
160,120,373
160,121,380
160,122,384
160,123,370
160,124,376
160,125,393
160,126,394
160,127,399
160,128,385
160,129,393
160,130,387
160,131,383
160,132,382
160,133,390
160,134,397
160,135,391
160,136,387
160,137,393
160,138,380
160,139,388
160,140,393
160,141,396
160,142,389
160,143,393
160,144,393
160,145,397
160,146,381
160,147,381
160,148,369
160,149,373
160,150,380
160,151,398
160,152,377
160,153,383
160,154,380
160,155,384
160,156,388
160,157,386
160,158,405
160,159,376
160,160,384
160,161,369
160,162,387
160,163,379
160,164,373
160,165,381
160,166,389
160,167,388
160,168,385
160,169,366
160,170,375
160,171,380
160,172,373
160,173,394
160,174,372
160,175,381
160,176,366
160,177,358
160,178,385
160,179,382
160,180,396
160,181,376
160,182,387
160,183,394
160,184,379
160,185,384
160,186,385
160,187,372
160,188,391
160,189,379
160,190,390
160,191,373
160,192,400
160,193,379
160,194,401
160,195,371
160,196,375
160,197,380
160,198,379
160,199,378
160,200,385
161,1,3
161,2,9
161,3,20
161,4,44
161,5,104
161,6,207
161,7,298
161,8,334
161,9,368
161,10,384
161,11,378
161,12,378
161,13,376
161,14,377
161,15,373
161,16,377
161,17,375
161,18,381
161,19,383
161,20,384
161,21,395
161,22,380
161,23,381
161,24,375
161,25,386
161,26,370
161,27,382
161,28,371
161,29,371
161,30,368
161,31,372
161,32,384
161,33,370
161,34,383
161,35,373
161,36,376
161,37,390
161,38,397
161,39,379
161,40,391
161,41,382
161,42,367
161,43,367
161,44,350
161,45,370
161,46,373
161,47,373
161,48,377
161,49,385
161,50,393
161,51,372
161,52,380
161,53,381
161,54,386
161,55,385
161,56,389
161,57,375
161,58,387
161,59,385
161,60,386
161,61,400
161,62,392
161,63,387
161,64,391
161,65,382
161,66,366
161,67,383
161,68,380
161,69,390
161,70,387
161,71,401
161,72,396
161,73,388
161,74,389
161,75,389
161,76,385
161,77,376
161,78,367
161,79,382
161,80,357
161,81,374
161,82,376
161,83,385
161,84,400
161,85,400
161,86,382
161,87,373
161,88,379
161,89,387
161,90,379
161,91,378
161,92,387
161,93,392
161,94,375
161,95,370
161,96,387
161,97,381
161,98,392
161,99,383
161,100,382
161,101,376
161,102,378
161,103,372
161,104,380
161,105,375
161,106,380
161,107,379
161,108,380
161,109,372
161,110,395
161,111,394
161,112,391
161,113,377
161,114,373
161,115,383
161,116,363
161,117,393
161,118,391
161,119,388
161,120,368
161,121,374
161,122,368
161,123,363
161,124,379
161,125,364
161,126,382
161,127,380
161,128,381
161,129,366
161,130,372
161,131,367
161,132,379
161,133,388
161,134,386
161,135,386
161,136,373
161,137,385
161,138,385
161,139,380
161,140,373
161,141,379
161,142,375
161,143,381
161,144,366
161,145,381
161,146,384
161,147,370
161,148,371
161,149,402
161,150,375
161,151,379
161,152,382
161,153,381
161,154,375
161,155,384
161,156,387
161,157,375
161,158,385
161,159,384
161,160,373
161,161,380
161,162,400
161,163,383
161,164,381
161,165,385
161,166,391
161,167,393
161,168,400
161,169,378
161,170,383
161,171,379
161,172,380
161,173,382
161,174,391
161,175,380
161,176,379
161,177,391
161,178,374
161,179,374
161,180,382
161,181,392
161,182,387
161,183,390
161,184,366
161,185,359
161,186,375
161,187,392
161,188,373
161,189,375
161,190,380
161,191,380
161,192,398
161,193,383
161,194,383
161,195,390
161,196,387
161,197,385
161,198,385
161,199,387
161,200,389
162,1,2
162,2,5
162,3,12
162,4,36
162,5,77
162,6,153
162,7,259
162,8,334
162,9,387
162,10,376
162,11,380
162,12,385
162,13,374
162,14,381
162,15,380
162,16,363
162,17,374
162,18,376
162,19,361
162,20,379
162,21,397
162,22,384
162,23,375
162,24,377
162,25,378
162,26,390
162,27,371
162,28,381
162,29,379
162,30,376
162,31,391
162,32,390
162,33,369
162,34,382
162,35,375
162,36,385
162,37,387
162,38,381
162,39,391
162,40,384
162,41,386
162,42,373
162,43,387
162,44,381
162,45,383
162,46,385
162,47,385
162,48,387
162,49,400
162,50,384
162,51,372
162,52,388
162,53,369
162,54,366
162,55,388
162,56,377
162,57,378
162,58,389
162,59,383
162,60,387
162,61,383
162,62,372
162,63,386
162,64,387
162,65,380
162,66,375
162,67,370
162,68,378
162,69,385
162,70,378
162,71,395
162,72,388
162,73,378
162,74,372
162,75,382
162,76,367
162,77,388
162,78,377
162,79,391
162,80,371
162,81,399
162,82,395
162,83,376
162,84,369
162,85,382
162,86,394
162,87,378
162,88,370
162,89,392
162,90,374
162,91,378
162,92,384
162,93,395
162,94,386
162,95,372
162,96,380
162,97,396
162,98,385
162,99,393
162,100,394
162,101,392
162,102,375
162,103,390
162,104,388
162,105,382
162,106,388
162,107,383
162,108,381
162,109,380
162,110,374
162,111,382
162,112,381
162,113,389
162,114,396
162,115,382
162,116,384
162,117,377
162,118,380
162,119,378
162,120,371
162,121,374
162,122,381
162,123,380
162,124,381
162,125,384
162,126,378
162,127,381
162,128,372
162,129,385
162,130,381
162,131,385
162,132,392
162,133,386
162,134,393
162,135,380
162,136,373
162,137,380
162,138,375
162,139,386
162,140,387
162,141,383
162,142,380
162,143,377
162,144,363
162,145,375
162,146,376
162,147,385
162,148,388
162,149,369
162,150,391
162,151,378
162,152,376
162,153,381
162,154,385
162,155,384
162,156,377
162,157,384
162,158,372
162,159,377
162,160,379
162,161,384
162,162,387
162,163,381
162,164,393
162,165,391
162,166,392
162,167,376
162,168,386
162,169,375
162,170,384
162,171,377
162,172,372
162,173,377
162,174,368
162,175,364
162,176,387
162,177,378
162,178,373
162,179,385
162,180,390
162,181,382
162,182,367
162,183,371
162,184,382
162,185,391
162,186,390
162,187,398
162,188,390
162,189,375
162,190,387
162,191,385
162,192,378
162,193,382
162,194,384
162,195,376
162,196,379
162,197,382
162,198,384
162,199,381
162,200,376
163,1,3
163,2,8
163,3,16
163,4,45
163,5,83
163,6,165
163,7,234
163,8,325
163,9,360
163,10,381
163,11,372
163,12,384
163,13,390
163,14,373
163,15,377
163,16,381
163,17,367
163,18,362
163,19,385
163,20,386
163,21,391
163,22,376
163,23,393
163,24,380
163,25,370
163,26,370
163,27,385
163,28,385
163,29,386
163,30,386
163,31,378
163,32,375
163,33,385
163,34,386
163,35,378
163,36,380
163,37,372
163,38,372
163,39,383
163,40,376
163,41,383
163,42,371
163,43,388
163,44,388
163,45,398
163,46,373
163,47,379
163,48,383
163,49,375
163,50,379
163,51,383
163,52,367
163,53,385
163,54,377
163,55,374
163,56,384
163,57,376
163,58,391
163,59,387
163,60,387
163,61,378
163,62,387
163,63,381
163,64,377
163,65,390
163,66,396
163,67,384
163,68,385
163,69,367
163,70,393
163,71,371
163,72,362
163,73,381
163,74,373
163,75,384
163,76,387
163,77,370
163,78,377
163,79,350
163,80,366
163,81,378
163,82,380
163,83,384
163,84,380
163,85,380
163,86,391
163,87,381
163,88,374
163,89,368
163,90,366
163,91,396
163,92,387
163,93,390
163,94,380
163,95,376
163,96,377
163,97,382
163,98,368
163,99,374
163,100,382
163,101,391
163,102,374
163,103,381
163,104,389
163,105,386
163,106,383
163,107,387
163,108,377
163,109,364
163,110,377
163,111,381
163,112,389
163,113,385
163,114,363
163,115,385
163,116,381
163,117,388
163,118,392
163,119,382
163,120,387
163,121,393
163,122,381
163,123,383
163,124,383
163,125,386
163,126,369
163,127,367
163,128,378
163,129,379
163,130,404
163,131,380
163,132,382
163,133,383
163,134,369
163,135,383
163,136,381
163,137,381
163,138,368
163,139,390
163,140,367
163,141,373
163,142,363
163,143,383
163,144,378
163,145,383
163,146,367
163,147,375
163,148,376
163,149,383
163,150,382
163,151,381
163,152,372
163,153,383
163,154,371
163,155,385
163,156,380
163,157,388
163,158,376
163,159,377
163,160,375
163,161,379
163,162,385
163,163,375
163,164,394
163,165,390
163,166,374
163,167,384
163,168,378
163,169,401
163,170,380
163,171,356
163,172,373
163,173,395
163,174,401
163,175,380
163,176,388
163,177,381
163,178,376
163,179,394
163,180,384
163,181,386
163,182,394
163,183,370
163,184,372
163,185,375
163,186,384
163,187,373
163,188,370
163,189,399
163,190,372
163,191,383
163,192,377
163,193,381
163,194,373
163,195,372
163,196,381
163,197,380
163,198,367
163,199,377
163,200,382
164,1,1
164,2,2
164,3,2
164,4,7
164,5,18
164,6,50
164,7,100
164,8,187
164,9,281
164,10,342
164,11,369
164,12,375
164,13,370
164,14,374
164,15,379
164,16,373
164,17,388
164,18,392
164,19,382
164,20,376
164,21,396
164,22,391
164,23,390
164,24,394
164,25,389
164,26,391
164,27,390
164,28,384
164,29,385
164,30,385
164,31,372
164,32,367
164,33,374
164,34,384
164,35,392
164,36,382
164,37,382
164,38,375
164,39,376
164,40,370
164,41,374
164,42,377
164,43,389
164,44,393
164,45,379
164,46,377
164,47,374
164,48,380
164,49,394
164,50,396
164,51,387
164,52,396
164,53,380
164,54,384
164,55,378
164,56,377
164,57,380
164,58,375
164,59,393
164,60,389
164,61,374
164,62,390
164,63,367
164,64,379
164,65,381
164,66,374
164,67,372
164,68,380
164,69,393
164,70,376
164,71,366
164,72,364
164,73,401
164,74,389
164,75,381
164,76,389
164,77,392
164,78,369
164,79,375
164,80,388
164,81,375
164,82,380
164,83,379
164,84,377
164,85,372
164,86,369
164,87,382
164,88,375
164,89,370
164,90,386
164,91,372
164,92,381
164,93,378
164,94,379
164,95,380
164,96,381
164,97,382
164,98,375
164,99,370
164,100,376
164,101,385
164,102,376
164,103,366
164,104,372
164,105,377
164,106,384
164,107,366
164,108,367
164,109,367
164,110,357
164,111,373
164,112,379
164,113,383
164,114,389
164,115,385
164,116,379
164,117,382
164,118,381
164,119,375
164,120,382
164,121,382
164,122,386
164,123,391
164,124,391
164,125,391
164,126,371
164,127,368
164,128,374
164,129,378
164,130,376
164,131,389
164,132,380
164,133,392
164,134,386
164,135,396
164,136,383
164,137,393
164,138,378
164,139,391
164,140,379
164,141,363
164,142,371
164,143,380
164,144,381
164,145,377
164,146,384
164,147,382
164,148,371
164,149,384
164,150,375
164,151,398
164,152,382
164,153,385
164,154,382
164,155,383
164,156,379
164,157,375
164,158,375
164,159,380
164,160,391
164,161,373
164,162,383
164,163,371
164,164,370
164,165,389
164,166,385
164,167,371
164,168,378
164,169,393
164,170,393
164,171,377
164,172,378
164,173,377
164,174,389
164,175,382
164,176,370
164,177,386
164,178,387
164,179,391
164,180,381
164,181,379
164,182,367
164,183,369
164,184,366
164,185,365
164,186,382
164,187,381
164,188,371
164,189,377
164,190,381
164,191,379
164,192,380
164,193,366
164,194,385
164,195,372
164,196,370
164,197,383
164,198,381
164,199,381
164,200,376
165,1,3
165,2,10
165,3,35
165,4,88
165,5,169
165,6,268
165,7,345
165,8,376
165,9,366
165,10,379
165,11,373
165,12,385
165,13,367
165,14,369
165,15,384
165,16,388
165,17,386
165,18,386
165,19,379
165,20,384
165,21,390
165,22,393
165,23,390
165,24,391
165,25,397
165,26,385
165,27,394
165,28,384
165,29,381
165,30,381
165,31,381
165,32,388
165,33,400
165,34,377
165,35,396
165,36,380
165,37,375
165,38,390
165,39,397
165,40,380
165,41,397
165,42,396
165,43,361
165,44,362
165,45,373
165,46,349
165,47,358
165,48,373
165,49,370
165,50,381
165,51,384
165,52,381
165,53,384
165,54,384
165,55,382
165,56,386
165,57,383
165,58,390
165,59,375
165,60,378
165,61,368
165,62,386
165,63,375
165,64,376
165,65,367
165,66,378
165,67,374
165,68,377
165,69,377
165,70,383
165,71,375
165,72,386
165,73,378
165,74,379
165,75,386
165,76,389
165,77,371
165,78,383
165,79,389
165,80,374
165,81,381
165,82,377
165,83,385
165,84,393
165,85,400
165,86,389
165,87,379
165,88,367
165,89,375
165,90,365
165,91,363
165,92,382
165,93,381
165,94,392
165,95,385
165,96,386
165,97,370
165,98,369
165,99,379
165,100,378
165,101,387
165,102,383
165,103,385
165,104,386
165,105,392
165,106,374
165,107,373
165,108,364
165,109,369
165,110,385
165,111,373
165,112,381
165,113,382
165,114,379
165,115,381
165,116,393
165,117,383
165,118,373
165,119,383
165,120,381
165,121,380
165,122,382
165,123,380
165,124,387
165,125,388
165,126,392
165,127,384
165,128,391
165,129,397
165,130,383
165,131,377
165,132,399
165,133,396
165,134,394
165,135,391
165,136,384
165,137,384
165,138,389
165,139,384
165,140,388
165,141,394
165,142,371
165,143,379
165,144,369
165,145,376
165,146,377
165,147,383
165,148,389
165,149,387
165,150,391
165,151,390
165,152,381
165,153,393
165,154,388
165,155,389
165,156,382
165,157,388
165,158,380
165,159,378
165,160,380
165,161,376
165,162,376
165,163,384
165,164,379
165,165,388
165,166,375
165,167,379
165,168,381
165,169,396
165,170,380
165,171,396
165,172,392
165,173,391
165,174,384
165,175,393
165,176,394
165,177,377
165,178,383
165,179,381
165,180,380
165,181,379
165,182,376
165,183,371
165,184,379
165,185,373
165,186,376
165,187,372
165,188,391
165,189,384
165,190,365
165,191,373
165,192,393
165,193,383
165,194,375
165,195,363
165,196,387
165,197,394
165,198,390
165,199,384
165,200,366
166,1,1
166,2,2
166,3,7
166,4,22
166,5,59
166,6,126
166,7,211
166,8,304
166,9,352
166,10,370
166,11,391
166,12,388
166,13,382
166,14,372
166,15,372
166,16,394
166,17,380
166,18,386
166,19,377
166,20,382
166,21,387
166,22,372
166,23,375
166,24,379
166,25,384
166,26,383
166,27,397
166,28,386
166,29,370
166,30,380
166,31,387
166,32,383
166,33,389
166,34,396
166,35,389
166,36,382
166,37,395
166,38,399
166,39,390
166,40,382
166,41,378
166,42,382
166,43,387
166,44,380
166,45,363
166,46,382
166,47,395
166,48,387
166,49,382
166,50,383
166,51,363
166,52,377
166,53,381
166,54,383
166,55,380
166,56,391
166,57,387
166,58,374
166,59,382
166,60,394
166,61,390
166,62,379
166,63,387
166,64,394
166,65,389
166,66,385
166,67,389
166,68,393
166,69,382
166,70,388
166,71,391
166,72,387
166,73,398
166,74,380
166,75,380
166,76,381
166,77,377
166,78,367
166,79,363
166,80,356
166,81,363
166,82,386
166,83,376
166,84,385
166,85,388
166,86,389
166,87,375
166,88,383
166,89,398
166,90,386
166,91,379
166,92,385
166,93,383
166,94,391
166,95,382
166,96,382
166,97,386
166,98,391
166,99,387
166,100,391
166,101,357
166,102,374
166,103,388
166,104,377
166,105,363
166,106,366
166,107,380
166,108,392
166,109,392
166,110,373
166,111,368
166,112,366
166,113,371
166,114,376
166,115,380
166,116,374
166,117,388
166,118,391
166,119,378
166,120,388
166,121,403
166,122,381
166,123,388
166,124,370
166,125,381
166,126,376
166,127,378
166,128,390
166,129,383
166,130,375
166,131,378
166,132,383
166,133,377
166,134,385
166,135,398
166,136,383
166,137,388
166,138,369
166,139,384
166,140,373
166,141,378
166,142,373
166,143,379
166,144,369
166,145,380
166,146,363
166,147,378
166,148,382
166,149,371
166,150,390
166,151,376
166,152,389
166,153,374
166,154,391
166,155,382
166,156,399
166,157,382
166,158,379
166,159,394
166,160,383
166,161,391
166,162,391
166,163,373
166,164,375
166,165,371
166,166,387
166,167,370
166,168,377
166,169,391
166,170,389
166,171,395
166,172,380
166,173,390
166,174,393
166,175,377
166,176,381
166,177,385
166,178,393
166,179,392
166,180,372
166,181,381
166,182,388
166,183,381
166,184,374
166,185,383
166,186,376
166,187,375
166,188,379
166,189,374
166,190,384
166,191,387
166,192,377
166,193,382
166,194,387
166,195,369
166,196,389
166,197,389
166,198,385
166,199,387
166,200,397
167,1,3
167,2,6
167,3,15
167,4,31
167,5,77
167,6,147
167,7,240
167,8,322
167,9,368
167,10,384
167,11,387
167,12,376
167,13,382
167,14,379
167,15,384
167,16,376
167,17,385
167,18,390
167,19,386
167,20,381
167,21,375
167,22,376
167,23,385
167,24,390
167,25,386
167,26,372
167,27,389
167,28,372
167,29,387
167,30,384
167,31,385
167,32,364
167,33,381
167,34,382
167,35,388
167,36,381
167,37,390
167,38,372
167,39,385
167,40,357
167,41,370
167,42,366
167,43,375
167,44,382
167,45,367
167,46,362
167,47,368
167,48,373
167,49,381
167,50,381
167,51,390
167,52,391
167,53,393
167,54,377
167,55,380
167,56,381
167,57,385
167,58,366
167,59,371
167,60,391
167,61,387
167,62,391
167,63,365
167,64,377
167,65,387
167,66,387
167,67,390
167,68,380
167,69,386
167,70,379
167,71,382
167,72,382
167,73,386
167,74,398
167,75,392
167,76,376
167,77,386
167,78,389
167,79,376
167,80,384
167,81,374
167,82,387
167,83,386
167,84,388
167,85,387
167,86,388
167,87,377
167,88,375
167,89,374
167,90,383
167,91,376
167,92,386
167,93,381
167,94,393
167,95,393
167,96,370
167,97,382
167,98,389
167,99,380
167,100,375
167,101,388
167,102,379
167,103,378
167,104,376
167,105,383
167,106,381
167,107,382
167,108,379
167,109,374
167,110,385
167,111,391
167,112,379
167,113,387
167,114,384
167,115,391
167,116,378
167,117,383
167,118,382
167,119,366
167,120,367
167,121,382
167,122,388
167,123,370
167,124,370
167,125,376
167,126,372
167,127,373
167,128,390
167,129,383
167,130,393
167,131,372
167,132,383
167,133,385
167,134,386
167,135,373
167,136,376
167,137,385
167,138,385
167,139,381
167,140,393
167,141,376
167,142,395
167,143,383
167,144,386
167,145,368
167,146,370
167,147,368
167,148,373
167,149,392
167,150,366
167,151,375
167,152,382
167,153,387
167,154,390
167,155,377
167,156,366
167,157,375
167,158,380
167,159,387
167,160,381
167,161,364
167,162,375
167,163,390
167,164,381
167,165,411
167,166,386
167,167,388
167,168,370
167,169,382
167,170,372
167,171,390
167,172,382
167,173,377
167,174,385
167,175,370
167,176,388
167,177,382
167,178,366
167,179,375
167,180,379
167,181,374
167,182,390
167,183,387
167,184,380
167,185,379
167,186,382
167,187,387
167,188,373
167,189,398
167,190,385
167,191,355
167,192,367
167,193,383
167,194,386
167,195,379
167,196,389
167,197,387
167,198,372
167,199,383
167,200,378
168,1,2
168,2,7
168,3,20
168,4,49
168,5,111
168,6,195
168,7,283
168,8,338
168,9,353
168,10,364
168,11,380
168,12,387
168,13,378
168,14,387
168,15,395
168,16,382
168,17,406
168,18,385
168,19,375
168,20,372
168,21,367
168,22,379
168,23,379
168,24,381
168,25,381
168,26,384
168,27,384
168,28,381
168,29,381
168,30,395
168,31,383
168,32,383
168,33,383
168,34,384
168,35,376
168,36,368
168,37,384
168,38,384
168,39,378
168,40,386
168,41,383
168,42,372
168,43,385
168,44,386
168,45,384
168,46,376
168,47,384
168,48,391
168,49,399
168,50,399
168,51,394
168,52,371
168,53,380
168,54,383
168,55,365
168,56,378
168,57,387
168,58,378
168,59,384
168,60,387
168,61,393
168,62,379
168,63,373
168,64,384
168,65,380
168,66,392
168,67,388
168,68,370
168,69,372
168,70,383
168,71,374
168,72,378
168,73,378
168,74,362
168,75,378
168,76,389
168,77,381
168,78,383
168,79,369
168,80,380
168,81,382
168,82,386
168,83,396
168,84,390
168,85,371
168,86,369
168,87,388
168,88,381
168,89,403
168,90,378
168,91,384
168,92,377
168,93,396
168,94,379
168,95,392
168,96,382
168,97,377
168,98,380
168,99,383
168,100,375
168,101,384
168,102,367
168,103,381
168,104,378
168,105,379
168,106,386
168,107,387
168,108,392
168,109,381
168,110,379
168,111,379
168,112,381
168,113,388
168,114,386
168,115,384
168,116,382
168,117,391
168,118,380
168,119,390
168,120,371
168,121,394
168,122,399
168,123,395
168,124,383
168,125,399
168,126,387
168,127,389
168,128,386
168,129,371
168,130,379
168,131,379
168,132,382
168,133,373
168,134,372
168,135,382
168,136,376
168,137,371
168,138,373
168,139,348
168,140,364
168,141,377
168,142,380
168,143,379
168,144,387
168,145,356
168,146,376
168,147,368
168,148,382
168,149,381
168,150,385
168,151,380
168,152,379
168,153,402
168,154,380
168,155,371
168,156,380
168,157,391
168,158,383
168,159,381
168,160,388
168,161,367
168,162,370
168,163,364
168,164,376
168,165,381
168,166,378
168,167,374
168,168,376
168,169,383
168,170,377
168,171,381
168,172,376
168,173,382
168,174,361
168,175,374
168,176,368
168,177,379
168,178,387
168,179,385
168,180,389
168,181,380
168,182,388
168,183,372
168,184,389
168,185,374
168,186,369
168,187,390
168,188,385
168,189,388
168,190,384
168,191,377
168,192,376
168,193,384
168,194,375
168,195,390
168,196,378
168,197,380
168,198,369
168,199,382
168,200,382
169,1,1
169,2,3
169,3,4
169,4,9
169,5,24
169,6,66
169,7,153
169,8,239
169,9,319
169,10,361
169,11,387
169,12,377
169,13,373
169,14,374
169,15,393
169,16,380
169,17,388
169,18,394
169,19,380
169,20,388
169,21,384
169,22,379
169,23,380
169,24,401
169,25,380
169,26,375
169,27,368
169,28,377
169,29,375
169,30,389
169,31,380
169,32,386
169,33,389
169,34,386
169,35,365
169,36,392
169,37,369
169,38,382
169,39,384
169,40,376
169,41,377
169,42,385
169,43,393
169,44,384
169,45,382
169,46,397
169,47,384
169,48,388
169,49,390
169,50,373
169,51,381
169,52,388
169,53,387
169,54,365
169,55,371
169,56,376
169,57,375
169,58,377
169,59,379
169,60,381
169,61,381
169,62,394
169,63,374
169,64,396
169,65,388
169,66,378
169,67,385
169,68,380
169,69,369
169,70,377
169,71,384
169,72,384
169,73,393
169,74,365
169,75,372
169,76,370
169,77,379
169,78,367
169,79,367
169,80,368
169,81,376
169,82,381
169,83,402
169,84,394
169,85,386
169,86,385
169,87,374
169,88,375
169,89,377
169,90,378
169,91,380
169,92,383
169,93,382
169,94,389
169,95,382
169,96,377
169,97,375
169,98,374
169,99,387
169,100,383
169,101,384
169,102,375
169,103,367
169,104,377
169,105,392
169,106,379
169,107,392
169,108,387
169,109,388
169,110,389
169,111,388
169,112,367
169,113,373
169,114,378
169,115,383
169,116,375
169,117,389
169,118,391
169,119,381
169,120,395
169,121,395
169,122,389
169,123,386
169,124,404
169,125,391
169,126,379
169,127,378
169,128,387
169,129,383
169,130,388
169,131,378
169,132,387
169,133,370
169,134,363
169,135,381
169,136,380
169,137,373
169,138,377
169,139,380
169,140,382
169,141,390
169,142,385
169,143,380
169,144,386
169,145,383
169,146,390
169,147,373
169,148,366
169,149,391
169,150,367
169,151,376
169,152,364
169,153,380
169,154,392
169,155,389
169,156,376
169,157,375
169,158,369
169,159,386
169,160,388
169,161,388
169,162,365
169,163,377
169,164,373
169,165,387
169,166,392
169,167,379
169,168,397
169,169,389
169,170,379
169,171,387
169,172,383
169,173,390
169,174,383
169,175,388
169,176,374
169,177,383
169,178,383
169,179,383
169,180,374
169,181,381
169,182,393
169,183,387
169,184,368
169,185,386
169,186,397
169,187,387
169,188,402
169,189,379
169,190,385
169,191,377
169,192,380
169,193,373
169,194,389
169,195,370
169,196,378
169,197,370
169,198,376
169,199,375
169,200,380
170,1,0
170,2,0
170,3,0
170,4,0
170,5,0
170,6,0
170,7,0
170,8,0
170,9,0
170,10,0
170,11,0
170,12,0
170,13,0
170,14,0
170,15,0
170,16,0
170,17,0
170,18,0
170,19,0
170,20,0
170,21,0
170,22,0
170,23,0
170,24,0
170,25,0
170,26,0
170,27,0
170,28,0
170,29,0
170,30,0
170,31,0
170,32,0
170,33,0
170,34,0
170,35,0
170,36,0
170,37,0
170,38,0
170,39,0
170,40,0
170,41,0
170,42,0
170,43,0
170,44,0
170,45,0
170,46,0
170,47,0
170,48,0
170,49,0
170,50,0
170,51,0
170,52,0
170,53,0
170,54,0
170,55,0
170,56,0
170,57,0
170,58,0
170,59,0
170,60,0
170,61,0
170,62,0
170,63,0
170,64,0
170,65,0
170,66,0
170,67,0
170,68,0
170,69,0
170,70,0
170,71,0
170,72,0
170,73,0
170,74,0
170,75,0
170,76,0
170,77,0
170,78,0
170,79,0
170,80,0
170,81,0
170,82,0
170,83,0
170,84,0
170,85,0
170,86,0
170,87,0
170,88,0
170,89,0
170,90,0
170,91,0
170,92,0
170,93,0
170,94,0
170,95,0
170,96,0
170,97,0
170,98,0
170,99,0
170,100,0
170,101,0
170,102,0
170,103,0
170,104,0
170,105,0
170,106,0
170,107,0
170,108,0
170,109,0
170,110,0
170,111,0
170,112,0
170,113,0
170,114,0
170,115,0
170,116,0
170,117,0
170,118,0
170,119,0
170,120,0
170,121,0
170,122,0
170,123,0
170,124,0
170,125,0
170,126,0
170,127,0
170,128,0
170,129,0
170,130,0
170,131,0
170,132,0
170,133,0
170,134,0
170,135,0
170,136,0
170,137,0
170,138,0
170,139,0
170,140,0
170,141,0
170,142,0
170,143,0
170,144,0
170,145,0
170,146,0
170,147,0
170,148,0
170,149,0
170,150,0
170,151,0
170,152,0
170,153,0
170,154,0
170,155,0
170,156,0
170,157,0
170,158,0
170,159,0
170,160,0
170,161,0
170,162,0
170,163,0
170,164,0
170,165,0
170,166,0
170,167,0
170,168,0
170,169,0
170,170,0
170,171,0
170,172,0
170,173,0
170,174,0
170,175,0
170,176,0
170,177,0
170,178,0
170,179,0
170,180,0
170,181,0
170,182,0
170,183,0
170,184,0
170,185,0
170,186,0
170,187,0
170,188,0
170,189,0
170,190,0
170,191,0
170,192,0
170,193,0
170,194,0
170,195,0
170,196,0
170,197,0
170,198,0
170,199,0
170,200,0
171,1,3
171,2,8
171,3,29
171,4,74
171,5,154
171,6,255
171,7,324
171,8,362
171,9,362
171,10,369
171,11,372
171,12,372
171,13,376
171,14,375
171,15,393
171,16,384
171,17,387
171,18,369
171,19,376
171,20,376
171,21,370
171,22,387
171,23,375
171,24,374
171,25,379
171,26,378
171,27,388
171,28,393
171,29,395
171,30,384
171,31,392
171,32,380
171,33,386
171,34,392
171,35,389
171,36,381
171,37,387
171,38,376
171,39,370
171,40,369
171,41,381
171,42,381
171,43,393
171,44,381
171,45,394
171,46,379
171,47,372
171,48,386
171,49,382
171,50,377
171,51,384
171,52,368
171,53,398
171,54,391
171,55,383
171,56,371
171,57,391
171,58,382
171,59,388
171,60,376
171,61,396
171,62,381
171,63,367
171,64,390
171,65,379
171,66,381
171,67,375
171,68,368
171,69,373
171,70,383
171,71,382
171,72,388
171,73,393
171,74,391
171,75,386
171,76,389
171,77,382
171,78,385
171,79,391
171,80,384
171,81,372
171,82,386
171,83,384
171,84,387
171,85,384
171,86,390
171,87,390
171,88,394
171,89,383
171,90,388
171,91,368
171,92,372
171,93,391
171,94,375
171,95,394
171,96,393
171,97,383
171,98,378
171,99,372
171,100,382
171,101,373
171,102,391
171,103,395
171,104,392
171,105,383
171,106,391
171,107,371
171,108,368
171,109,379
171,110,381
171,111,387
171,112,395
171,113,370
171,114,380
171,115,363
171,116,371
171,117,381
171,118,389
171,119,377
171,120,370
171,121,386
171,122,378
171,123,378
171,124,387
171,125,387
171,126,385
171,127,382
171,128,392
171,129,400
171,130,380
171,131,378
171,132,384
171,133,388
171,134,381
171,135,371
171,136,386
171,137,367
171,138,370
171,139,376
171,140,399
171,141,388
171,142,364
171,143,386
171,144,392
171,145,385
171,146,376
171,147,375
171,148,378
171,149,365
171,150,379
171,151,370
171,152,391
171,153,384
171,154,383
171,155,381
171,156,378
171,157,392
171,158,404
171,159,391
171,160,367
171,161,374
171,162,389
171,163,381
171,164,385
171,165,391
171,166,383
171,167,366
171,168,383
171,169,396
171,170,381
171,171,388
171,172,364
171,173,379
171,174,377
171,175,374
171,176,370
171,177,371
171,178,369
171,179,393
171,180,375
171,181,384
171,182,374
171,183,385
171,184,376
171,185,388
171,186,382
171,187,391
171,188,373
171,189,385
171,190,381
171,191,387
171,192,387
171,193,370
171,194,381
171,195,386
171,196,387
171,197,363
171,198,375
171,199,374
171,200,394
172,1,3
172,2,8
172,3,19
172,4,48
172,5,110
172,6,199
172,7,295
172,8,356
172,9,374
172,10,376
172,11,370
172,12,397
172,13,382
172,14,394
172,15,378
172,16,377
172,17,394
172,18,385
172,19,382
172,20,374
172,21,375
172,22,376
172,23,385
172,24,380
172,25,388
172,26,364
172,27,369
172,28,353
172,29,371
172,30,375
172,31,396
172,32,404
172,33,396
172,34,393
172,35,383
172,36,377
172,37,388
172,38,369
172,39,376
172,40,380
172,41,377
172,42,382
172,43,383
172,44,391
172,45,394
172,46,382
172,47,363
172,48,374
172,49,387
172,50,366
172,51,389
172,52,388
172,53,382
172,54,392
172,55,384
172,56,387
172,57,384
172,58,395
172,59,387
172,60,384
172,61,393
172,62,375
172,63,383
172,64,378
172,65,376
172,66,380
172,67,381
172,68,374
172,69,385
172,70,379
172,71,386
172,72,385
172,73,373
172,74,392
172,75,390
172,76,384
172,77,390
172,78,382
172,79,378
172,80,379
172,81,371
172,82,377
172,83,382
172,84,374
172,85,358
172,86,371
172,87,368
172,88,378
172,89,367
172,90,378
172,91,390
172,92,375
172,93,388
172,94,381
172,95,376
172,96,389
172,97,380
172,98,369
172,99,377
172,100,377
172,101,369
172,102,375
172,103,395
172,104,377
172,105,388
172,106,389
172,107,368
172,108,388
172,109,374
172,110,388
172,111,385
172,112,385
172,113,365
172,114,368
172,115,387
172,116,389
172,117,398
172,118,379
172,119,383
172,120,379
172,121,381
172,122,377
172,123,386
172,124,383
172,125,386
172,126,385
172,127,376
172,128,378
172,129,393
172,130,376
172,131,394
172,132,393
172,133,385
172,134,374
172,135,389
172,136,382
172,137,383
172,138,377
172,139,359
172,140,381
172,141,385
172,142,388
172,143,388
172,144,373
172,145,392
172,146,373
172,147,381
172,148,375
172,149,383
172,150,380
172,151,391
172,152,401
172,153,381
172,154,377
172,155,378
172,156,376
172,157,390
172,158,396
172,159,378
172,160,386
172,161,405
172,162,367
172,163,385
172,164,387
172,165,385
172,166,377
172,167,376
172,168,377
172,169,383
172,170,396
172,171,391
172,172,372
172,173,391
172,174,382
172,175,379
172,176,377
172,177,388
172,178,372
172,179,368
172,180,383
172,181,377
172,182,386
172,183,400
172,184,384
172,185,382
172,186,376
172,187,384
172,188,388
172,189,383
172,190,390
172,191,381
172,192,383
172,193,396
172,194,384
172,195,383
172,196,396
172,197,376
172,198,386
172,199,385
172,200,389
173,1,1
173,2,1
173,3,1
173,4,3
173,5,6
173,6,14
173,7,27
173,8,46
173,9,101
173,10,185
173,11,270
173,12,338
173,13,354
173,14,376
173,15,390
173,16,376
173,17,380
173,18,377
173,19,385
173,20,378
173,21,382
173,22,370
173,23,383
173,24,370
173,25,374
173,26,371
173,27,372
173,28,371
173,29,366
173,30,363
173,31,396
173,32,403
173,33,384
173,34,384
173,35,381
173,36,384
173,37,384
173,38,382
173,39,384
173,40,382
173,41,389
173,42,364
173,43,353
173,44,372
173,45,373
173,46,377
173,47,384
173,48,378
173,49,378
173,50,379
173,51,394
173,52,380
173,53,393
173,54,378
173,55,370
173,56,384
173,57,366
173,58,375
173,59,385
173,60,397
173,61,379
173,62,365
173,63,371
173,64,375
173,65,382
173,66,379
173,67,387
173,68,380
173,69,386
173,70,384
173,71,387
173,72,384
173,73,375
173,74,368
173,75,380
173,76,391
173,77,379
173,78,387
173,79,384
173,80,381
173,81,384
173,82,387
173,83,378
173,84,378
173,85,376
173,86,393
173,87,388
173,88,384
173,89,376
173,90,374
173,91,375
173,92,387
173,93,399
173,94,393
173,95,370
173,96,399
173,97,374
173,98,392
173,99,388
173,100,398
173,101,382
173,102,384
173,103,374
173,104,381
173,105,377
173,106,391
173,107,386
173,108,383
173,109,378
173,110,374
173,111,392
173,112,382
173,113,388
173,114,380
173,115,388
173,116,369
173,117,371
173,118,384
173,119,385
173,120,381
173,121,398
173,122,374
173,123,381
173,124,374
173,125,380
173,126,379
173,127,367
173,128,384
173,129,387
173,130,389
173,131,380
173,132,372
173,133,385
173,134,395
173,135,391
173,136,382
173,137,375
173,138,379
173,139,359
173,140,367
173,141,372
173,142,369
173,143,359
173,144,372
173,145,372
173,146,381
173,147,370
173,148,382
173,149,383
173,150,381
173,151,376
173,152,373
173,153,388
173,154,380
173,155,382
173,156,377
173,157,365
173,158,388
173,159,379
173,160,374
173,161,381
173,162,381
173,163,380
173,164,386
173,165,378
173,166,369
173,167,377
173,168,374
173,169,376
173,170,374
173,171,362
173,172,370
173,173,375
173,174,367
173,175,382
173,176,380
173,177,372
173,178,382
173,179,361
173,180,376
173,181,374
173,182,386
173,183,388
173,184,371
173,185,379
173,186,371
173,187,381
173,188,387
173,189,390
173,190,390
173,191,375
173,192,382
173,193,374
173,194,378
173,195,391
173,196,394
173,197,386
173,198,383
173,199,382
173,200,377
174,1,3
174,2,7
174,3,15
174,4,40
174,5,81
174,6,167
174,7,272
174,8,348
174,9,371
174,10,378
174,11,363
174,12,366
174,13,385
174,14,368
174,15,374
174,16,362
174,17,369
174,18,372
174,19,377
174,20,371
174,21,384
174,22,367
174,23,387
174,24,397
174,25,396
174,26,384
174,27,386
174,28,381
174,29,392
174,30,379
174,31,389
174,32,387
174,33,377
174,34,379
174,35,387
174,36,404
174,37,395
174,38,400
174,39,393
174,40,394
174,41,401
174,42,374
174,43,375
174,44,361
174,45,376
174,46,382
174,47,392
174,48,392
174,49,390
174,50,384
174,51,381
174,52,377
174,53,383
174,54,382
174,55,384
174,56,387
174,57,383
174,58,380
174,59,367
174,60,383
174,61,389
174,62,374
174,63,384
174,64,376
174,65,381
174,66,385
174,67,382
174,68,404
174,69,383
174,70,390
174,71,393
174,72,383
174,73,383
174,74,387
174,75,371
174,76,380
174,77,397
174,78,384
174,79,393
174,80,378
174,81,378
174,82,393
174,83,378
174,84,385
174,85,390
174,86,374
174,87,392
174,88,383
174,89,373
174,90,370
174,91,357
174,92,375
174,93,380
174,94,376
174,95,381
174,96,389
174,97,374
174,98,386
174,99,392
174,100,392
174,101,388
174,102,369
174,103,376
174,104,369
174,105,382
174,106,400
174,107,362
174,108,385
174,109,387
174,110,390
174,111,397
174,112,392
174,113,396
174,114,397
174,115,409
174,116,384
174,117,380
174,118,394
174,119,364
174,120,379
174,121,399
174,122,370
174,123,388
174,124,389
174,125,380
174,126,382
174,127,383
174,128,387
174,129,391
174,130,374
174,131,370
174,132,385
174,133,383
174,134,388
174,135,374
174,136,376
174,137,395
174,138,367
174,139,389
174,140,394
174,141,394
174,142,389
174,143,395
174,144,383
174,145,397
174,146,408
174,147,371
174,148,384
174,149,386
174,150,383
174,151,378
174,152,368
174,153,373
174,154,389
174,155,369
174,156,381
174,157,370
174,158,362
174,159,375
174,160,383
174,161,381
174,162,387
174,163,382
174,164,380
174,165,374
174,166,378
174,167,373
174,168,377
174,169,387
174,170,392
174,171,395
174,172,399
174,173,394
174,174,390
174,175,376
174,176,381
174,177,385
174,178,364
174,179,366
174,180,372
174,181,381
174,182,388
174,183,387
174,184,375
174,185,373
174,186,373
174,187,380
174,188,378
174,189,378
174,190,381
174,191,394
174,192,370
174,193,373
174,194,388
174,195,380
174,196,391
174,197,383
174,198,377
174,199,387
174,200,387
175,1,3
175,2,10
175,3,26
175,4,59
175,5,125
175,6,208
175,7,294
175,8,352
175,9,376
175,10,389
175,11,389
175,12,377
175,13,379
175,14,407
175,15,400
175,16,388
175,17,372
175,18,371
175,19,376
175,20,382
175,21,377
175,22,370
175,23,386
175,24,372
175,25,391
175,26,393
175,27,388
175,28,389
175,29,380
175,30,381
175,31,372
175,32,379
175,33,376
175,34,386
175,35,374
175,36,374
175,37,379
175,38,396
175,39,371
175,40,360
175,41,363
175,42,386
175,43,378
175,44,386
175,45,379
175,46,378
175,47,376
175,48,387
175,49,389
175,50,372
175,51,374
175,52,387
175,53,397
175,54,388
175,55,379
175,56,387
175,57,381
175,58,372
175,59,362
175,60,387
175,61,373
175,62,378
175,63,377
175,64,373
175,65,359
175,66,388
175,67,392
175,68,396
175,69,384
175,70,388
175,71,392
175,72,368
175,73,377
175,74,373
175,75,386
175,76,369
175,77,374
175,78,389
175,79,383
175,80,379
175,81,378
175,82,376
175,83,373
175,84,376
175,85,386
175,86,381
175,87,382
175,88,395
175,89,391
175,90,388
175,91,375
175,92,384
175,93,394
175,94,384
175,95,369
175,96,374
175,97,386
175,98,382
175,99,370
175,100,390
175,101,377
175,102,387
175,103,387
175,104,392
175,105,373
175,106,378
175,107,354
175,108,362
175,109,381
175,110,380
175,111,375
175,112,385
175,113,378
175,114,371
175,115,389
175,116,382
175,117,388
175,118,378
175,119,387
175,120,393
175,121,381
175,122,388
175,123,379
175,124,382
175,125,376
175,126,388
175,127,384
175,128,379
175,129,390
175,130,393
175,131,378
175,132,380
175,133,371
175,134,382
175,135,370
175,136,380
175,137,377
175,138,375
175,139,383
175,140,390
175,141,387
175,142,385
175,143,380
175,144,367
175,145,367
175,146,372
175,147,374
175,148,384
175,149,384
175,150,385
175,151,377
175,152,378
175,153,375
175,154,384
175,155,388
175,156,404
175,157,390
175,158,384
175,159,374
175,160,378
175,161,389
175,162,385
175,163,395
175,164,384
175,165,382
175,166,390
175,167,394
175,168,386
175,169,377
175,170,385
175,171,389
175,172,390
175,173,382
175,174,372
175,175,386
175,176,392
175,177,379
175,178,379
175,179,377
175,180,385
175,181,385
175,182,358
175,183,384
175,184,383
175,185,380
175,186,394
175,187,380
175,188,374
175,189,378
175,190,375
175,191,383
175,192,373
175,193,374
175,194,385
175,195,379
175,196,373
175,197,395
175,198,388
175,199,372
175,200,377
176,1,4
176,2,8
176,3,18
176,4,41
176,5,92
176,6,165
176,7,261
176,8,335
176,9,360
176,10,368
176,11,372
176,12,388
176,13,383
176,14,370
176,15,386
176,16,380
176,17,370
176,18,386
176,19,384
176,20,378
176,21,387
176,22,391
176,23,381
176,24,371
176,25,380
176,26,367
176,27,369
176,28,361
176,29,380
176,30,394
176,31,384
176,32,396
176,33,386
176,34,367
176,35,372
176,36,391
176,37,384
176,38,384
176,39,377
176,40,380
176,41,391
176,42,385
176,43,382
176,44,373
176,45,383
176,46,370
176,47,374
176,48,376
176,49,379
176,50,376
176,51,379
176,52,381
176,53,387
176,54,387
176,55,373
176,56,373
176,57,372
176,58,384
176,59,380
176,60,367
176,61,377
176,62,380
176,63,366
176,64,368
176,65,378
176,66,382
176,67,383
176,68,389
176,69,395
176,70,378
176,71,380
176,72,386
176,73,381
176,74,378
176,75,366
176,76,375
176,77,397
176,78,384
176,79,376
176,80,386
176,81,390
176,82,389
176,83,384
176,84,385
176,85,378
176,86,393
176,87,385
176,88,388
176,89,374
176,90,375
176,91,387
176,92,382
176,93,384
176,94,386
176,95,383
176,96,376
176,97,376
176,98,379
176,99,367
176,100,368
176,101,372
176,102,383
176,103,368
176,104,381
176,105,377
176,106,386
176,107,381
176,108,377
176,109,396
176,110,388
176,111,390
176,112,379
176,113,378
176,114,372
176,115,368
176,116,377
176,117,378
176,118,375
176,119,372
176,120,370
176,121,380
176,122,379
176,123,370
176,124,373
176,125,372
176,126,366
176,127,368
176,128,375
176,129,374
176,130,367
176,131,384
176,132,385
176,133,394
176,134,390
176,135,402
176,136,381
176,137,402
176,138,383
176,139,375
176,140,400
176,141,384
176,142,360
176,143,382
176,144,387
176,145,390
176,146,377
176,147,385
176,148,368
176,149,372
176,150,382
176,151,376
176,152,379
176,153,381
176,154,380
176,155,370
176,156,384
176,157,358
176,158,376
176,159,383
176,160,373
176,161,373
176,162,374
176,163,376
176,164,387
176,165,381
176,166,366
176,167,370
176,168,366
176,169,386
176,170,388
176,171,381
176,172,372
176,173,373
176,174,381
176,175,393
176,176,389
176,177,391
176,178,389
176,179,368
176,180,366
176,181,365
176,182,376
176,183,383
176,184,390
176,185,390
176,186,382
176,187,369
176,188,379
176,189,387
176,190,387
176,191,373
176,192,372
176,193,375
176,194,374
176,195,370
176,196,373
176,197,379
176,198,384
176,199,371
176,200,371
177,1,2
177,2,6
177,3,15
177,4,44
177,5,106
177,6,187
177,7,289
177,8,350
177,9,372
177,10,388
177,11,357
177,12,376
177,13,378
177,14,377
177,15,371
177,16,376
177,17,383
177,18,360
177,19,374
177,20,367
177,21,374
177,22,394
177,23,372
177,24,381
177,25,384
177,26,385
177,27,389
177,28,386
177,29,390
177,30,392
177,31,385
177,32,379
177,33,384
177,34,388
177,35,391
177,36,386
177,37,382
177,38,389
177,39,376
177,40,378
177,41,385
177,42,396
177,43,399
177,44,376
177,45,394
177,46,381
177,47,379
177,48,391
177,49,371
177,50,388
177,51,391
177,52,386
177,53,380
177,54,382
177,55,380
177,56,390
177,57,386
177,58,394
177,59,388
177,60,391
177,61,371
177,62,397
177,63,386
177,64,373
177,65,380
177,66,379
177,67,381
177,68,373
177,69,384
177,70,386
177,71,390
177,72,401
177,73,391
177,74,368
177,75,376
177,76,392
177,77,375
177,78,370
177,79,385
177,80,372
177,81,387
177,82,375
177,83,366
177,84,376
177,85,371
177,86,378
177,87,379
177,88,382
177,89,397
177,90,389
177,91,389
177,92,388
177,93,381
177,94,394
177,95,374
177,96,384
177,97,390
177,98,384
177,99,384
177,100,373
177,101,386
177,102,384
177,103,374
177,104,387
177,105,386
177,106,390
177,107,382
177,108,379
177,109,388
177,110,383
177,111,393
177,112,377
177,113,386
177,114,384
177,115,386
177,116,393
177,117,377
177,118,388
177,119,375
177,120,372
177,121,382
177,122,385
177,123,397
177,124,384
177,125,376
177,126,388
177,127,377
177,128,387
177,129,388
177,130,388
177,131,381
177,132,379
177,133,363
177,134,366
177,135,384
177,136,388
177,137,382
177,138,386
177,139,389
177,140,387
177,141,391
177,142,382
177,143,384
177,144,395
177,145,381
177,146,379
177,147,375
177,148,375
177,149,392
177,150,379
177,151,389
177,152,383
177,153,388
177,154,374
177,155,369
177,156,381
177,157,389
177,158,378
177,159,374
177,160,384
177,161,379
177,162,365
177,163,365
177,164,384
177,165,386
177,166,383
177,167,386
177,168,388
177,169,381
177,170,389
177,171,375
177,172,386
177,173,390
177,174,386
177,175,387
177,176,395
177,177,381
177,178,398
177,179,373
177,180,387
177,181,398
177,182,385
177,183,389
177,184,388
177,185,391
177,186,381
177,187,387
177,188,398
177,189,382
177,190,369
177,191,372
177,192,381
177,193,386
177,194,384
177,195,374
177,196,377
177,197,381
177,198,387
177,199,369
177,200,377
178,1,5
178,2,15
178,3,40
178,4,93
178,5,182
178,6,268
178,7,349
178,8,366
178,9,384
178,10,380
178,11,390
178,12,391
178,13,392
178,14,385
178,15,392
178,16,373
178,17,396
178,18,383
178,19,381
178,20,386
178,21,385
178,22,368
178,23,394
178,24,372
178,25,380
178,26,377
178,27,384
178,28,380
178,29,373
178,30,372
178,31,383
178,32,379
178,33,394
178,34,377
178,35,377
178,36,389
178,37,375
178,38,373
178,39,380
178,40,384
178,41,402
178,42,391
178,43,391
178,44,391
178,45,379
178,46,376
178,47,377
178,48,375
178,49,394
178,50,382
178,51,387
178,52,387
178,53,392
178,54,378
178,55,379
178,56,380
178,57,377
178,58,366
178,59,384
178,60,390
178,61,368
178,62,379
178,63,374
178,64,393
178,65,393
178,66,389
178,67,399
178,68,393
178,69,383
178,70,376
178,71,369
178,72,376
178,73,372
178,74,391
178,75,389
178,76,390
178,77,383
178,78,373
178,79,376
178,80,393
178,81,395
178,82,389
178,83,371
178,84,379
178,85,387
178,86,369
178,87,379
178,88,370
178,89,397
178,90,394
178,91,369
178,92,374
178,93,378
178,94,380
178,95,383
178,96,382
178,97,386
178,98,381
178,99,386
178,100,381
178,101,383
178,102,398
178,103,377
178,104,358
178,105,373
178,106,380
178,107,373
178,108,376
178,109,398
178,110,396
178,111,378
178,112,367
178,113,387
178,114,380
178,115,379
178,116,373
178,117,398
178,118,371
178,119,383
178,120,396
178,121,379
178,122,386
178,123,379
178,124,385
178,125,378
178,126,383
178,127,382
178,128,395
178,129,383
178,130,387
178,131,394
178,132,387
178,133,390
178,134,384
178,135,381
178,136,377
178,137,388
178,138,387
178,139,378
178,140,393
178,141,385
178,142,380
178,143,368
178,144,380
178,145,384
178,146,385
178,147,391
178,148,390
178,149,386
178,150,384
178,151,390
178,152,378
178,153,397
178,154,384
178,155,398
178,156,379
178,157,386
178,158,378
178,159,375
178,160,391
178,161,379
178,162,393
178,163,376
178,164,367
178,165,371
178,166,378
178,167,378
178,168,381
178,169,380
178,170,389
178,171,373
178,172,384
178,173,389
178,174,383
178,175,390
178,176,387
178,177,392
178,178,381
178,179,397
178,180,384
178,181,392
178,182,384
178,183,375
178,184,383
178,185,380
178,186,382
178,187,376
178,188,378
178,189,374
178,190,393
178,191,394
178,192,392
178,193,377
178,194,378
178,195,381
178,196,378
178,197,369
178,198,378
178,199,400
178,200,391
179,1,2
179,2,5
179,3,14
179,4,35
179,5,79
179,6,146
179,7,251
179,8,324
179,9,365
179,10,384
179,11,392
179,12,387
179,13,373
179,14,381
179,15,388
179,16,383
179,17,378
179,18,385
179,19,380
179,20,384
179,21,376
179,22,382
179,23,394
179,24,381
179,25,370
179,26,378
179,27,387
179,28,384
179,29,391
179,30,379
179,31,381
179,32,379
179,33,371
179,34,387
179,35,377
179,36,369
179,37,372
179,38,392
179,39,403
179,40,393
179,41,390
179,42,375
179,43,381
179,44,380
179,45,388
179,46,386
179,47,389
179,48,376
179,49,375
179,50,375
179,51,385
179,52,377
179,53,371
179,54,371
179,55,375
179,56,378
179,57,370
179,58,364
179,59,375
179,60,398
179,61,377
179,62,391
179,63,379
179,64,399
179,65,370
179,66,370
179,67,384
179,68,382
179,69,382
179,70,382
179,71,391
179,72,373
179,73,386
179,74,392
179,75,385
179,76,381
179,77,392
179,78,376
179,79,390
179,80,383
179,81,382
179,82,380
179,83,381
179,84,389
179,85,376
179,86,384
179,87,382
179,88,388
179,89,378
179,90,373
179,91,381
179,92,386
179,93,367
179,94,392
179,95,376
179,96,373
179,97,380
179,98,376
179,99,377
179,100,371
179,101,386
179,102,387
179,103,384
179,104,377
179,105,399
179,106,399
179,107,376
179,108,395
179,109,381
179,110,394
179,111,385
179,112,382
179,113,392
179,114,385
179,115,374
179,116,390
179,117,377
179,118,368
179,119,371
179,120,367
179,121,377
179,122,374
179,123,379
179,124,375
179,125,376
179,126,391
179,127,386
179,128,383
179,129,375
179,130,381
179,131,399
179,132,403
179,133,382
179,134,385
179,135,379
179,136,386
179,137,384
179,138,389
179,139,385
179,140,379
179,141,387
179,142,384
179,143,383
179,144,389
179,145,398
179,146,383
179,147,387
179,148,387
179,149,395
179,150,386
179,151,392
179,152,377
179,153,395
179,154,382
179,155,367
179,156,377
179,157,390
179,158,393
179,159,373
179,160,372
179,161,390
179,162,372
179,163,375
179,164,382
179,165,387
179,166,394
179,167,380
179,168,380
179,169,380
179,170,389
179,171,387
179,172,376
179,173,375
179,174,366
179,175,371
179,176,376
179,177,376
179,178,390
179,179,398
179,180,376
179,181,360
179,182,375
179,183,388
179,184,388
179,185,397
179,186,397
179,187,393
179,188,383
179,189,372
179,190,375
179,191,361
179,192,383
179,193,372
179,194,387
179,195,377
179,196,384
179,197,380
179,198,394
179,199,385
179,200,374
180,1,4
180,2,9
180,3,25
180,4,62
180,5,135
180,6,224
180,7,319
180,8,362
180,9,374
180,10,388
180,11,384
180,12,371
180,13,377
180,14,368
180,15,384
180,16,383
180,17,387
180,18,390
180,19,381
180,20,362
180,21,372
180,22,386
180,23,369
180,24,375
180,25,375
180,26,380
180,27,392
180,28,380
180,29,375
180,30,379
180,31,369
180,32,367
180,33,375
180,34,371
180,35,379
180,36,372
180,37,376
180,38,379
180,39,391
180,40,390
180,41,388
180,42,379
180,43,389
180,44,379
180,45,382
180,46,369
180,47,385
180,48,390
180,49,395
180,50,378
180,51,373
180,52,384
180,53,388
180,54,385
180,55,378
180,56,387
180,57,377
180,58,388
180,59,376
180,60,380
180,61,380
180,62,372
180,63,385
180,64,387
180,65,381
180,66,405
180,67,397
180,68,398
180,69,380
180,70,383
180,71,381
180,72,375
180,73,387
180,74,386
180,75,388
180,76,377
180,77,370
180,78,369
180,79,382
180,80,387
180,81,384
180,82,368
180,83,388
180,84,383
180,85,374
180,86,374
180,87,365
180,88,376
180,89,376
180,90,364
180,91,385
180,92,383
180,93,389
180,94,389
180,95,403
180,96,391
180,97,380
180,98,391
180,99,376
180,100,372
180,101,385
180,102,387
180,103,380
180,104,388
180,105,391
180,106,387
180,107,391
180,108,379
180,109,389
180,110,372
180,111,389
180,112,391
180,113,375
180,114,386
180,115,380
180,116,377
180,117,385
180,118,384
180,119,389
180,120,383
180,121,382
180,122,380
180,123,383
180,124,386
180,125,385
180,126,384
180,127,380
180,128,377
180,129,372
180,130,375
180,131,401
180,132,388
180,133,390
180,134,380
180,135,382
180,136,387
180,137,382
180,138,378
180,139,361
180,140,377
180,141,386
180,142,379
180,143,377
180,144,381
180,145,382
180,146,379
180,147,387
180,148,383
180,149,380
180,150,378
180,151,389
180,152,375
180,153,376
180,154,379
180,155,362
180,156,391
180,157,384
180,158,399
180,159,383
180,160,379
180,161,365
180,162,376
180,163,380
180,164,385
180,165,393
180,166,392
180,167,389
180,168,382
180,169,392
180,170,386
180,171,385
180,172,371
180,173,377
180,174,372
180,175,387
180,176,377
180,177,381
180,178,370
180,179,367
180,180,377
180,181,389
180,182,380
180,183,372
180,184,391
180,185,389
180,186,377
180,187,393
180,188,386
180,189,381
180,190,382
180,191,372
180,192,385
180,193,384
180,194,371
180,195,367
180,196,376
180,197,380
180,198,391
180,199,366
180,200,381
181,1,4
181,2,9
181,3,20
181,4,42
181,5,85
181,6,150
181,7,229
181,8,316
181,9,347
181,10,349
181,11,374
181,12,363
181,13,383
181,14,377
181,15,373
181,16,377
181,17,370
181,18,373
181,19,380
181,20,380
181,21,388
181,22,384
181,23,378
181,24,386
181,25,370
181,26,395
181,27,398
181,28,389
181,29,392
181,30,390
181,31,385
181,32,362
181,33,375
181,34,381
181,35,392
181,36,379
181,37,384
181,38,367
181,39,379
181,40,372
181,41,365
181,42,370
181,43,376
181,44,381
181,45,389
181,46,387
181,47,391
181,48,392
181,49,390
181,50,393
181,51,387
181,52,390
181,53,383
181,54,385
181,55,391
181,56,376
181,57,376
181,58,383
181,59,362
181,60,379
181,61,382
181,62,370
181,63,390
181,64,380
181,65,400
181,66,375
181,67,373
181,68,402
181,69,397
181,70,376
181,71,383
181,72,390
181,73,380
181,74,377
181,75,384
181,76,390
181,77,390
181,78,389
181,79,380
181,80,380
181,81,368
181,82,377
181,83,395
181,84,382
181,85,378
181,86,359
181,87,371
181,88,367
181,89,379
181,90,375
181,91,373
181,92,374
181,93,392
181,94,395
181,95,363
181,96,390
181,97,389
181,98,387
181,99,379
181,100,381
181,101,377
181,102,372
181,103,385
181,104,378
181,105,373
181,106,376
181,107,372
181,108,379
181,109,380
181,110,384
181,111,392
181,112,377
181,113,386
181,114,394
181,115,400
181,116,375
181,117,384
181,118,380
181,119,395
181,120,381
181,121,386
181,122,392
181,123,366
181,124,386
181,125,367
181,126,375
181,127,381
181,128,380
181,129,383
181,130,386
181,131,380
181,132,387
181,133,377
181,134,384
181,135,386
181,136,384
181,137,390
181,138,383
181,139,377
181,140,378
181,141,376
181,142,380
181,143,378
181,144,367
181,145,379
181,146,377
181,147,378
181,148,379
181,149,369
181,150,390
181,151,381
181,152,382
181,153,383
181,154,367
181,155,374
181,156,384
181,157,378
181,158,375
181,159,381
181,160,375
181,161,379
181,162,389
181,163,395
181,164,382
181,165,379
181,166,375
181,167,376
181,168,379
181,169,371
181,170,376
181,171,381
181,172,398
181,173,383
181,174,373
181,175,393
181,176,372
181,177,373
181,178,393
181,179,383
181,180,374
181,181,362
181,182,385
181,183,393
181,184,389
181,185,391
181,186,371
181,187,369
181,188,369
181,189,379
181,190,378
181,191,365
181,192,382
181,193,381
181,194,377
181,195,380
181,196,379
181,197,370
181,198,397
181,199,382
181,200,377
182,1,1
182,2,4
182,3,11
182,4,32
182,5,72
182,6,162
182,7,271
182,8,343
182,9,361
182,10,371
182,11,374
182,12,388
182,13,376
182,14,382
182,15,387
182,16,389
182,17,382
182,18,377
182,19,385
182,20,390
182,21,380
182,22,370
182,23,378
182,24,370
182,25,391
182,26,392
182,27,375
182,28,384
182,29,376
182,30,393
182,31,385
182,32,393
182,33,391
182,34,375
182,35,374
182,36,370
182,37,383
182,38,378
182,39,383
182,40,386
182,41,362
182,42,373
182,43,387
182,44,388
182,45,385
182,46,367
182,47,374
182,48,379
182,49,379
182,50,389
182,51,367
182,52,377
182,53,382
182,54,374
182,55,389
182,56,379
182,57,389
182,58,385
182,59,396
182,60,399
182,61,379
182,62,376
182,63,386
182,64,380
182,65,382
182,66,399
182,67,413
182,68,378
182,69,383
182,70,382
182,71,376
182,72,384
182,73,386
182,74,401
182,75,391
182,76,390
182,77,382
182,78,379
182,79,392
182,80,378
182,81,391
182,82,386
182,83,390
182,84,391
182,85,390
182,86,385
182,87,391
182,88,387
182,89,377
182,90,384
182,91,379
182,92,388
182,93,374
182,94,375
182,95,389
182,96,383
182,97,387
182,98,394
182,99,391
182,100,367
182,101,376
182,102,388
182,103,378
182,104,387
182,105,381
182,106,392
182,107,389
182,108,384
182,109,365
182,110,394
182,111,375
182,112,377
182,113,382
182,114,397
182,115,385
182,116,379
182,117,378
182,118,378
182,119,382
182,120,383
182,121,381
182,122,399
182,123,379
182,124,380
182,125,385
182,126,376
182,127,388
182,128,391
182,129,379
182,130,366
182,131,363
182,132,380
182,133,368
182,134,396
182,135,393
182,136,382
182,137,377
182,138,381
182,139,379
182,140,391
182,141,384
182,142,385
182,143,377
182,144,380
182,145,380
182,146,394
182,147,391
182,148,395
182,149,389
182,150,381
182,151,383
182,152,377
182,153,375
182,154,383
182,155,391
182,156,388
182,157,387
182,158,380
182,159,384
182,160,391
182,161,394
182,162,386
182,163,392
182,164,399
182,165,383
182,166,401
182,167,391
182,168,376
182,169,370
182,170,381
182,171,390
182,172,365
182,173,371
182,174,384
182,175,392
182,176,385
182,177,397
182,178,365
182,179,370
182,180,375
182,181,376
182,182,381
182,183,377
182,184,377
182,185,405
182,186,386
182,187,384
182,188,380
182,189,377
182,190,381
182,191,363
182,192,374
182,193,369
182,194,388
182,195,374
182,196,382
182,197,385
182,198,391
182,199,390
182,200,376
183,1,4
183,2,13
183,3,22
183,4,41
183,5,88
183,6,184
183,7,284
183,8,356
183,9,379
183,10,382
183,11,369
183,12,387
183,13,379
183,14,377
183,15,375
183,16,378
183,17,370
183,18,382
183,19,392
183,20,397
183,21,390
183,22,384
183,23,376
183,24,375
183,25,365
183,26,376
183,27,376
183,28,403
183,29,384
183,30,379
183,31,380
183,32,362
183,33,373
183,34,382
183,35,379
183,36,359
183,37,377
183,38,366
183,39,378
183,40,384
183,41,373
183,42,377
183,43,375
183,44,369
183,45,379
183,46,379
183,47,391
183,48,373
183,49,359
183,50,382
183,51,375
183,52,376
183,53,378
183,54,389
183,55,386
183,56,389
183,57,381
183,58,376
183,59,392
183,60,384
183,61,386
183,62,372
183,63,389
183,64,396
183,65,393
183,66,366
183,67,377
183,68,374
183,69,376
183,70,377
183,71,378
183,72,386
183,73,374
183,74,379
183,75,375
183,76,387
183,77,379
183,78,375
183,79,386
183,80,364
183,81,385
183,82,380
183,83,376
183,84,383
183,85,391
183,86,390
183,87,385
183,88,401
183,89,396
183,90,382
183,91,375
183,92,380
183,93,373
183,94,378
183,95,384
183,96,385
183,97,379
183,98,393
183,99,387
183,100,386
183,101,388
183,102,377
183,103,388
183,104,389
183,105,386
183,106,377
183,107,386
183,108,377
183,109,370
183,110,379
183,111,382
183,112,377
183,113,400
183,114,390
183,115,379
183,116,376
183,117,382
183,118,383
183,119,371
183,120,385
183,121,367
183,122,389
183,123,377
183,124,380
183,125,371
183,126,372
183,127,379
183,128,384
183,129,383
183,130,391
183,131,379
183,132,394
183,133,382
183,134,406
183,135,382
183,136,374
183,137,389
183,138,374
183,139,392
183,140,382
183,141,389
183,142,380
183,143,383
183,144,366
183,145,369
183,146,391
183,147,386
183,148,372
183,149,377
183,150,379
183,151,385
183,152,390
183,153,382
183,154,384
183,155,380
183,156,386
183,157,389
183,158,378
183,159,378
183,160,380
183,161,370
183,162,383
183,163,391
183,164,396
183,165,384
183,166,371
183,167,386
183,168,381
183,169,381
183,170,388
183,171,389
183,172,389
183,173,397
183,174,388
183,175,368
183,176,388
183,177,379
183,178,382
183,179,373
183,180,381
183,181,382
183,182,390
183,183,385
183,184,397
183,185,375
183,186,375
183,187,373
183,188,388
183,189,382
183,190,378
183,191,383
183,192,376
183,193,378
183,194,366
183,195,376
183,196,376
183,197,376
183,198,383
183,199,381
183,200,391
184,1,0
184,2,0
184,3,0
184,4,0
184,5,0
184,6,0
184,7,0
184,8,0
184,9,0
184,10,0
184,11,0
184,12,0
184,13,0
184,14,0
184,15,0
184,16,0
184,17,0
184,18,0
184,19,0
184,20,0
184,21,0
184,22,0
184,23,0
184,24,0
184,25,0
184,26,0
184,27,0
184,28,0
184,29,0
184,30,0
184,31,0
184,32,0
184,33,0
184,34,0
184,35,0
184,36,0
184,37,0
184,38,0
184,39,0
184,40,0
184,41,0
184,42,0
184,43,0
184,44,0
184,45,0
184,46,0
184,47,0
184,48,0
184,49,0
184,50,0
184,51,0
184,52,0
184,53,0
184,54,0
184,55,0
184,56,0
184,57,0
184,58,0
184,59,0
184,60,0
184,61,0
184,62,0
184,63,0
184,64,0
184,65,0
184,66,0
184,67,0
184,68,0
184,69,0
184,70,0
184,71,0
184,72,0
184,73,0
184,74,0
184,75,0
184,76,0
184,77,0
184,78,0
184,79,0
184,80,0
184,81,0
184,82,0
184,83,0
184,84,0
184,85,0
184,86,0
184,87,0
184,88,0
184,89,0
184,90,0
184,91,0
184,92,0
184,93,0
184,94,0
184,95,0
184,96,0
184,97,0
184,98,0
184,99,0
184,100,0
184,101,0
184,102,0
184,103,0
184,104,0
184,105,0
184,106,0
184,107,0
184,108,0
184,109,0
184,110,0
184,111,0
184,112,0
184,113,0
184,114,0
184,115,0
184,116,0
184,117,0
184,118,0
184,119,0
184,120,0
184,121,0
184,122,0
184,123,0
184,124,0
184,125,0
184,126,0
184,127,0
184,128,0
184,129,0
184,130,0
184,131,0
184,132,0
184,133,0
184,134,0
184,135,0
184,136,0
184,137,0
184,138,0
184,139,0
184,140,0
184,141,0
184,142,0
184,143,0
184,144,0
184,145,0
184,146,0
184,147,0
184,148,0
184,149,0
184,150,0
184,151,0
184,152,0
184,153,0
184,154,0
184,155,0
184,156,0
184,157,0
184,158,0
184,159,0
184,160,0
184,161,0
184,162,0
184,163,0
184,164,0
184,165,0
184,166,0
184,167,0
184,168,0
184,169,0
184,170,0
184,171,0
184,172,0
184,173,0
184,174,0
184,175,0
184,176,0
184,177,0
184,178,0
184,179,0
184,180,0
184,181,0
184,182,0
184,183,0
184,184,0
184,185,0
184,186,0
184,187,0
184,188,0
184,189,0
184,190,0
184,191,0
184,192,0
184,193,0
184,194,0
184,195,0
184,196,0
184,197,0
184,198,0
184,199,0
184,200,0
185,1,1
185,2,6
185,3,14
185,4,27
185,5,60
185,6,119
185,7,218
185,8,313
185,9,360
185,10,378
185,11,378
185,12,375
185,13,361
185,14,386
185,15,381
185,16,375
185,17,378
185,18,392
185,19,382
185,20,374
185,21,366
185,22,379
185,23,391
185,24,366
185,25,372
185,26,376
185,27,381
185,28,381
185,29,364
185,30,362
185,31,372
185,32,382
185,33,377
185,34,371
185,35,369
185,36,367
185,37,371
185,38,383
185,39,386
185,40,388
185,41,384
185,42,379
185,43,384
185,44,385
185,45,395
185,46,387
185,47,376
185,48,388
185,49,389
185,50,387
185,51,383
185,52,366
185,53,368
185,54,380
185,55,373
185,56,396
185,57,380
185,58,371
185,59,381
185,60,381
185,61,376
185,62,378
185,63,357
185,64,376
185,65,378
185,66,361
185,67,376
185,68,376
185,69,377
185,70,376
185,71,387
185,72,392
185,73,388
185,74,377
185,75,353
185,76,369
185,77,380
185,78,398
185,79,398
185,80,384
185,81,385
185,82,385
185,83,378
185,84,382
185,85,391
185,86,362
185,87,365
185,88,368
185,89,387
185,90,387
185,91,385
185,92,385
185,93,363
185,94,379
185,95,367
185,96,394
185,97,380
185,98,382
185,99,383
185,100,380
185,101,391
185,102,389
185,103,381
185,104,383
185,105,380
185,106,383
185,107,382
185,108,391
185,109,393
185,110,368
185,111,377
185,112,390
185,113,390
185,114,361
185,115,380
185,116,389
185,117,381
185,118,376
185,119,370
185,120,386
185,121,373
185,122,373
185,123,395
185,124,391
185,125,381
185,126,388
185,127,375
185,128,374
185,129,378
185,130,364
185,131,377
185,132,371
185,133,381
185,134,386
185,135,387
185,136,376
185,137,393
185,138,383
185,139,384
185,140,383
185,141,391
185,142,388
185,143,396
185,144,389
185,145,374
185,146,372
185,147,388
185,148,388
185,149,383
185,150,382
185,151,371
185,152,380
185,153,370
185,154,384
185,155,392
185,156,375
185,157,379
185,158,394
185,159,382
185,160,392
185,161,396
185,162,389
185,163,379
185,164,373
185,165,379
185,166,382
185,167,382
185,168,385
185,169,374
185,170,375
185,171,396
185,172,375
185,173,389
185,174,375
185,175,380
185,176,383
185,177,370
185,178,380
185,179,391
185,180,373
185,181,380
185,182,366
185,183,356
185,184,368
185,185,385
185,186,383
185,187,390
185,188,382
185,189,387
185,190,383
185,191,383
185,192,378
185,193,380
185,194,369
185,195,388
185,196,397
185,197,374
185,198,388
185,199,363
185,200,369
186,1,3
186,2,7
186,3,16
186,4,36
186,5,88
186,6,179
186,7,292
186,8,344
186,9,361
186,10,379
186,11,375
186,12,362
186,13,380
186,14,395
186,15,394
186,16,381
186,17,371
186,18,389
186,19,378
186,20,395
186,21,384
186,22,372
186,23,370
186,24,377
186,25,378
186,26,377
186,27,373
186,28,385
186,29,370
186,30,390
186,31,381
186,32,376
186,33,383
186,34,392
186,35,387
186,36,390
186,37,380
186,38,377
186,39,373
186,40,379
186,41,381
186,42,382
186,43,376
186,44,387
186,45,379
186,46,387
186,47,377
186,48,409
186,49,387
186,50,386
186,51,387
186,52,371
186,53,366
186,54,381
186,55,383
186,56,380
186,57,376
186,58,385
186,59,373
186,60,364
186,61,379
186,62,385
186,63,384
186,64,368
186,65,364
186,66,381
186,67,383
186,68,374
186,69,361
186,70,376
186,71,387
186,72,384
186,73,387
186,74,388
186,75,382
186,76,388
186,77,384
186,78,382
186,79,378
186,80,381
186,81,377
186,82,386
186,83,377
186,84,379
186,85,378
186,86,377
186,87,389
186,88,381
186,89,387
186,90,402
186,91,377
186,92,380
186,93,392
186,94,367
186,95,378
186,96,367
186,97,369
186,98,377
186,99,382
186,100,369
186,101,383
186,102,383
186,103,363
186,104,380
186,105,375
186,106,393
186,107,395
186,108,380
186,109,395
186,110,402
186,111,401
186,112,378
186,113,375
186,114,392
186,115,382
186,116,388
186,117,381
186,118,388
186,119,380
186,120,392
186,121,377
186,122,369
186,123,386
186,124,385
186,125,366
186,126,380
186,127,388
186,128,384
186,129,395
186,130,374
186,131,386
186,132,381
186,133,379
186,134,373
186,135,374
186,136,384
186,137,393
186,138,383
186,139,377
186,140,393
186,141,393
186,142,376
186,143,375
186,144,382
186,145,378
186,146,393
186,147,393
186,148,387
186,149,368
186,150,376
186,151,394
186,152,390
186,153,388
186,154,382
186,155,384
186,156,394
186,157,391
186,158,388
186,159,379
186,160,370
186,161,371
186,162,384
186,163,374
186,164,363
186,165,373
186,166,385
186,167,370
186,168,386
186,169,394
186,170,385
186,171,377
186,172,377
186,173,374
186,174,381
186,175,373
186,176,365
186,177,380
186,178,374
186,179,390
186,180,396
186,181,390
186,182,386
186,183,379
186,184,390
186,185,387
186,186,401
186,187,388
186,188,389
186,189,376
186,190,383
186,191,390
186,192,377
186,193,378
186,194,381
186,195,373
186,196,384
186,197,384
186,198,379
186,199,380
186,200,399
187,1,5
187,2,10
187,3,23
187,4,54
187,5,120
187,6,215
187,7,309
187,8,351
187,9,375
187,10,370
187,11,378
187,12,377
187,13,393
187,14,388
187,15,381
187,16,381
187,17,382
187,18,378
187,19,372
187,20,386
187,21,379
187,22,384
187,23,380
187,24,373
187,25,369
187,26,373
187,27,368
187,28,382
187,29,379
187,30,377
187,31,374
187,32,390
187,33,376
187,34,379
187,35,381
187,36,376
187,37,383
187,38,385
187,39,383
187,40,397
187,41,357
187,42,369
187,43,386
187,44,381
187,45,385
187,46,384
187,47,377
187,48,380
187,49,382
187,50,388
187,51,374
187,52,389
187,53,376
187,54,375
187,55,366
187,56,372
187,57,395
187,58,390
187,59,381
187,60,395
187,61,393
187,62,392
187,63,387
187,64,387
187,65,385
187,66,383
187,67,380
187,68,392
187,69,378
187,70,375
187,71,371
187,72,389
187,73,370
187,74,377
187,75,387
187,76,385
187,77,376
187,78,376
187,79,380
187,80,384
187,81,380
187,82,384
187,83,367
187,84,373
187,85,377
187,86,378
187,87,386
187,88,375
187,89,398
187,90,379
187,91,369
187,92,389
187,93,397
187,94,388
187,95,394
187,96,377
187,97,382
187,98,366
187,99,396
187,100,386
187,101,398
187,102,381
187,103,390
187,104,396
187,105,375
187,106,380
187,107,379
187,108,368
187,109,382
187,110,375
187,111,375
187,112,375
187,113,358
187,114,377
187,115,376
187,116,374
187,117,390
187,118,376
187,119,373
187,120,372
187,121,373
187,122,380
187,123,389
187,124,385
187,125,385
187,126,376
187,127,367
187,128,378
187,129,387
187,130,378
187,131,371
187,132,380
187,133,372
187,134,389
187,135,400
187,136,390
187,137,383
187,138,390
187,139,371
187,140,395
187,141,378
187,142,384
187,143,380
187,144,390
187,145,373
187,146,381
187,147,382
187,148,382
187,149,389
187,150,380
187,151,385
187,152,383
187,153,397
187,154,389
187,155,387
187,156,403
187,157,386
187,158,379
187,159,387
187,160,386
187,161,383
187,162,377
187,163,397
187,164,403
187,165,383
187,166,392
187,167,391
187,168,383
187,169,385
187,170,378
187,171,389
187,172,366
187,173,358
187,174,377
187,175,392
187,176,378
187,177,379
187,178,385
187,179,373
187,180,375
187,181,369
187,182,366
187,183,364
187,184,363
187,185,379
187,186,383
187,187,378
187,188,377
187,189,396
187,190,374
187,191,386
187,192,377
187,193,381
187,194,370
187,195,368
187,196,377
187,197,391
187,198,391
187,199,377
187,200,383
188,1,2
188,2,7
188,3,17
188,4,38
188,5,67
188,6,126
188,7,221
188,8,305
188,9,343
188,10,370
188,11,392
188,12,371
188,13,364
188,14,372
188,15,379
188,16,390
188,17,381
188,18,372
188,19,360
188,20,363
188,21,381
188,22,387
188,23,366
188,24,385
188,25,378
188,26,387
188,27,374
188,28,379
188,29,379
188,30,373
188,31,383
188,32,374
188,33,381
188,34,388
188,35,373
188,36,372
188,37,371
188,38,391
188,39,380
188,40,387
188,41,385
188,42,382
188,43,376
188,44,366
188,45,386
188,46,381
188,47,376
188,48,379
188,49,392
188,50,395
188,51,385
188,52,388
188,53,393
188,54,403
188,55,385
188,56,378
188,57,361
188,58,382
188,59,387
188,60,370
188,61,389
188,62,383
188,63,388
188,64,394
188,65,373
188,66,384
188,67,385
188,68,372
188,69,367
188,70,372
188,71,392
188,72,383
188,73,388
188,74,376
188,75,390
188,76,392
188,77,386
188,78,390
188,79,396
188,80,381
188,81,375
188,82,384
188,83,388
188,84,382
188,85,379
188,86,378
188,87,386
188,88,364
188,89,371
188,90,375
188,91,378
188,92,376
188,93,369
188,94,375
188,95,367
188,96,374
188,97,370
188,98,382
188,99,389
188,100,386
188,101,370
188,102,391
188,103,374
188,104,371
188,105,378
188,106,375
188,107,369
188,108,388
188,109,378
188,110,372
188,111,376
188,112,388
188,113,396
188,114,386
188,115,379
188,116,385
188,117,381
188,118,373
188,119,392
188,120,392
188,121,399
188,122,384
188,123,372
188,124,372
188,125,388
188,126,388
188,127,394
188,128,384
188,129,373
188,130,383
188,131,380
188,132,385
188,133,385
188,134,382
188,135,391
188,136,386
188,137,383
188,138,374
188,139,386
188,140,381
188,141,375
188,142,379
188,143,376
188,144,389
188,145,394
188,146,375
188,147,380
188,148,393
188,149,382
188,150,389
188,151,373
188,152,382
188,153,390
188,154,382
188,155,384
188,156,386
188,157,375
188,158,392
188,159,386
188,160,384
188,161,389
188,162,367
188,163,388
188,164,371
188,165,393
188,166,401
188,167,378
188,168,375
188,169,386
188,170,386
188,171,367
188,172,373
188,173,379
188,174,389
188,175,396
188,176,377
188,177,382
188,178,376
188,179,371
188,180,371
188,181,381
188,182,394
188,183,379
188,184,387
188,185,392
188,186,388
188,187,377
188,188,389
188,189,376
188,190,381
188,191,377
188,192,390
188,193,387
188,194,376
188,195,388
188,196,381
188,197,370
188,198,374
188,199,390
188,200,377
189,1,3
189,2,4
189,3,6
189,4,11
189,5,24
189,6,56
189,7,107
189,8,193
189,9,275
189,10,328
189,11,349
189,12,368
189,13,385
189,14,381
189,15,380
189,16,383
189,17,369
189,18,379
189,19,387
189,20,388
189,21,381
189,22,376
189,23,380
189,24,381
189,25,385
189,26,392
189,27,377
189,28,381
189,29,400
189,30,387
189,31,371
189,32,384
189,33,395
189,34,389
189,35,378
189,36,384
189,37,384
189,38,382
189,39,390
189,40,377
189,41,376
189,42,371
189,43,366
189,44,390
189,45,381
189,46,392
189,47,408
189,48,368
189,49,386
189,50,389
189,51,393
189,52,385
189,53,376
189,54,371
189,55,365
189,56,379
189,57,370
189,58,381
189,59,388
189,60,393
189,61,379
189,62,378
189,63,384
189,64,379
189,65,391
189,66,398
189,67,386
189,68,372
189,69,373
189,70,375
189,71,369
189,72,391
189,73,385
189,74,385
189,75,373
189,76,376
189,77,385
189,78,382
189,79,379
189,80,374
189,81,374
189,82,398
189,83,380
189,84,366
189,85,387
189,86,366
189,87,391
189,88,382
189,89,350
189,90,371
189,91,379
189,92,373
189,93,370
189,94,374
189,95,373
189,96,383
189,97,389
189,98,389
189,99,386
189,100,380
189,101,373
189,102,363
189,103,367
189,104,369
189,105,377
189,106,375
189,107,378
189,108,379
189,109,384
189,110,380
189,111,390
189,112,382
189,113,378
189,114,386
189,115,380
189,116,391
189,117,379
189,118,384
189,119,379
189,120,393
189,121,384
189,122,386
189,123,386
189,124,383
189,125,376
189,126,387
189,127,377
189,128,383
189,129,375
189,130,378
189,131,372
189,132,365
189,133,376
189,134,386
189,135,388
189,136,381
189,137,380
189,138,371
189,139,375
189,140,392
189,141,390
189,142,379
189,143,368
189,144,388
189,145,384
189,146,371
189,147,384
189,148,368
189,149,367
189,150,369
189,151,383
189,152,382
189,153,373
189,154,373
189,155,388
189,156,388
189,157,383
189,158,371
189,159,379
189,160,380
189,161,385
189,162,376
189,163,385
189,164,377
189,165,388
189,166,384
189,167,386
189,168,369
189,169,365
189,170,377
189,171,373
189,172,379
189,173,387
189,174,390
189,175,382
189,176,366
189,177,378
189,178,370
189,179,381
189,180,381
189,181,387
189,182,389
189,183,377
189,184,387
189,185,371
189,186,379
189,187,376
189,188,380
189,189,374
189,190,382
189,191,378
189,192,390
189,193,378
189,194,378
189,195,378
189,196,367
189,197,387
189,198,382
189,199,381
189,200,392
190,1,2
190,2,3
190,3,9
190,4,21
190,5,38
190,6,86
190,7,161
190,8,274
190,9,325
190,10,367
190,11,369
190,12,372
190,13,382
190,14,365
190,15,384
190,16,388
190,17,366
190,18,357
190,19,371
190,20,383
190,21,372
190,22,372
190,23,389
190,24,367
190,25,382
190,26,381
190,27,379
190,28,365
190,29,374
190,30,377
190,31,380
190,32,382
190,33,378
190,34,378
190,35,389
190,36,384
190,37,397
190,38,383
190,39,376
190,40,369
190,41,376
190,42,375
190,43,373
190,44,388
190,45,371
190,46,372
190,47,378
190,48,383
190,49,374
190,50,389
190,51,368
190,52,385
190,53,387
190,54,393
190,55,387
190,56,385
190,57,387
190,58,388
190,59,376
190,60,398
190,61,388
190,62,378
190,63,395
190,64,383
190,65,380
190,66,384
190,67,364
190,68,384
190,69,383
190,70,384
190,71,375
190,72,384
190,73,380
190,74,381
190,75,374
190,76,388
190,77,387
190,78,387
190,79,401
190,80,374
190,81,372
190,82,388
190,83,388
190,84,385
190,85,381
190,86,386
190,87,376
190,88,379
190,89,375
190,90,378
190,91,376
190,92,368
190,93,375
190,94,373
190,95,374
190,96,393
190,97,370
190,98,370
190,99,391
190,100,385
190,101,384
190,102,377
190,103,371
190,104,371
190,105,379
190,106,386
190,107,383
190,108,381
190,109,379
190,110,369
190,111,379
190,112,379
190,113,378
190,114,376
190,115,386
190,116,385
190,117,370
190,118,374
190,119,374
190,120,374
190,121,383
190,122,383
190,123,386
190,124,388
190,125,371
190,126,384
190,127,375
190,128,382
190,129,386
190,130,381
190,131,379
190,132,386
190,133,366
190,134,375
190,135,367
190,136,384
190,137,378
190,138,382
190,139,379
190,140,369
190,141,383
190,142,392
190,143,387
190,144,380
190,145,384
190,146,373
190,147,379
190,148,379
190,149,368
190,150,367
190,151,386
190,152,397
190,153,388
190,154,384
190,155,389
190,156,388
190,157,382
190,158,362
190,159,375
190,160,380
190,161,386
190,162,387
190,163,385
190,164,381
190,165,379
190,166,391
190,167,377
190,168,374
190,169,372
190,170,374
190,171,374
190,172,376
190,173,378
190,174,372
190,175,402
190,176,392
190,177,395
190,178,384
190,179,381
190,180,384
190,181,363
190,182,373
190,183,378
190,184,386
190,185,380
190,186,388
190,187,374
190,188,379
190,189,397
190,190,406
190,191,380
190,192,371
190,193,374
190,194,383
190,195,379
190,196,365
190,197,367
190,198,386
190,199,382
190,200,388
191,1,3
191,2,5
191,3,15
191,4,33
191,5,91
191,6,180
191,7,270
191,8,337
191,9,362
191,10,377
191,11,388
191,12,373
191,13,384
191,14,381
191,15,386
191,16,389
191,17,384
191,18,381
191,19,377
191,20,383
191,21,361
191,22,382
191,23,386
191,24,379
191,25,381
191,26,389
191,27,381
191,28,382
191,29,378
191,30,376
191,31,379
191,32,383
191,33,376
191,34,375
191,35,378
191,36,383
191,37,366
191,38,390
191,39,389
191,40,367
191,41,386
191,42,384
191,43,379
191,44,390
191,45,370
191,46,388
191,47,377
191,48,380
191,49,384
191,50,371
191,51,389
191,52,376
191,53,370
191,54,372
191,55,375
191,56,373
191,57,385
191,58,391
191,59,380
191,60,365
191,61,377
191,62,383
191,63,377
191,64,384
191,65,384
191,66,389
191,67,377
191,68,374
191,69,377
191,70,382
191,71,374
191,72,389
191,73,382
191,74,390
191,75,380
191,76,375
191,77,381
191,78,370
191,79,386
191,80,385
191,81,394
191,82,385
191,83,377
191,84,388
191,85,387
191,86,383
191,87,381
191,88,376
191,89,382
191,90,394
191,91,378
191,92,378
191,93,370
191,94,381
191,95,377
191,96,369
191,97,393
191,98,374
191,99,377
191,100,369
191,101,377
191,102,384
191,103,374
191,104,373
191,105,386
191,106,379
191,107,377
191,108,378
191,109,375
191,110,362
191,111,381
191,112,389
191,113,390
191,114,392
191,115,383
191,116,387
191,117,382
191,118,370
191,119,376
191,120,388
191,121,378
191,122,382
191,123,367
191,124,375
191,125,372
191,126,382
191,127,380
191,128,393
191,129,378
191,130,384
191,131,380
191,132,371
191,133,376
191,134,376
191,135,395
191,136,385
191,137,379
191,138,390
191,139,389
191,140,368
191,141,373
191,142,389
191,143,378
191,144,370
191,145,366
191,146,378
191,147,371
191,148,371
191,149,377
191,150,368
191,151,372
191,152,379
191,153,365
191,154,375
191,155,377
191,156,386
191,157,373
191,158,379
191,159,379
191,160,367
191,161,381
191,162,386
191,163,378
191,164,386
191,165,378
191,166,374
191,167,386
191,168,368
191,169,378
191,170,389
191,171,383
191,172,385
191,173,384
191,174,394
191,175,388
191,176,377
191,177,388
191,178,376
191,179,370
191,180,379
191,181,371
191,182,371
191,183,383
191,184,368
191,185,368
191,186,386
191,187,382
191,188,381
191,189,385
191,190,379
191,191,386
191,192,382
191,193,381
191,194,372
191,195,378
191,196,383
191,197,371
191,198,372
191,199,378
191,200,393
192,1,1
192,2,3
192,3,7
192,4,14
192,5,43
192,6,87
192,7,161
192,8,257
192,9,338
192,10,363
192,11,377
192,12,391
192,13,393
192,14,399
192,15,398
192,16,379
192,17,394
192,18,380
192,19,383
192,20,385
192,21,377
192,22,375
192,23,393
192,24,388
192,25,375
192,26,374
192,27,380
192,28,376
192,29,383
192,30,381
192,31,393
192,32,376
192,33,374
192,34,380
192,35,384
192,36,387
192,37,379
192,38,388
192,39,384
192,40,376
192,41,378
192,42,381
192,43,389
192,44,375
192,45,384
192,46,367
192,47,378
192,48,385
192,49,387
192,50,392
192,51,379
192,52,396
192,53,397
192,54,378
192,55,389
192,56,375
192,57,365
192,58,379
192,59,385
192,60,383
192,61,384
192,62,380
192,63,379
192,64,381
192,65,375
192,66,382
192,67,393
192,68,382
192,69,374
192,70,381
192,71,380
192,72,388
192,73,385
192,74,390
192,75,396
192,76,378
192,77,385
192,78,377
192,79,388
192,80,381
192,81,387
192,82,363
192,83,366
192,84,363
192,85,379
192,86,379
192,87,397
192,88,379
192,89,377
192,90,380
192,91,379
192,92,373
192,93,377
192,94,384
192,95,367
192,96,380
192,97,371
192,98,379
192,99,383
192,100,385
192,101,396
192,102,376
192,103,377
192,104,385
192,105,383
192,106,382
192,107,375
192,108,371
192,109,384
192,110,376
192,111,369
192,112,378
192,113,363
192,114,366
192,115,370
192,116,385
192,117,379
192,118,378
192,119,387
192,120,383
192,121,378
192,122,388
192,123,389
192,124,395
192,125,390
192,126,383
192,127,385
192,128,372
192,129,376
192,130,375
192,131,362
192,132,387
192,133,378
192,134,378
192,135,376
192,136,378
192,137,379
192,138,386
192,139,387
192,140,392
192,141,379
192,142,390
192,143,396
192,144,380
192,145,380
192,146,371
192,147,390
192,148,381
192,149,386
192,150,369
192,151,371
192,152,376
192,153,379
192,154,378
192,155,373
192,156,364
192,157,378
192,158,368
192,159,379
192,160,375
192,161,371
192,162,372
192,163,381
192,164,384
192,165,373
192,166,379
192,167,371
192,168,377
192,169,380
192,170,382
192,171,378
192,172,374
192,173,380
192,174,374
192,175,382
192,176,381
192,177,375
192,178,377
192,179,383
192,180,384
192,181,379
192,182,395
192,183,371
192,184,375
192,185,384
192,186,377
192,187,377
192,188,373
192,189,386
192,190,372
192,191,371
192,192,380
192,193,387
192,194,381
192,195,376
192,196,382
192,197,382
192,198,391
192,199,382
192,200,365
193,1,1
193,2,2
193,3,3
193,4,8
193,5,16
193,6,46
193,7,88
193,8,160
193,9,249
193,10,319
193,11,370
193,12,368
193,13,385
193,14,392
193,15,409
193,16,388
193,17,381
193,18,369
193,19,355
193,20,395
193,21,377
193,22,381
193,23,384
193,24,370
193,25,381
193,26,372
193,27,387
193,28,371
193,29,391
193,30,375
193,31,383
193,32,380
193,33,384
193,34,376
193,35,372
193,36,369
193,37,377
193,38,387
193,39,385
193,40,395
193,41,368
193,42,376
193,43,372
193,44,378
193,45,393
193,46,379
193,47,375
193,48,377
193,49,385
193,50,385
193,51,390
193,52,383
193,53,381
193,54,381
193,55,372
193,56,391
193,57,390
193,58,379
193,59,385
193,60,365
193,61,378
193,62,362
193,63,386
193,64,374
193,65,382
193,66,378
193,67,373
193,68,362
193,69,371
193,70,393
193,71,392
193,72,383
193,73,387
193,74,384
193,75,392
193,76,381
193,77,385
193,78,383
193,79,382
193,80,378
193,81,392
193,82,378
193,83,379
193,84,398
193,85,376
193,86,385
193,87,388
193,88,382
193,89,378
193,90,367
193,91,355
193,92,376
193,93,384
193,94,368
193,95,389
193,96,384
193,97,396
193,98,378
193,99,374
193,100,377
193,101,365
193,102,382
193,103,384
193,104,379
193,105,376
193,106,381
193,107,386
193,108,383
193,109,390
193,110,375
193,111,380
193,112,369
193,113,388
193,114,376
193,115,381
193,116,383
193,117,395
193,118,377
193,119,389
193,120,375
193,121,377
193,122,389
193,123,393
193,124,383
193,125,373
193,126,383
193,127,390
193,128,376
193,129,380
193,130,368
193,131,378
193,132,384
193,133,385
193,134,383
193,135,391
193,136,383
193,137,390
193,138,399
193,139,385
193,140,390
193,141,396
193,142,381
193,143,373
193,144,382
193,145,394
193,146,372
193,147,377
193,148,385
193,149,371
193,150,390
193,151,369
193,152,381
193,153,383
193,154,382
193,155,401
193,156,376
193,157,382
193,158,384
193,159,404
193,160,389
193,161,382
193,162,386
193,163,389
193,164,378
193,165,370
193,166,371
193,167,389
193,168,381
193,169,377
193,170,394
193,171,390
193,172,390
193,173,379
193,174,377
193,175,374
193,176,377
193,177,373
193,178,388
193,179,392
193,180,382
193,181,383
193,182,392
193,183,385
193,184,380
193,185,386
193,186,373
193,187,374
193,188,377
193,189,378
193,190,383
193,191,369
193,192,384
193,193,383
193,194,374
193,195,389
193,196,377
193,197,381
193,198,395
193,199,378
193,200,375
194,1,3
194,2,8
194,3,20
194,4,45
194,5,96
194,6,204
194,7,301
194,8,354
194,9,388
194,10,382
194,11,399
194,12,381
194,13,376
194,14,371
194,15,387
194,16,397
194,17,391
194,18,394
194,19,375
194,20,378
194,21,382
194,22,391
194,23,376
194,24,369
194,25,382
194,26,388
194,27,385
194,28,377
194,29,388
194,30,369
194,31,370
194,32,370
194,33,364
194,34,384
194,35,372
194,36,377
194,37,392
194,38,386
194,39,396
194,40,399
194,41,381
194,42,385
194,43,382
194,44,379
194,45,392
194,46,384
194,47,388
194,48,381
194,49,378
194,50,379
194,51,371
194,52,382
194,53,381
194,54,371
194,55,385
194,56,383
194,57,364
194,58,383
194,59,382
194,60,379
194,61,373
194,62,376
194,63,390
194,64,380
194,65,388
194,66,390
194,67,376
194,68,384
194,69,389
194,70,375
194,71,386
194,72,382
194,73,383
194,74,386
194,75,390
194,76,386
194,77,376
194,78,384
194,79,381
194,80,387
194,81,383
194,82,389
194,83,381
194,84,389
194,85,393
194,86,380
194,87,387
194,88,389
194,89,381
194,90,376
194,91,363
194,92,374
194,93,384
194,94,369
194,95,381
194,96,398
194,97,390
194,98,379
194,99,368
194,100,389
194,101,376
194,102,391
194,103,392
194,104,381
194,105,382
194,106,385
194,107,382
194,108,385
194,109,386
194,110,386
194,111,383
194,112,396
194,113,373
194,114,371
194,115,378
194,116,371
194,117,392
194,118,386
194,119,382
194,120,384
194,121,381
194,122,378
194,123,370
194,124,368
194,125,371
194,126,386
194,127,383
194,128,392
194,129,387
194,130,387
194,131,375
194,132,370
194,133,366
194,134,393
194,135,382
194,136,390
194,137,377
194,138,384
194,139,392
194,140,373
194,141,377
194,142,370
194,143,372
194,144,371
194,145,378
194,146,383
194,147,376
194,148,373
194,149,384
194,150,394
194,151,375
194,152,369
194,153,377
194,154,376
194,155,371
194,156,364
194,157,391
194,158,384
194,159,391
194,160,388
194,161,393
194,162,377
194,163,370
194,164,376
194,165,383
194,166,394
194,167,407
194,168,379
194,169,392
194,170,392
194,171,391
194,172,392
194,173,391
194,174,387
194,175,384
194,176,384
194,177,383
194,178,373
194,179,376
194,180,366
194,181,378
194,182,374
194,183,384
194,184,390
194,185,374
194,186,372
194,187,370
194,188,388
194,189,379
194,190,380
194,191,382
194,192,395
194,193,379
194,194,381
194,195,384
194,196,389
194,197,370
194,198,369
194,199,370
194,200,378
195,1,2
195,2,7
195,3,14
195,4,28
195,5,80
195,6,139
195,7,236
195,8,319
195,9,366
195,10,384
195,11,387
195,12,383
195,13,382
195,14,368
195,15,377
195,16,384
195,17,381
195,18,384
195,19,389
195,20,384
195,21,381
195,22,374
195,23,384
195,24,387
195,25,377
195,26,372
195,27,377
195,28,386
195,29,390
195,30,389
195,31,358
195,32,372
195,33,384
195,34,381
195,35,380
195,36,385
195,37,390
195,38,387
195,39,381
195,40,380
195,41,384
195,42,388
195,43,378
195,44,379
195,45,394
195,46,381
195,47,386
195,48,390
195,49,372
195,50,380
195,51,379
195,52,370
195,53,379
195,54,386
195,55,390
195,56,376
195,57,397
195,58,375
195,59,387
195,60,369
195,61,362
195,62,371
195,63,377
195,64,387
195,65,380
195,66,394
195,67,388
195,68,380
195,69,377
195,70,388
195,71,371
195,72,381
195,73,396
195,74,387
195,75,397
195,76,396
195,77,391
195,78,374
195,79,378
195,80,377
195,81,375
195,82,397
195,83,377
195,84,371
195,85,382
195,86,391
195,87,392
195,88,388
195,89,378
195,90,388
195,91,365
195,92,367
195,93,370
195,94,390
195,95,384
195,96,379
195,97,385
195,98,386
195,99,387
195,100,377
195,101,377
195,102,369
195,103,385
195,104,389
195,105,391
195,106,375
195,107,378
195,108,382
195,109,381
195,110,374
195,111,375
195,112,382
195,113,383
195,114,387
195,115,385
195,116,375
195,117,368
195,118,382
195,119,378
195,120,394
195,121,392
195,122,389
195,123,400
195,124,370
195,125,386
195,126,377
195,127,389
195,128,387
195,129,372
195,130,371
195,131,399
195,132,365
195,133,388
195,134,376
195,135,376
195,136,381
195,137,393
195,138,383
195,139,387
195,140,376
195,141,383
195,142,380
195,143,375
195,144,385
195,145,392
195,146,385
195,147,400
195,148,370
195,149,380
195,150,377
195,151,383
195,152,379
195,153,386
195,154,380
195,155,379
195,156,384
195,157,373
195,158,378
195,159,382
195,160,383
195,161,395
195,162,378
195,163,378
195,164,383
195,165,374
195,166,386
195,167,371
195,168,381
195,169,372
195,170,382
195,171,382
195,172,374
195,173,378
195,174,381
195,175,371
195,176,375
195,177,373
195,178,374
195,179,387
195,180,398
195,181,389
195,182,377
195,183,384
195,184,391
195,185,387
195,186,381
195,187,383
195,188,368
195,189,384
195,190,387
195,191,375
195,192,364
195,193,379
195,194,392
195,195,390
195,196,376
195,197,378
195,198,393
195,199,384
195,200,370
196,1,4
196,2,10
196,3,22
196,4,42
196,5,91
196,6,189
196,7,290
196,8,361
196,9,366
196,10,356
196,11,377
196,12,379
196,13,367
196,14,384
196,15,390
196,16,382
196,17,377
196,18,373
196,19,375
196,20,381
196,21,373
196,22,391
196,23,390
196,24,397
196,25,381
196,26,380
196,27,387
196,28,387
196,29,371
196,30,371
196,31,383
196,32,378
196,33,363
196,34,370
196,35,374
196,36,386
196,37,375
196,38,383
196,39,386
196,40,396
196,41,384
196,42,390
196,43,375
196,44,376
196,45,378
196,46,379
196,47,386
196,48,395
196,49,372
196,50,399
196,51,384
196,52,392
196,53,399
196,54,379
196,55,384
196,56,388
196,57,380
196,58,378
196,59,383
196,60,385
196,61,378
196,62,391
196,63,383
196,64,392
196,65,378
196,66,392
196,67,382
196,68,378
196,69,384
196,70,380
196,71,379
196,72,379
196,73,387
196,74,390
196,75,382
196,76,367
196,77,371
196,78,390
196,79,396
196,80,377
196,81,389
196,82,374
196,83,375
196,84,393
196,85,386
196,86,382
196,87,383
196,88,394
196,89,378
196,90,382
196,91,362
196,92,384
196,93,371
196,94,390
196,95,378
196,96,381
196,97,381
196,98,386
196,99,368
196,100,376
196,101,380
196,102,373
196,103,389
196,104,396
196,105,386
196,106,394
196,107,380
196,108,368
196,109,363
196,110,374
196,111,390
196,112,389
196,113,370
196,114,386
196,115,387
196,116,370
196,117,369
196,118,383
196,119,377
196,120,379
196,121,379
196,122,379
196,123,382
196,124,380
196,125,400
196,126,388
196,127,381
196,128,375
196,129,376
196,130,400
196,131,387
196,132,373
196,133,378
196,134,394
196,135,390
196,136,379
196,137,379
196,138,375
196,139,391
196,140,385
196,141,390
196,142,389
196,143,394
196,144,391
196,145,377
196,146,372
196,147,387
196,148,388
196,149,363
196,150,391
196,151,390
196,152,377
196,153,382
196,154,373
196,155,391
196,156,378
196,157,380
196,158,394
196,159,382
196,160,375
196,161,380
196,162,384
196,163,393
196,164,381
196,165,375
196,166,380
196,167,381
196,168,375
196,169,385
196,170,381
196,171,396
196,172,379
196,173,398
196,174,368
196,175,372
196,176,384
196,177,365
196,178,380
196,179,375
196,180,383
196,181,366
196,182,380
196,183,387
196,184,368
196,185,374
196,186,372
196,187,393
196,188,369
196,189,383
196,190,399
196,191,390
196,192,376
196,193,384
196,194,377
196,195,390
196,196,391
196,197,370
196,198,385
196,199,387
196,200,386
197,1,2
197,2,6
197,3,13
197,4,29
197,5,72
197,6,135
197,7,218
197,8,306
197,9,373
197,10,378
197,11,377
197,12,389
197,13,388
197,14,400
197,15,379
197,16,378
197,17,352
197,18,382
197,19,387
197,20,391
197,21,397
197,22,384
197,23,379
197,24,388
197,25,376
197,26,380
197,27,392
197,28,386
197,29,391
197,30,366
197,31,382
197,32,379
197,33,361
197,34,380
197,35,385
197,36,378
197,37,367
197,38,370
197,39,370
197,40,367
197,41,386
197,42,362
197,43,387
197,44,392
197,45,379
197,46,387
197,47,374
197,48,373
197,49,382
197,50,385
197,51,390
197,52,396
197,53,392
197,54,375
197,55,374
197,56,398
197,57,381
197,58,393
197,59,384
197,60,383
197,61,393
197,62,380
197,63,383
197,64,374
197,65,389
197,66,395
197,67,378
197,68,385
197,69,377
197,70,376
197,71,383
197,72,382
197,73,373
197,74,387
197,75,378
197,76,384
197,77,396
197,78,386
197,79,381
197,80,382
197,81,372
197,82,363
197,83,376
197,84,371
197,85,376
197,86,372
197,87,365
197,88,369
197,89,371
197,90,380
197,91,381
197,92,380
197,93,391
197,94,386
197,95,381
197,96,374
197,97,382
197,98,384
197,99,402
197,100,387
197,101,388
197,102,379
197,103,370
197,104,394
197,105,389
197,106,376
197,107,379
197,108,387
197,109,379
197,110,373
197,111,378
197,112,379
197,113,372
197,114,380
197,115,384
197,116,395
197,117,384
197,118,386
197,119,382
197,120,395
197,121,375
197,122,384
197,123,366
197,124,359
197,125,360
197,126,372
197,127,387
197,128,365
197,129,379
197,130,377
197,131,371
197,132,384
197,133,375
197,134,378
197,135,379
197,136,379
197,137,376
197,138,395
197,139,374
197,140,390
197,141,378
197,142,374
197,143,380
197,144,381
197,145,361
197,146,382
197,147,379
197,148,393
197,149,385
197,150,395
197,151,385
197,152,381
197,153,366
197,154,387
197,155,395
197,156,383
197,157,378
197,158,373
197,159,388
197,160,360
197,161,375
197,162,377
197,163,377
197,164,372
197,165,376
197,166,381
197,167,380
197,168,394
197,169,375
197,170,375
197,171,375
197,172,388
197,173,382
197,174,376
197,175,376
197,176,391
197,177,381
197,178,372
197,179,378
197,180,392
197,181,378
197,182,372
197,183,384
197,184,384
197,185,379
197,186,374
197,187,376
197,188,379
197,189,381
197,190,387
197,191,370
197,192,372
197,193,375
197,194,372
197,195,390
197,196,388
197,197,389
197,198,381
197,199,375
197,200,382
198,1,2
198,2,7
198,3,26
198,4,56
198,5,113
198,6,208
198,7,298
198,8,354
198,9,364
198,10,393
198,11,374
198,12,379
198,13,391
198,14,397
198,15,382
198,16,382
198,17,382
198,18,394
198,19,383
198,20,379
198,21,381
198,22,383
198,23,376
198,24,362
198,25,391
198,26,387
198,27,379
198,28,383
198,29,380
198,30,374
198,31,375
198,32,363
198,33,372
198,34,383
198,35,377
198,36,373
198,37,368
198,38,377
198,39,380
198,40,397
198,41,392
198,42,384
198,43,388
198,44,385
198,45,377
198,46,382
198,47,375
198,48,386
198,49,387
198,50,381
198,51,381
198,52,381
198,53,386
198,54,388
198,55,398
198,56,382
198,57,380
198,58,387
198,59,391
198,60,379
198,61,375
198,62,393
198,63,376
198,64,378
198,65,391
198,66,383
198,67,391
198,68,391
198,69,382
198,70,396
198,71,382
198,72,381
198,73,384
198,74,377
198,75,379
198,76,375
198,77,373
198,78,367
198,79,371
198,80,373
198,81,367
198,82,379
198,83,374
198,84,381
198,85,371
198,86,385
198,87,372
198,88,371
198,89,380
198,90,369
198,91,375
198,92,391
198,93,382
198,94,390
198,95,375
198,96,374
198,97,367
198,98,373
198,99,373
198,100,386
198,101,380
198,102,390
198,103,388
198,104,388
198,105,391
198,106,392
198,107,395
198,108,364
198,109,375
198,110,389
198,111,398
198,112,387
198,113,379
198,114,384
198,115,378
198,116,371
198,117,389
198,118,395
198,119,391
198,120,376
198,121,391
198,122,378
198,123,388
198,124,402
198,125,381
198,126,395
198,127,385
198,128,379
198,129,379
198,130,372
198,131,376
198,132,376
198,133,378
198,134,388
198,135,379
198,136,376
198,137,384
198,138,374
198,139,386
198,140,373
198,141,388
198,142,361
198,143,378
198,144,395
198,145,379
198,146,360
198,147,375
198,148,385
198,149,381
198,150,398
198,151,381
198,152,389
198,153,387
198,154,383
198,155,375
198,156,383
198,157,380
198,158,386
198,159,381
198,160,377
198,161,382
198,162,395
198,163,374
198,164,382
198,165,386
198,166,376
198,167,379
198,168,381
198,169,376
198,170,374
198,171,372
198,172,395
198,173,385
198,174,382
198,175,370
198,176,384
198,177,401
198,178,375
198,179,395
198,180,398
198,181,380
198,182,381
198,183,377
198,184,389
198,185,387
198,186,377
198,187,373
198,188,378
198,189,390
198,190,390
198,191,377
198,192,382
198,193,374
198,194,373
198,195,369
198,196,386
198,197,383
198,198,391
198,199,373
198,200,377
199,1,3
199,2,5
199,3,18
199,4,32
199,5,77
199,6,151
199,7,245
199,8,340
199,9,376
199,10,384
199,11,371
199,12,374
199,13,382
199,14,387
199,15,386
199,16,382
199,17,390
199,18,391
199,19,381
199,20,374
199,21,380
199,22,393
199,23,375
199,24,381
199,25,376
199,26,380
199,27,398
199,28,376
199,29,388
199,30,388
199,31,381
199,32,397
199,33,365
199,34,371
199,35,372
199,36,375
199,37,391
199,38,376
199,39,396
199,40,371
199,41,386
199,42,378
199,43,388
199,44,380
199,45,374
199,46,389
199,47,376
199,48,378
199,49,386
199,50,389
199,51,381
199,52,395
199,53,378
199,54,378
199,55,371
199,56,378
199,57,363
199,58,379
199,59,381
199,60,372
199,61,383
199,62,373
199,63,375
199,64,366
199,65,364
199,66,375
199,67,387
199,68,365
199,69,375
199,70,377
199,71,369
199,72,379
199,73,385
199,74,390
199,75,396
199,76,374
199,77,380
199,78,387
199,79,389
199,80,362
199,81,381
199,82,386
199,83,376
199,84,382
199,85,383
199,86,378
199,87,380
199,88,390
199,89,368
199,90,379
199,91,374
199,92,376
199,93,380
199,94,375
199,95,376
199,96,384
199,97,390
199,98,390
199,99,390
199,100,394
199,101,380
199,102,395
199,103,394
199,104,384
199,105,392
199,106,371
199,107,374
199,108,382
199,109,388
199,110,386
199,111,378
199,112,363
199,113,363
199,114,378
199,115,370
199,116,370
199,117,383
199,118,365
199,119,378
199,120,393
199,121,383
199,122,386
199,123,378
199,124,379
199,125,382
199,126,381
199,127,377
199,128,365
199,129,377
199,130,373
199,131,373
199,132,382
199,133,390
199,134,370
199,135,382
199,136,391
199,137,384
199,138,395
199,139,381
199,140,368
199,141,389
199,142,381
199,143,364
199,144,392
199,145,382
199,146,377
199,147,376
199,148,390
199,149,368
199,150,377
199,151,371
199,152,383
199,153,379
199,154,383
199,155,406
199,156,387
199,157,380
199,158,377
199,159,382
199,160,377
199,161,390
199,162,392
199,163,387
199,164,384
199,165,380
199,166,377
199,167,378
199,168,379
199,169,378
199,170,372
199,171,378
199,172,385
199,173,362
199,174,369
199,175,398
199,176,376
199,177,384
199,178,380
199,179,397
199,180,392
199,181,393
199,182,384
199,183,385
199,184,385
199,185,372
199,186,399
199,187,389
199,188,388
199,189,391
199,190,380
199,191,384
199,192,376
199,193,357
199,194,383
199,195,372
199,196,375
199,197,373
199,198,400
199,199,371
199,200,376
200,1,0
200,2,0
200,3,0
200,4,0
200,5,0
200,6,0
200,7,0
200,8,0
200,9,0
200,10,0
200,11,0
200,12,0
200,13,0
200,14,0
200,15,0
200,16,0
200,17,0
200,18,0
200,19,0
200,20,0
200,21,0
200,22,0
200,23,0
200,24,0
200,25,0
200,26,0
200,27,0
200,28,0
200,29,0
200,30,0
200,31,0
200,32,0
200,33,0
200,34,0
200,35,0
200,36,0
200,37,0
200,38,0
200,39,0
200,40,0
200,41,0
200,42,0
200,43,0
200,44,0
200,45,0
200,46,0
200,47,0
200,48,0
200,49,0
200,50,0
200,51,0
200,52,0
200,53,0
200,54,0
200,55,0
200,56,0
200,57,0
200,58,0
200,59,0
200,60,0
200,61,0
200,62,0
200,63,0
200,64,0
200,65,0
200,66,0
200,67,0
200,68,0
200,69,0
200,70,0
200,71,0
200,72,0
200,73,0
200,74,0
200,75,0
200,76,0
200,77,0
200,78,0
200,79,0
200,80,0
200,81,0
200,82,0
200,83,0
200,84,0
200,85,0
200,86,0
200,87,0
200,88,0
200,89,0
200,90,0
200,91,0
200,92,0
200,93,0
200,94,0
200,95,0
200,96,0
200,97,0
200,98,0
200,99,0
200,100,0
200,101,0
200,102,0
200,103,0
200,104,0
200,105,0
200,106,0
200,107,0
200,108,0
200,109,0
200,110,0
200,111,0
200,112,0
200,113,0
200,114,0
200,115,0
200,116,0
200,117,0
200,118,0
200,119,0
200,120,0
200,121,0
200,122,0
200,123,0
200,124,0
200,125,0
200,126,0
200,127,0
200,128,0
200,129,0
200,130,0
200,131,0
200,132,0
200,133,0
200,134,0
200,135,0
200,136,0
200,137,0
200,138,0
200,139,0
200,140,0
200,141,0
200,142,0
200,143,0
200,144,0
200,145,0
200,146,0
200,147,0
200,148,0
200,149,0
200,150,0
200,151,0
200,152,0
200,153,0
200,154,0
200,155,0
200,156,0
200,157,0
200,158,0
200,159,0
200,160,0
200,161,0
200,162,0
200,163,0
200,164,0
200,165,0
200,166,0
200,167,0
200,168,0
200,169,0
200,170,0
200,171,0
200,172,0
200,173,0
200,174,0
200,175,0
200,176,0
200,177,0
200,178,0
200,179,0
200,180,0
200,181,0
200,182,0
200,183,0
200,184,0
200,185,0
200,186,0
200,187,0
200,188,0
200,189,0
200,190,0
200,191,0
200,192,0
200,193,0
200,194,0
200,195,0
200,196,0
200,197,0
200,198,0
200,199,0
200,200,0
201,1,2
201,2,6
201,3,11
201,4,19
201,5,46
201,6,87
201,7,170
201,8,278
201,9,339
201,10,365
201,11,389
201,12,391
201,13,370
201,14,362
201,15,394
201,16,379
201,17,365
201,18,381
201,19,366
201,20,378
201,21,380
201,22,375
201,23,403
201,24,386
201,25,379
201,26,386
201,27,381
201,28,395
201,29,397
201,30,364
201,31,380
201,32,377
201,33,389
201,34,391
201,35,391
201,36,383
201,37,386
201,38,379
201,39,380
201,40,384
201,41,378
201,42,374
201,43,374
201,44,364
201,45,374
201,46,377
201,47,374
201,48,380
201,49,384
201,50,379
201,51,379
201,52,384
201,53,394
201,54,389
201,55,384
201,56,374
201,57,363
201,58,402
201,59,394
201,60,392
201,61,393
201,62,391
201,63,388
201,64,376
201,65,389
201,66,391
201,67,393
201,68,395
201,69,381
201,70,382
201,71,385
201,72,399
201,73,391
201,74,386
201,75,400
201,76,384
201,77,387
201,78,399
201,79,391
201,80,368
201,81,373
201,82,376
201,83,389
201,84,399
201,85,396
201,86,392
201,87,381
201,88,382
201,89,391
201,90,376
201,91,378
201,92,393
201,93,379
201,94,384
201,95,369
201,96,372
201,97,382
201,98,376
201,99,386
201,100,402
201,101,390
201,102,372
201,103,374
201,104,383
201,105,395
201,106,388
201,107,382
201,108,382
201,109,395
201,110,381
201,111,371
201,112,379
201,113,371
201,114,373
201,115,368
201,116,363
201,117,384
201,118,388
201,119,377
201,120,366
201,121,369
201,122,368
201,123,391
201,124,390
201,125,382
201,126,377
201,127,374
201,128,379
201,129,382
201,130,372
201,131,383
201,132,368
201,133,367
201,134,384
201,135,394
201,136,385
201,137,396
201,138,380
201,139,381
201,140,395
201,141,394
201,142,396
201,143,387
201,144,388
201,145,389
201,146,375
201,147,379
201,148,380
201,149,378
201,150,381
201,151,375
201,152,369
201,153,380
201,154,379
201,155,384
201,156,389
201,157,388
201,158,371
201,159,395
201,160,381
201,161,368
201,162,381
201,163,388
201,164,385
201,165,388
201,166,377
201,167,383
201,168,368
201,169,393
201,170,384
201,171,394
201,172,389
201,173,397
201,174,378
201,175,389
201,176,393
201,177,377
201,178,368
201,179,373
201,180,393
201,181,389
201,182,395
201,183,380
201,184,372
201,185,374
201,186,385
201,187,376
201,188,384
201,189,385
201,190,390
201,191,363
201,192,370
201,193,372
201,194,389
201,195,389
201,196,391
201,197,379
201,198,382
201,199,379
201,200,388
202,1,1
202,2,1
202,3,2
202,4,3
202,5,7
202,6,19
202,7,40
202,8,94
202,9,172
202,10,264
202,11,333
202,12,355
202,13,377
202,14,364
202,15,375
202,16,381
202,17,390
202,18,384
202,19,388
202,20,372
202,21,390
202,22,386
202,23,381
202,24,380
202,25,373
202,26,359
202,27,375
202,28,364
202,29,376
202,30,353
202,31,381
202,32,390
202,33,388
202,34,382
202,35,371
202,36,386
202,37,388
202,38,384
202,39,387
202,40,386
202,41,371
202,42,385
202,43,380
202,44,387
202,45,382
202,46,379
202,47,393
202,48,380
202,49,374
202,50,397
202,51,375
202,52,385
202,53,388
202,54,383
202,55,373
202,56,378
202,57,378
202,58,388
202,59,384
202,60,378
202,61,377
202,62,390
202,63,392
202,64,392
202,65,381
202,66,382
202,67,373
202,68,378
202,69,372
202,70,382
202,71,380
202,72,379
202,73,382
202,74,397
202,75,380
202,76,375
202,77,357
202,78,366
202,79,382
202,80,376
202,81,371
202,82,372
202,83,369
202,84,379
202,85,379
202,86,371
202,87,366
202,88,379
202,89,398
202,90,398
202,91,383
202,92,389
202,93,380
202,94,383
202,95,366
202,96,380
202,97,384
202,98,385
202,99,375
202,100,380
202,101,378
202,102,387
202,103,385
202,104,394
202,105,385
202,106,397
202,107,374
202,108,386
202,109,382
202,110,377
202,111,377
202,112,384
202,113,390
202,114,377
202,115,389
202,116,393
202,117,387
202,118,373
202,119,369
202,120,364
202,121,390
202,122,384
202,123,386
202,124,373
202,125,383
202,126,367
202,127,381
202,128,393
202,129,387
202,130,372
202,131,378
202,132,379
202,133,387
202,134,375
202,135,385
202,136,399
202,137,370
202,138,374
202,139,375
202,140,369
202,141,387
202,142,380
202,143,379
202,144,381
202,145,378
202,146,371
202,147,381
202,148,379
202,149,388
202,150,377
202,151,383
202,152,378
202,153,371
202,154,383
202,155,383
202,156,383
202,157,367
202,158,386
202,159,376
202,160,366
202,161,375
202,162,369
202,163,370
202,164,370
202,165,376
202,166,388
202,167,394
202,168,383
202,169,383
202,170,388
202,171,369
202,172,370
202,173,358
202,174,381
202,175,390
202,176,385
202,177,373
202,178,388
202,179,375
202,180,381
202,181,390
202,182,385
202,183,378
202,184,358
202,185,373
202,186,382
202,187,374
202,188,378
202,189,375
202,190,384
202,191,379
202,192,370
202,193,383
202,194,371
202,195,375
202,196,381
202,197,389
202,198,376
202,199,381
202,200,380
203,1,1
203,2,2
203,3,2
203,4,5
203,5,13
203,6,37
203,7,97
203,8,180
203,9,276
203,10,342
203,11,380
203,12,384
203,13,388
203,14,387
203,15,394
203,16,389
203,17,399
203,18,378
203,19,365
203,20,361
203,21,380
203,22,374
203,23,375
203,24,371
203,25,393
203,26,389
203,27,379
203,28,391
203,29,390
203,30,378
203,31,395
203,32,382
203,33,383
203,34,371
203,35,388
203,36,389
203,37,378
203,38,363
203,39,364
203,40,380
203,41,381
203,42,368
203,43,370
203,44,386
203,45,381
203,46,382
203,47,377
203,48,388
203,49,387
203,50,376
203,51,393
203,52,377
203,53,375
203,54,380
203,55,381
203,56,398
203,57,396
203,58,401
203,59,368
203,60,360
203,61,381
203,62,387
203,63,384
203,64,394
203,65,379
203,66,380
203,67,375
203,68,374
203,69,378
203,70,377
203,71,371
203,72,379
203,73,367
203,74,380
203,75,381
203,76,390
203,77,378
203,78,391
203,79,387
203,80,380
203,81,376
203,82,376
203,83,372
203,84,397
203,85,382
203,86,375
203,87,366
203,88,379
203,89,388
203,90,372
203,91,360
203,92,380
203,93,381
203,94,379
203,95,387
203,96,375
203,97,384
203,98,381
203,99,386
203,100,373
203,101,386
203,102,373
203,103,368
203,104,381
203,105,373
203,106,377
203,107,365
203,108,379
203,109,378
203,110,375
203,111,378
203,112,388
203,113,372
203,114,379
203,115,386
203,116,376
203,117,392
203,118,390
203,119,379
203,120,365
203,121,379
203,122,383
203,123,375
203,124,382
203,125,361
203,126,364
203,127,368
203,128,374
203,129,371
203,130,378
203,131,387
203,132,369
203,133,386
203,134,391
203,135,379
203,136,379
203,137,373
203,138,354
203,139,360
203,140,370
203,141,374
203,142,389
203,143,392
203,144,391
203,145,386
203,146,383
203,147,371
203,148,373
203,149,368
203,150,379
203,151,383
203,152,375
203,153,360
203,154,388
203,155,374
203,156,381
203,157,361
203,158,374
203,159,359
203,160,387
203,161,377
203,162,375
203,163,371
203,164,403
203,165,382
203,166,387
203,167,376
203,168,387
203,169,374
203,170,380
203,171,389
203,172,375
203,173,396
203,174,387
203,175,380
203,176,383
203,177,381
203,178,400
203,179,382
203,180,366
203,181,375
203,182,379
203,183,359
203,184,370
203,185,382
203,186,377
203,187,387
203,188,384
203,189,376
203,190,366
203,191,364
203,192,383
203,193,376
203,194,374
203,195,384
203,196,392
203,197,393
203,198,381
203,199,398
203,200,376
204,1,3
204,2,8
204,3,21
204,4,41
204,5,83
204,6,150
204,7,247
204,8,312
204,9,344
204,10,378
204,11,374
204,12,384
204,13,387
204,14,378
204,15,374
204,16,396
204,17,385
204,18,374
204,19,398
204,20,387
204,21,383
204,22,359
204,23,377
204,24,361
204,25,370
204,26,382
204,27,383
204,28,375
204,29,375
204,30,388
204,31,377
204,32,375
204,33,396
204,34,385
204,35,393
204,36,394
204,37,370
204,38,381
204,39,391
204,40,392
204,41,381
204,42,371
204,43,382
204,44,386
204,45,371
204,46,381
204,47,383
204,48,373
204,49,375
204,50,386
204,51,392
204,52,367
204,53,375
204,54,390
204,55,398
204,56,379
204,57,374
204,58,385
204,59,376
204,60,381
204,61,383
204,62,379
204,63,379
204,64,388
204,65,383
204,66,389
204,67,380
204,68,388
204,69,389
204,70,368
204,71,381
204,72,386
204,73,373
204,74,370
204,75,384
204,76,365
204,77,377
204,78,366
204,79,378
204,80,375
204,81,373
204,82,384
204,83,365
204,84,383
204,85,374
204,86,378
204,87,379
204,88,390
204,89,380
204,90,393
204,91,393
204,92,384
204,93,388
204,94,375
204,95,368
204,96,368
204,97,377
204,98,392
204,99,393
204,100,384
204,101,380
204,102,362
204,103,371
204,104,379
204,105,375
204,106,381
204,107,371
204,108,361
204,109,384
204,110,366
204,111,368
204,112,382
204,113,369
204,114,388
204,115,382
204,116,377
204,117,379
204,118,384
204,119,381
204,120,385
204,121,382
204,122,394
204,123,376
204,124,383
204,125,381
204,126,380
204,127,384
204,128,381
204,129,383
204,130,383
204,131,392
204,132,398
204,133,387
204,134,391
204,135,381
204,136,384
204,137,377
204,138,378
204,139,380
204,140,374
204,141,393
204,142,382
204,143,387
204,144,387
204,145,377
204,146,370
204,147,371
204,148,369
204,149,369
204,150,385
204,151,393
204,152,386
204,153,383
204,154,380
204,155,388
204,156,387
204,157,376
204,158,385
204,159,381
204,160,399
204,161,394
204,162,394
204,163,385
204,164,393
204,165,403
204,166,378
204,167,378
204,168,378
204,169,371
204,170,369
204,171,386
204,172,378
204,173,390
204,174,388
204,175,383
204,176,382
204,177,362
204,178,387
204,179,373
204,180,382
204,181,385
204,182,375
204,183,355
204,184,359
204,185,388
204,186,385
204,187,387
204,188,391
204,189,366
204,190,374
204,191,381
204,192,385
204,193,375
204,194,387
204,195,378
204,196,372
204,197,374
204,198,373
204,199,374
204,200,379
205,1,2
205,2,4
205,3,12
205,4,24
205,5,53
205,6,116
205,7,205
205,8,298
205,9,362
205,10,378
205,11,375
205,12,382
205,13,376
205,14,385
205,15,392
205,16,381
205,17,377
205,18,387
205,19,379
205,20,375
205,21,385
205,22,393
205,23,386
205,24,371
205,25,387
205,26,384
205,27,383
205,28,395
205,29,400
205,30,387
205,31,382
205,32,390
205,33,373
205,34,392
205,35,389
205,36,394
205,37,367
205,38,392
205,39,382
205,40,386
205,41,392
205,42,380
205,43,383
205,44,390
205,45,373
205,46,378
205,47,376
205,48,374
205,49,357
205,50,380
205,51,387
205,52,397
205,53,376
205,54,382
205,55,386
205,56,390
205,57,383
205,58,387
205,59,385
205,60,386
205,61,388
205,62,390
205,63,392
205,64,386
205,65,378
205,66,374
205,67,374
205,68,389
205,69,388
205,70,390
205,71,389
205,72,382
205,73,389
205,74,383
205,75,369
205,76,374
205,77,380
205,78,367
205,79,371
205,80,377
205,81,371
205,82,370
205,83,381
205,84,388
205,85,375
205,86,384
205,87,389
205,88,393
205,89,382
205,90,368
205,91,372
205,92,381
205,93,381
205,94,387
205,95,367
205,96,373
205,97,378
205,98,383
205,99,375
205,100,383
205,101,370
205,102,375
205,103,380
205,104,387
205,105,382
205,106,389
205,107,384
205,108,392
205,109,379
205,110,395
205,111,374
205,112,367
205,113,373
205,114,383
205,115,369
205,116,368
205,117,386
205,118,375
205,119,376
205,120,377
205,121,390
205,122,379
205,123,397
205,124,382
205,125,371
205,126,372
205,127,376
205,128,384
205,129,383
205,130,372
205,131,361
205,132,365
205,133,371
205,134,383
205,135,385
205,136,390
205,137,373
205,138,374
205,139,363
205,140,380
205,141,384
205,142,380
205,143,376
205,144,378
205,145,385
205,146,387
205,147,379
205,148,377
205,149,375
205,150,370
205,151,376
205,152,378
205,153,395
205,154,386
205,155,386
205,156,370
205,157,366
205,158,365
205,159,368
205,160,377
205,161,370
205,162,360
205,163,389
205,164,394
205,165,384
205,166,391
205,167,389
205,168,379
205,169,390
205,170,383
205,171,385
205,172,368
205,173,380
205,174,378
205,175,380
205,176,386
205,177,365
205,178,373
205,179,382
205,180,383
205,181,370
205,182,386
205,183,385
205,184,394
205,185,382
205,186,379
205,187,388
205,188,381
205,189,374
205,190,386
205,191,379
205,192,370
205,193,383
205,194,395
205,195,369
205,196,388
205,197,386
205,198,386
205,199,388
205,200,371
206,1,2
206,2,4
206,3,9
206,4,25
206,5,50
206,6,104
206,7,217
206,8,308
206,9,353
206,10,373
206,11,367
206,12,371
206,13,376
206,14,368
206,15,369
206,16,395
206,17,392
206,18,387
206,19,386
206,20,397
206,21,391
206,22,379
206,23,378
206,24,375
206,25,381
206,26,384
206,27,382
206,28,377
206,29,377
206,30,383
206,31,377
206,32,380
206,33,362
206,34,374
206,35,372
206,36,388
206,37,374
206,38,397
206,39,378
206,40,381
206,41,388
206,42,380
206,43,384
206,44,372
206,45,387
206,46,383
206,47,385
206,48,377
206,49,378
206,50,379
206,51,390
206,52,369
206,53,389
206,54,384
206,55,378
206,56,380
206,57,374
206,58,376
206,59,389
206,60,376
206,61,400
206,62,393
206,63,382
206,64,379
206,65,378
206,66,371
206,67,378
206,68,382
206,69,359
206,70,364
206,71,380
206,72,372
206,73,371
206,74,386
206,75,390
206,76,388
206,77,391
206,78,388
206,79,366
206,80,375
206,81,377
206,82,384
206,83,397
206,84,400
206,85,372
206,86,391
206,87,382
206,88,382
206,89,388
206,90,379
206,91,371
206,92,378
206,93,359
206,94,377
206,95,372
206,96,386
206,97,395
206,98,389
206,99,376
206,100,389
206,101,377
206,102,384
206,103,386
206,104,397
206,105,373
206,106,379
206,107,390
206,108,386
206,109,382
206,110,388
206,111,371
206,112,373
206,113,376
206,114,376
206,115,389
206,116,393
206,117,378
206,118,382
206,119,398
206,120,373
206,121,375
206,122,375
206,123,387
206,124,383
206,125,391
206,126,377
206,127,369
206,128,373
206,129,386
206,130,379
206,131,379
206,132,388
206,133,364
206,134,364
206,135,377
206,136,380
206,137,400
206,138,373
206,139,378
206,140,383
206,141,375
206,142,399
206,143,389
206,144,381
206,145,376
206,146,382
206,147,381
206,148,380
206,149,397
206,150,396
206,151,385
206,152,382
206,153,382
206,154,380
206,155,392
206,156,376
206,157,378
206,158,375
206,159,379
206,160,371
206,161,377
206,162,377
206,163,376
206,164,377
206,165,389
206,166,390
206,167,380
206,168,378
206,169,379
206,170,371
206,171,368
206,172,392
206,173,379
206,174,365
206,175,366
206,176,386
206,177,368
206,178,370
206,179,382
206,180,381
206,181,386
206,182,372
206,183,369
206,184,384
206,185,391
206,186,382
206,187,386
206,188,390
206,189,401
206,190,376
206,191,385
206,192,387
206,193,371
206,194,370
206,195,384
206,196,376
206,197,386
206,198,380
206,199,385
206,200,396
207,1,4
207,2,7
207,3,18
207,4,47
207,5,101
207,6,178
207,7,268
207,8,339
207,9,372
207,10,368
207,11,385
207,12,398
207,13,375
207,14,387
207,15,380
207,16,364
207,17,367
207,18,369
207,19,381
207,20,388
207,21,367
207,22,386
207,23,381
207,24,371
207,25,365
207,26,374
207,27,363
207,28,376
207,29,370
207,30,381
207,31,382
207,32,379
207,33,381
207,34,372
207,35,380
207,36,382
207,37,388
207,38,383
207,39,382
207,40,366
207,41,388
207,42,375
207,43,378
207,44,375
207,45,390
207,46,380
207,47,383
207,48,379
207,49,383
207,50,387
207,51,388
207,52,370
207,53,386
207,54,379
207,55,389
207,56,370
207,57,382
207,58,381
207,59,370
207,60,392
207,61,384
207,62,376
207,63,388
207,64,386
207,65,369
207,66,378
207,67,366
207,68,378
207,69,373
207,70,377
207,71,374
207,72,388
207,73,389
207,74,379
207,75,388
207,76,382
207,77,383
207,78,390
207,79,385
207,80,387
207,81,366
207,82,391
207,83,386
207,84,381
207,85,386
207,86,362
207,87,378
207,88,385
207,89,384
207,90,379
207,91,383
207,92,372
207,93,378
207,94,380
207,95,378
207,96,373
207,97,380
207,98,375
207,99,386
207,100,380
207,101,384
207,102,372
207,103,368
207,104,361
207,105,386
207,106,375
207,107,370
207,108,389
207,109,381
207,110,405
207,111,384
207,112,382
207,113,376
207,114,383
207,115,376
207,116,375
207,117,393
207,118,381
207,119,379
207,120,379
207,121,382
207,122,380
207,123,386
207,124,383
207,125,393
207,126,393
207,127,382
207,128,395
207,129,370
207,130,383
207,131,385
207,132,371
207,133,384
207,134,387
207,135,373
207,136,386
207,137,399
207,138,376
207,139,385
207,140,385
207,141,391
207,142,390
207,143,381
207,144,377
207,145,402
207,146,379
207,147,383
207,148,380
207,149,371
207,150,372
207,151,374
207,152,385
207,153,378
207,154,395
207,155,385
207,156,374
207,157,369
207,158,378
207,159,387
207,160,384
207,161,375
207,162,382
207,163,382
207,164,382
207,165,402
207,166,379
207,167,382
207,168,367
207,169,367
207,170,378
207,171,362
207,172,353
207,173,360
207,174,373
207,175,369
207,176,368
207,177,375
207,178,389
207,179,376
207,180,398
207,181,393
207,182,380
207,183,379
207,184,388
207,185,373
207,186,391
207,187,386
207,188,373
207,189,386
207,190,383
207,191,381
207,192,390
207,193,379
207,194,386
207,195,387
207,196,392
207,197,387
207,198,374
207,199,377
207,200,391
208,1,6
208,2,8
208,3,17
208,4,42
208,5,92
208,6,191
208,7,300
208,8,356
208,9,378
208,10,382
208,11,355
208,12,358
208,13,367
208,14,386
208,15,384
208,16,382
208,17,391
208,18,383
208,19,377
208,20,385
208,21,381
208,22,383
208,23,380
208,24,385
208,25,375
208,26,373
208,27,397
208,28,391
208,29,387
208,30,364
208,31,368
208,32,389
208,33,391
208,34,379
208,35,369
208,36,387
208,37,383
208,38,385
208,39,404
208,40,378
208,41,388
208,42,396
208,43,385
208,44,391
208,45,379
208,46,382
208,47,377
208,48,376
208,49,383
208,50,385
208,51,374
208,52,397
208,53,378
208,54,376
208,55,380
208,56,377
208,57,379
208,58,374
208,59,369
208,60,375
208,61,380
208,62,375
208,63,369
208,64,389
208,65,383
208,66,384
208,67,401
208,68,380
208,69,368
208,70,391
208,71,377
208,72,366
208,73,380
208,74,367
208,75,381
208,76,386
208,77,384
208,78,382
208,79,373
208,80,388
208,81,368
208,82,380
208,83,378
208,84,397
208,85,387
208,86,395
208,87,367
208,88,380
208,89,395
208,90,388
208,91,370
208,92,366
208,93,380
208,94,377
208,95,384
208,96,375
208,97,369
208,98,371
208,99,390
208,100,390
208,101,376
208,102,367
208,103,379
208,104,377
208,105,387
208,106,394
208,107,376
208,108,382
208,109,370
208,110,377
208,111,386
208,112,383
208,113,379
208,114,374
208,115,380
208,116,391
208,117,377
208,118,385
208,119,382
208,120,386
208,121,389
208,122,376
208,123,388
208,124,389
208,125,392
208,126,383
208,127,390
208,128,394
208,129,394
208,130,381
208,131,389
208,132,386
208,133,383
208,134,377
208,135,366
208,136,372
208,137,369
208,138,389
208,139,387
208,140,398
208,141,376
208,142,373
208,143,383
208,144,392
208,145,383
208,146,383
208,147,386
208,148,373
208,149,381
208,150,394
208,151,384
208,152,386
208,153,371
208,154,377
208,155,395
208,156,384
208,157,384
208,158,368
208,159,382
208,160,368
208,161,385
208,162,377
208,163,380
208,164,353
208,165,367
208,166,377
208,167,373
208,168,391
208,169,380
208,170,375
208,171,367
208,172,381
208,173,384
208,174,386
208,175,375
208,176,369
208,177,387
208,178,388
208,179,394
208,180,377
208,181,393
208,182,388
208,183,382
208,184,375
208,185,377
208,186,383
208,187,369
208,188,393
208,189,396
208,190,392
208,191,380
208,192,381
208,193,385
208,194,367
208,195,366
208,196,377
208,197,386
208,198,372
208,199,376
208,200,387
209,1,3
209,2,11
209,3,26
209,4,56
209,5,118
209,6,212
209,7,300
209,8,340
209,9,356
209,10,384
209,11,382
209,12,394
209,13,368
209,14,365
209,15,382
209,16,374
209,17,373
209,18,386
209,19,382
209,20,384
209,21,385
209,22,383
209,23,370
209,24,379
209,25,375
209,26,376
209,27,384
209,28,380
209,29,387
209,30,386
209,31,377
209,32,376
209,33,376
209,34,391
209,35,382
209,36,397
209,37,369
209,38,390
209,39,387
209,40,377
209,41,384
209,42,379
209,43,389
209,44,380
209,45,371
209,46,375
209,47,375
209,48,384
209,49,372
209,50,377
209,51,378
209,52,373
209,53,379
209,54,380
209,55,376
209,56,369
209,57,369
209,58,380
209,59,379
209,60,361
209,61,359
209,62,374
209,63,376
209,64,386
209,65,373
209,66,371
209,67,378
209,68,397
209,69,384
209,70,392
209,71,388
209,72,397
209,73,382
209,74,384
209,75,371
209,76,375
209,77,373
209,78,391
209,79,380
209,80,397
209,81,378
209,82,381
209,83,379
209,84,382
209,85,367
209,86,384
209,87,380
209,88,395
209,89,374
209,90,378
209,91,373
209,92,391
209,93,381
209,94,391
209,95,384
209,96,387
209,97,389
209,98,386
209,99,392
209,100,363
209,101,382
209,102,399
209,103,393
209,104,388
209,105,375
209,106,370
209,107,388
209,108,379
209,109,393
209,110,382
209,111,379
209,112,388
209,113,393
209,114,388
209,115,385
209,116,396
209,117,377
209,118,364
209,119,396
209,120,371
209,121,390
209,122,385
209,123,395
209,124,378
209,125,376
209,126,380
209,127,366
209,128,375
209,129,385
209,130,392
209,131,381
209,132,387
209,133,380
209,134,379
209,135,370
209,136,383
209,137,383
209,138,385
209,139,380
209,140,394
209,141,390
209,142,407
209,143,384
209,144,381
209,145,385
209,146,380
209,147,385
209,148,381
209,149,375
209,150,368
209,151,380
209,152,375
209,153,395
209,154,387
209,155,385
209,156,383
209,157,373
209,158,383
209,159,371
209,160,375
209,161,397
209,162,383
209,163,377
209,164,375
209,165,372
209,166,395
209,167,382
209,168,384
209,169,381
209,170,391
209,171,374
209,172,388
209,173,388
209,174,382
209,175,358
209,176,374
209,177,380
209,178,393
209,179,362
209,180,368
209,181,396
209,182,389
209,183,379
209,184,380
209,185,379
209,186,374
209,187,385
209,188,386
209,189,397
209,190,381
209,191,366
209,192,371
209,193,379
209,194,391
209,195,397
209,196,391
209,197,380
209,198,381
209,199,371
209,200,378
210,1,1
210,2,3
210,3,7
210,4,13
210,5,33
210,6,79
210,7,161
210,8,260
210,9,339
210,10,349
210,11,378
210,12,389
210,13,380
210,14,383
210,15,383
210,16,391
210,17,387
210,18,372
210,19,374
210,20,359
210,21,373
210,22,362
210,23,397
210,24,370
210,25,379
210,26,384
210,27,389
210,28,384
210,29,385
210,30,380
210,31,390
210,32,397
210,33,375
210,34,384
210,35,379
210,36,379
210,37,372
210,38,365
210,39,389
210,40,379
210,41,361
210,42,368
210,43,380
210,44,374
210,45,399
210,46,391
210,47,380
210,48,383
210,49,375
210,50,369
210,51,379
210,52,381
210,53,377
210,54,386
210,55,381
210,56,385
210,57,371
210,58,377
210,59,372
210,60,386
210,61,376
210,62,375
210,63,391
210,64,386
210,65,380
210,66,385
210,67,373
210,68,383
210,69,374
210,70,363
210,71,385
210,72,378
210,73,379
210,74,385
210,75,376
210,76,389
210,77,386
210,78,389
210,79,389
210,80,383
210,81,375
210,82,376
210,83,376
210,84,381
210,85,374
210,86,402
210,87,392
210,88,375
210,89,389
210,90,395
210,91,382
210,92,374
210,93,367
210,94,391
210,95,382
210,96,388
210,97,384
210,98,374
210,99,368
210,100,366
210,101,370
210,102,384
210,103,390
210,104,369
210,105,387
210,106,386
210,107,392
210,108,384
210,109,393
210,110,367
210,111,384
210,112,385
210,113,383
210,114,374
210,115,393
210,116,393
210,117,380
210,118,377
210,119,379
210,120,373
210,121,372
210,122,378
210,123,387
210,124,390
210,125,388
210,126,403
210,127,386
210,128,387
210,129,383
210,130,367
210,131,383
210,132,370
210,133,378
210,134,379
210,135,375
210,136,374
210,137,384
210,138,359
210,139,378
210,140,376
210,141,370
210,142,378
210,143,378
210,144,382
210,145,381
210,146,382
210,147,375
210,148,393
210,149,366
210,150,377
210,151,378
210,152,378
210,153,383
210,154,380
210,155,369
210,156,365
210,157,384
210,158,374
210,159,383
210,160,378
210,161,372
210,162,373
210,163,373
210,164,363
210,165,378
210,166,379
210,167,376
210,168,390
210,169,373
210,170,383
210,171,393
210,172,392
210,173,379
210,174,372
210,175,393
210,176,381
210,177,367
210,178,378
210,179,380
210,180,372
210,181,366
210,182,385
210,183,388
210,184,391
210,185,372
210,186,377
210,187,393
210,188,374
210,189,379
210,190,393
210,191,383
210,192,381
210,193,393
210,194,380
210,195,380
210,196,379
210,197,377
210,198,390
210,199,380
210,200,374
211,1,3
211,2,15
211,3,33
211,4,75
211,5,162
211,6,257
211,7,326
211,8,369
211,9,388
211,10,367
211,11,389
211,12,374
211,13,387
211,14,391
211,15,376
211,16,383
211,17,381
211,18,398
211,19,385
211,20,380
211,21,399
211,22,399
211,23,381
211,24,380
211,25,378
211,26,372
211,27,380
211,28,394
211,29,378
211,30,398
211,31,392
211,32,387
211,33,371
211,34,379
211,35,381
211,36,365
211,37,377
211,38,385
211,39,386
211,40,379
211,41,393
211,42,382
211,43,367
211,44,389
211,45,395
211,46,379
211,47,389
211,48,378
211,49,384
211,50,380
211,51,377
211,52,380
211,53,383
211,54,394
211,55,378
211,56,378
211,57,374
211,58,402
211,59,385
211,60,376
211,61,377
211,62,356
211,63,360
211,64,376
211,65,369
211,66,392
211,67,364
211,68,371
211,69,360
211,70,382
211,71,372
211,72,386
211,73,370
211,74,377
211,75,387
211,76,375
211,77,379
211,78,355
211,79,371
211,80,376
211,81,386
211,82,388
211,83,378
211,84,383
211,85,372
211,86,387
211,87,372
211,88,371
211,89,377
211,90,379
211,91,373
211,92,378
211,93,380
211,94,390
211,95,389
211,96,369
211,97,391
211,98,378
211,99,371
211,100,380
211,101,392
211,102,383
211,103,378
211,104,380
211,105,372
211,106,385
211,107,381
211,108,372
211,109,378
211,110,391
211,111,392
211,112,397
211,113,386
211,114,386
211,115,379
211,116,371
211,117,389
211,118,380
211,119,369
211,120,373
211,121,374
211,122,382
211,123,373
211,124,379
211,125,378
211,126,372
211,127,385
211,128,373
211,129,373
211,130,379
211,131,380
211,132,355
211,133,369
211,134,383
211,135,386
211,136,387
211,137,378
211,138,376
211,139,398
211,140,388
211,141,394
211,142,387
211,143,375
211,144,373
211,145,370
211,146,377
211,147,372
211,148,366
211,149,354
211,150,369
211,151,374
211,152,384
211,153,361
211,154,373
211,155,381
211,156,387
211,157,379
211,158,381
211,159,371
211,160,387
211,161,369
211,162,390
211,163,384
211,164,392
211,165,360
211,166,379
211,167,388
211,168,390
211,169,389
211,170,367
211,171,386
211,172,376
211,173,373
211,174,370
211,175,381
211,176,380
211,177,387
211,178,387
211,179,381
211,180,392
211,181,377
211,182,387
211,183,391
211,184,383
211,185,367
211,186,379
211,187,383
211,188,368
211,189,379
211,190,395
211,191,383
211,192,374
211,193,374
211,194,387
211,195,392
211,196,373
211,197,380
211,198,384
211,199,381
211,200,377
212,1,7
212,2,21
212,3,53
212,4,120
212,5,221
212,6,321
212,7,356
212,8,367
212,9,381
212,10,389
212,11,396
212,12,392
212,13,374
212,14,369
212,15,383
212,16,381
212,17,366
212,18,383
212,19,393
212,20,377
212,21,364
212,22,368
212,23,361
212,24,387
212,25,386
212,26,385
212,27,380
212,28,394
212,29,377
212,30,370
212,31,388
212,32,388
212,33,383
212,34,383
212,35,382
212,36,374
212,37,380
212,38,382
212,39,372
212,40,366
212,41,370
212,42,378
212,43,389
212,44,385
212,45,390
212,46,384
212,47,389
212,48,370
212,49,379
212,50,389
212,51,384
212,52,383
212,53,380
212,54,382
212,55,387
212,56,390
212,57,379
212,58,405
212,59,394
212,60,384
212,61,398
212,62,375
212,63,375
212,64,373
212,65,384
212,66,379
212,67,387
212,68,376
212,69,376
212,70,382
212,71,378
212,72,386
212,73,391
212,74,383
212,75,386
212,76,382
212,77,385
212,78,380
212,79,375
212,80,377
212,81,381
212,82,382
212,83,378
212,84,392
212,85,378
212,86,378
212,87,369
212,88,373
212,89,369
212,90,375
212,91,393
212,92,388
212,93,383
212,94,381
212,95,383
212,96,378
212,97,384
212,98,374
212,99,386
212,100,387
212,101,362
212,102,378
212,103,389
212,104,386
212,105,367
212,106,374
212,107,382
212,108,397
212,109,393
212,110,384
212,111,380
212,112,372
212,113,388
212,114,384
212,115,391
212,116,377
212,117,374
212,118,384
212,119,372
212,120,376
212,121,369
212,122,376
212,123,372
212,124,385
212,125,374
212,126,384
212,127,377
212,128,376
212,129,393
212,130,383
212,131,361
212,132,374
212,133,381
212,134,379
212,135,399
212,136,395
212,137,389
212,138,376
212,139,382
212,140,396
212,141,399
212,142,381
212,143,391
212,144,381
212,145,371
212,146,381
212,147,389
212,148,385
212,149,374
212,150,367
212,151,382
212,152,379
212,153,375
212,154,386
212,155,381
212,156,392
212,157,393
212,158,396
212,159,378
212,160,386
212,161,385
212,162,386
212,163,383
212,164,378
212,165,387
212,166,378
212,167,397
212,168,381
212,169,379
212,170,388
212,171,381
212,172,384
212,173,390
212,174,392
212,175,385
212,176,369
212,177,378
212,178,378
212,179,381
212,180,396
212,181,382
212,182,379
212,183,383
212,184,376
212,185,385
212,186,390
212,187,395
212,188,397
212,189,386
212,190,372
212,191,371
212,192,385
212,193,391
212,194,391
212,195,367
212,196,355
212,197,368
212,198,386
212,199,386
212,200,390
213,1,2
213,2,6
213,3,14
213,4,33
213,5,77
213,6,157
213,7,247
213,8,323
213,9,369
213,10,385
213,11,380
213,12,381
213,13,375
213,14,383
213,15,381
213,16,368
213,17,374
213,18,354
213,19,377
213,20,373
213,21,382
213,22,381
213,23,386
213,24,375
213,25,392
213,26,389
213,27,376
213,28,367
213,29,376
213,30,385
213,31,383
213,32,371
213,33,396
213,34,362
213,35,380
213,36,380
213,37,387
213,38,401
213,39,367
213,40,373
213,41,370
213,42,370
213,43,372
213,44,373
213,45,382
213,46,359
213,47,360
213,48,371
213,49,383
213,50,380
213,51,374
213,52,390
213,53,392
213,54,392
213,55,378
213,56,385
213,57,378
213,58,382
213,59,375
213,60,366
213,61,381
213,62,372
213,63,375
213,64,374
213,65,380
213,66,384
213,67,373
213,68,381
213,69,395
213,70,391
213,71,396
213,72,370
213,73,369
213,74,375
213,75,366
213,76,368
213,77,375
213,78,386
213,79,373
213,80,384
213,81,383
213,82,387
213,83,395
213,84,377
213,85,390
213,86,374
213,87,374
213,88,374
213,89,380
213,90,373
213,91,380
213,92,361
213,93,380
213,94,385
213,95,385
213,96,373
213,97,372
213,98,375
213,99,379
213,100,383
213,101,379
213,102,384
213,103,382
213,104,392
213,105,380
213,106,373
213,107,368
213,108,382
213,109,376
213,110,377
213,111,383
213,112,380
213,113,373
213,114,367
213,115,374
213,116,372
213,117,393
213,118,367
213,119,361
213,120,380
213,121,368
213,122,380
213,123,364
213,124,371
213,125,376
213,126,372
213,127,381
213,128,373
213,129,389
213,130,381
213,131,375
213,132,381
213,133,371
213,134,386
213,135,387
213,136,384
213,137,389
213,138,391
213,139,385
213,140,362
213,141,370
213,142,370
213,143,373
213,144,372
213,145,371
213,146,371
213,147,376
213,148,384
213,149,380
213,150,374
213,151,394
213,152,387
213,153,383
213,154,374
213,155,374
213,156,368
213,157,378
213,158,375
213,159,366
213,160,395
213,161,375
213,162,366
213,163,400
213,164,385
213,165,379
213,166,390
213,167,390
213,168,382
213,169,392
213,170,375
213,171,377
213,172,373
213,173,396
213,174,381
213,175,389
213,176,392
213,177,390
213,178,385
213,179,372
213,180,375
213,181,357
213,182,368
213,183,371
213,184,371
213,185,382
213,186,383
213,187,375
213,188,384
213,189,393
213,190,376
213,191,390
213,192,379
213,193,370
213,194,374
213,195,375
213,196,376
213,197,387
213,198,380
213,199,383
213,200,383
214,1,3
214,2,6
214,3,21
214,4,41
214,5,81
214,6,151
214,7,238
214,8,322
214,9,354
214,10,360
214,11,368
214,12,388
214,13,378
214,14,391
214,15,379
214,16,387
214,17,376
214,18,383
214,19,382
214,20,375
214,21,380
214,22,361
214,23,372
214,24,391
214,25,390
214,26,389
214,27,362
214,28,366
214,29,377
214,30,380
214,31,392
214,32,382
214,33,382
214,34,375
214,35,373
214,36,374
214,37,382
214,38,407
214,39,382
214,40,368
214,41,393
214,42,387
214,43,391
214,44,371
214,45,370
214,46,380
214,47,373
214,48,370
214,49,370
214,50,371
214,51,368
214,52,384
214,53,372
214,54,366
214,55,378
214,56,381
214,57,369
214,58,387
214,59,377
214,60,379
214,61,381
214,62,385
214,63,375
214,64,372
214,65,371
214,66,376
214,67,373
214,68,385
214,69,366
214,70,364
214,71,363
214,72,371
214,73,369
214,74,368
214,75,370
214,76,359
214,77,386
214,78,382
214,79,372
214,80,388
214,81,374
214,82,366
214,83,379
214,84,386
214,85,374
214,86,387
214,87,384
214,88,384
214,89,392
214,90,388
214,91,379
214,92,397
214,93,396
214,94,386
214,95,375
214,96,389
214,97,405
214,98,374
214,99,374
214,100,384
214,101,390
214,102,378
214,103,388
214,104,373
214,105,372
214,106,375
214,107,383
214,108,392
214,109,378
214,110,398
214,111,386
214,112,386
214,113,385
214,114,394
214,115,389
214,116,378
214,117,376
214,118,375
214,119,386
214,120,377
214,121,383
214,122,378
214,123,379
214,124,372
214,125,364
214,126,365
214,127,369
214,128,386
214,129,388
214,130,370
214,131,386
214,132,379
214,133,378
214,134,377
214,135,386
214,136,373
214,137,385
214,138,378
214,139,371
214,140,374
214,141,359
214,142,375
214,143,381
214,144,376
214,145,379
214,146,367
214,147,390
214,148,393
214,149,394
214,150,391
214,151,382
214,152,369
214,153,385
214,154,383
214,155,393
214,156,392
214,157,378
214,158,377
214,159,386
214,160,380
214,161,389
214,162,397
214,163,379
214,164,374
214,165,391
214,166,383
214,167,359
214,168,364
214,169,385
214,170,394
214,171,382
214,172,382
214,173,390
214,174,367
214,175,376
214,176,376
214,177,381
214,178,395
214,179,386
214,180,384
214,181,378
214,182,386
214,183,384
214,184,384
214,185,376
214,186,369
214,187,383
214,188,382
214,189,376
214,190,389
214,191,384
214,192,391
214,193,383
214,194,378
214,195,372
214,196,379
214,197,366
214,198,357
214,199,361
214,200,356
215,1,2
215,2,7
215,3,14
215,4,37
215,5,91
215,6,184
215,7,268
215,8,342
215,9,379
215,10,386
215,11,370
215,12,372
215,13,376
215,14,368
215,15,373
215,16,378
215,17,386
215,18,387
215,19,382
215,20,383
215,21,370
215,22,377
215,23,372
215,24,369
215,25,381
215,26,384
215,27,378
215,28,390
215,29,383
215,30,382
215,31,383
215,32,392
215,33,387
215,34,395
215,35,379
215,36,367
215,37,385
215,38,375
215,39,383
215,40,378
215,41,372
215,42,380
215,43,376
215,44,378
215,45,374
215,46,390
215,47,382
215,48,386
215,49,380
215,50,379
215,51,387
215,52,371
215,53,360
215,54,382
215,55,380
215,56,376
215,57,396
215,58,378
215,59,368
215,60,379
215,61,380
215,62,373
215,63,390
215,64,387
215,65,379
215,66,378
215,67,370
215,68,375
215,69,383
215,70,371
215,71,390
215,72,385
215,73,387
215,74,380
215,75,381
215,76,382
215,77,378
215,78,374
215,79,396
215,80,382
215,81,387
215,82,378
215,83,381
215,84,372
215,85,377
215,86,385
215,87,397
215,88,384
215,89,375
215,90,364
215,91,382
215,92,370
215,93,387
215,94,362
215,95,376
215,96,369
215,97,367
215,98,385
215,99,388
215,100,351
215,101,360
215,102,364
215,103,378
215,104,382
215,105,367
215,106,381
215,107,366
215,108,380
215,109,383
215,110,381
215,111,374
215,112,376
215,113,383
215,114,376
215,115,387
215,116,377
215,117,375
215,118,388
215,119,374
215,120,391
215,121,380
215,122,389
215,123,406
215,124,372
215,125,379
215,126,378
215,127,398
215,128,382
215,129,391
215,130,382
215,131,387
215,132,377
215,133,377
215,134,383
215,135,379
215,136,380
215,137,375
215,138,392
215,139,381
215,140,399
215,141,377
215,142,372
215,143,390
215,144,398
215,145,369
215,146,370
215,147,375
215,148,377
215,149,374
215,150,381
215,151,374
215,152,388
215,153,371
215,154,369
215,155,375
215,156,372
215,157,364
215,158,370
215,159,364
215,160,382
215,161,383
215,162,377
215,163,391
215,164,382
215,165,382
215,166,382
215,167,385
215,168,382
215,169,390
215,170,390
215,171,379
215,172,385
215,173,382
215,174,378
215,175,378
215,176,371
215,177,386
215,178,370
215,179,395
215,180,392
215,181,381
215,182,388
215,183,378
215,184,373
215,185,368
215,186,360
215,187,381
215,188,376
215,189,383
215,190,378
215,191,389
215,192,394
215,193,370
215,194,373
215,195,378
215,196,376
215,197,377
215,198,390
215,199,375
215,200,387
216,1,3
216,2,9
216,3,20
216,4,55
216,5,121
216,6,229
216,7,318
216,8,368
216,9,377
216,10,384
216,11,389
216,12,378
216,13,387
216,14,375
216,15,385
216,16,379
216,17,373
216,18,370
216,19,387
216,20,381
216,21,389
216,22,380
216,23,367
216,24,387
216,25,385
216,26,381
216,27,386
216,28,376
216,29,381
216,30,383
216,31,383
216,32,379
216,33,380
216,34,379
216,35,388
216,36,369
216,37,390
216,38,377
216,39,382
216,40,386
216,41,390
216,42,377
216,43,385
216,44,392
216,45,392
216,46,374
216,47,384
216,48,380
216,49,382
216,50,376
216,51,392
216,52,386
216,53,386
216,54,382
216,55,380
216,56,389
216,57,355
216,58,368
216,59,384
216,60,378
216,61,388
216,62,364
216,63,369
216,64,373
216,65,370
216,66,374
216,67,368
216,68,383
216,69,391
216,70,391
216,71,390
216,72,386
216,73,381
216,74,378
216,75,387
216,76,389
216,77,381
216,78,373
216,79,383
216,80,389
216,81,387
216,82,387
216,83,376
216,84,396
216,85,398
216,86,389
216,87,392
216,88,385
216,89,362
216,90,373
216,91,385
216,92,379
216,93,379
216,94,380
216,95,376
216,96,381
216,97,367
216,98,382
216,99,374
216,100,373
216,101,379
216,102,377
216,103,373
216,104,372
216,105,374
216,106,375
216,107,369
216,108,363
216,109,387
216,110,394
216,111,375
216,112,376
216,113,380
216,114,383
216,115,368
216,116,374
216,117,381
216,118,390
216,119,382
216,120,376
216,121,377
216,122,383
216,123,379
216,124,367
216,125,378
216,126,380
216,127,380
216,128,381
216,129,370
216,130,391
216,131,396
216,132,383
216,133,385
216,134,395
216,135,389
216,136,387
216,137,396
216,138,381
216,139,386
216,140,369
216,141,371
216,142,392
216,143,385
216,144,385
216,145,381
216,146,396
216,147,353
216,148,386
216,149,371
216,150,377
216,151,375
216,152,383
216,153,389
216,154,398
216,155,373
216,156,383
216,157,389
216,158,370
216,159,375
216,160,383
216,161,369
216,162,379
216,163,381
216,164,379
216,165,380
216,166,375
216,167,389
216,168,386
216,169,381
216,170,371
216,171,369
216,172,381
216,173,388
216,174,384
216,175,392
216,176,394
216,177,386
216,178,376
216,179,371
216,180,384
216,181,373
216,182,375
216,183,383
216,184,392
216,185,382
216,186,374
216,187,386
216,188,379
216,189,372
216,190,379
216,191,389
216,192,393
216,193,391
216,194,378
216,195,379
216,196,381
216,197,379
216,198,391
216,199,393
216,200,381
217,1,3
217,2,5
217,3,9
217,4,14
217,5,30
217,6,68
217,7,134
217,8,223
217,9,311
217,10,357
217,11,359
217,12,374
217,13,366
217,14,395
217,15,387
217,16,379
217,17,365
217,18,384
217,19,373
217,20,381
217,21,366
217,22,380
217,23,389
217,24,381
217,25,372
217,26,376
217,27,379
217,28,382
217,29,379
217,30,396
217,31,386
217,32,380
217,33,362
217,34,369
217,35,382
217,36,376
217,37,384
217,38,379
217,39,380
217,40,381
217,41,397
217,42,371
217,43,387
217,44,379
217,45,388
217,46,374
217,47,372
217,48,377
217,49,372
217,50,383
217,51,373
217,52,383
217,53,387
217,54,386
217,55,382
217,56,384
217,57,395
217,58,375
217,59,381
217,60,387
217,61,369
217,62,383
217,63,370
217,64,391
217,65,389
217,66,394
217,67,377
217,68,398
217,69,398
217,70,381
217,71,388
217,72,396
217,73,387
217,74,389
217,75,382
217,76,387
217,77,381
217,78,383
217,79,381
217,80,383
217,81,391
217,82,383
217,83,371
217,84,385
217,85,385
217,86,374
217,87,374
217,88,376
217,89,385
217,90,393
217,91,370
217,92,383
217,93,379
217,94,392
217,95,384
217,96,387
217,97,392
217,98,386
217,99,377
217,100,380
217,101,381
217,102,379
217,103,382
217,104,385
217,105,376
217,106,385
217,107,376
217,108,384
217,109,393
217,110,383
217,111,391
217,112,385
217,113,380
217,114,375
217,115,389
217,116,392
217,117,385
217,118,376
217,119,380
217,120,386
217,121,391
217,122,365
217,123,382
217,124,369
217,125,369
217,126,376
217,127,387
217,128,382
217,129,381
217,130,372
217,131,379
217,132,384
217,133,381
217,134,375
217,135,391
217,136,381
217,137,384
217,138,387
217,139,385
217,140,376
217,141,381
217,142,377
217,143,384
217,144,372
217,145,382
217,146,391
217,147,381
217,148,391
217,149,393
217,150,385
217,151,377
217,152,387
217,153,380
217,154,383
217,155,362
217,156,398
217,157,377
217,158,379
217,159,394
217,160,394
217,161,408
217,162,378
217,163,388
217,164,361
217,165,397
217,166,384
217,167,378
217,168,363
217,169,377
217,170,386
217,171,389
217,172,382
217,173,384
217,174,386
217,175,378
217,176,385
217,177,380
217,178,385
217,179,379
217,180,382
217,181,383
217,182,390
217,183,384
217,184,377
217,185,375
217,186,379
217,187,372
217,188,381
217,189,372
217,190,374
217,191,378
217,192,387
217,193,389
217,194,387
217,195,377
217,196,384
217,197,382
217,198,391
217,199,393
217,200,381
218,1,4
218,2,16
218,3,36
218,4,80
218,5,151
218,6,247
218,7,324
218,8,347
218,9,353
218,10,375
218,11,380
218,12,376
218,13,382
218,14,390
218,15,399
218,16,390
218,17,372
218,18,387
218,19,380
218,20,383
218,21,382
218,22,368
218,23,360
218,24,371
218,25,394
218,26,387
218,27,390
218,28,382
218,29,373
218,30,367
218,31,368
218,32,387
218,33,363
218,34,384
218,35,381
218,36,377
218,37,385
218,38,387
218,39,390
218,40,377
218,41,381
218,42,381
218,43,379
218,44,371
218,45,382
218,46,398
218,47,406
218,48,378
218,49,391
218,50,383
218,51,385
218,52,383
218,53,388
218,54,384
218,55,387
218,56,371
218,57,381
218,58,385
218,59,373
218,60,382
218,61,382
218,62,391
218,63,371
218,64,380
218,65,377
218,66,381
218,67,380
218,68,385
218,69,383
218,70,373
218,71,382
218,72,382
218,73,386
218,74,392
218,75,376
218,76,380
218,77,384
218,78,370
218,79,375
218,80,384
218,81,373
218,82,372
218,83,365
218,84,386
218,85,383
218,86,394
218,87,386
218,88,383
218,89,383
218,90,378
218,91,373
218,92,384
218,93,388
218,94,376
218,95,382
218,96,381
218,97,391
218,98,390
218,99,380
218,100,374
218,101,391
218,102,376
218,103,379
218,104,384
218,105,386
218,106,364
218,107,379
218,108,386
218,109,386
218,110,378
218,111,382
218,112,374
218,113,389
218,114,385
218,115,380
218,116,387
218,117,379
218,118,375
218,119,383
218,120,384
218,121,378
218,122,387
218,123,383
218,124,372
218,125,391
218,126,370
218,127,385
218,128,383
218,129,375
218,130,383
218,131,370
218,132,364
218,133,366
218,134,378
218,135,394
218,136,391
218,137,394
218,138,389
218,139,364
218,140,374
218,141,387
218,142,383
218,143,379
218,144,368
218,145,375
218,146,374
218,147,392
218,148,370
218,149,365
218,150,376
218,151,365
218,152,374
218,153,374
218,154,386
218,155,384
218,156,371
218,157,387
218,158,385
218,159,392
218,160,372
218,161,374
218,162,386
218,163,381
218,164,375
218,165,368
218,166,386
218,167,390
218,168,388
218,169,375
218,170,374
218,171,390
218,172,386
218,173,378
218,174,385
218,175,387
218,176,377
218,177,375
218,178,365
218,179,379
218,180,394
218,181,385
218,182,387
218,183,370
218,184,382
218,185,379
218,186,394
218,187,369
218,188,380
218,189,371
218,190,386
218,191,390
218,192,376
218,193,387
218,194,394
218,195,377
218,196,378
218,197,373
218,198,378
218,199,379
218,200,366
219,1,1
219,2,2
219,3,4
219,4,10
219,5,22
219,6,46
219,7,103
219,8,171
219,9,272
219,10,329
219,11,376
219,12,379
219,13,366
219,14,384
219,15,384
219,16,390
219,17,393
219,18,386
219,19,385
219,20,376
219,21,383
219,22,364
219,23,390
219,24,381
219,25,387
219,26,385
219,27,375
219,28,387
219,29,392
219,30,399
219,31,382
219,32,375
219,33,375
219,34,387
219,35,384
219,36,384
219,37,401
219,38,380
219,39,372
219,40,374
219,41,393
219,42,385
219,43,389
219,44,384
219,45,372
219,46,385
219,47,380
219,48,383
219,49,376
219,50,384
219,51,381
219,52,396
219,53,373
219,54,374
219,55,388
219,56,387
219,57,380
219,58,386
219,59,380
219,60,388
219,61,392
219,62,386
219,63,378
219,64,367
219,65,385
219,66,391
219,67,370
219,68,374
219,69,388
219,70,383
219,71,364
219,72,386
219,73,382
219,74,380
219,75,387
219,76,389
219,77,389
219,78,386
219,79,380
219,80,375
219,81,388
219,82,401
219,83,392
219,84,378
219,85,382
219,86,390
219,87,382
219,88,383
219,89,384
219,90,369
219,91,383
219,92,370
219,93,369
219,94,380
219,95,386
219,96,374
219,97,376
219,98,393
219,99,387
219,100,395
219,101,379
219,102,384
219,103,384
219,104,385
219,105,384
219,106,367
219,107,374
219,108,382
219,109,374
219,110,393
219,111,384
219,112,403
219,113,381
219,114,381
219,115,390
219,116,384
219,117,390
219,118,388
219,119,396
219,120,375
219,121,385
219,122,380
219,123,390
219,124,379
219,125,377
219,126,380
219,127,373
219,128,382
219,129,379
219,130,398
219,131,390
219,132,395
219,133,383
219,134,379
219,135,391
219,136,394
219,137,378
219,138,366
219,139,382
219,140,389
219,141,389
219,142,390
219,143,375
219,144,376
219,145,383
219,146,384
219,147,389
219,148,392
219,149,383
219,150,380
219,151,386
219,152,393
219,153,383
219,154,384
219,155,378
219,156,382
219,157,373
219,158,386
219,159,381
219,160,369
219,161,380
219,162,364
219,163,377
219,164,359
219,165,375
219,166,380
219,167,369
219,168,384
219,169,375
219,170,377
219,171,388
219,172,395
219,173,401
219,174,395
219,175,383
219,176,384
219,177,375
219,178,384
219,179,391
219,180,372
219,181,382
219,182,374
219,183,382
219,184,381
219,185,388
219,186,379
219,187,371
219,188,369
219,189,376
219,190,390
219,191,376
219,192,386
219,193,384
219,194,386
219,195,381
219,196,376
219,197,386
219,198,395
219,199,378
219,200,376
220,1,5
220,2,14
220,3,42
220,4,104
220,5,192
220,6,288
220,7,362
220,8,372
220,9,381
220,10,386
220,11,381
220,12,382
220,13,395
220,14,375
220,15,377
220,16,378
220,17,391
220,18,395
220,19,388
220,20,387
220,21,394
220,22,382
220,23,375
220,24,380
220,25,375
220,26,371
220,27,380
220,28,385
220,29,386
220,30,379
220,31,373
220,32,380
220,33,381
220,34,378
220,35,374
220,36,373
220,37,380
220,38,382
220,39,386
220,40,388
220,41,391
220,42,388
220,43,375
220,44,370
220,45,386
220,46,379
220,47,382
220,48,384
220,49,391
220,50,380
220,51,381
220,52,373
220,53,380
220,54,393
220,55,378
220,56,387
220,57,391
220,58,387
220,59,373
220,60,388
220,61,401
220,62,374
220,63,362
220,64,396
220,65,386
220,66,396
220,67,376
220,68,383
220,69,383
220,70,379
220,71,362
220,72,381
220,73,383
220,74,382
220,75,368
220,76,374
220,77,386
220,78,379
220,79,376
220,80,385
220,81,376
220,82,383
220,83,390
220,84,383
220,85,377
220,86,377
220,87,397
220,88,382
220,89,376
220,90,386
220,91,386
220,92,384
220,93,397
220,94,390
220,95,380
220,96,372
220,97,393
220,98,378
220,99,372
220,100,383
220,101,375
220,102,385
220,103,378
220,104,390
220,105,377
220,106,376
220,107,377
220,108,373
220,109,377
220,110,372
220,111,378
220,112,378
220,113,385
220,114,392
220,115,395
220,116,394
220,117,372
220,118,368
220,119,380
220,120,376
220,121,390
220,122,393
220,123,389
220,124,378
220,125,393
220,126,363
220,127,384
220,128,387
220,129,362
220,130,368
220,131,375
220,132,390
220,133,377
220,134,382
220,135,381
220,136,374
220,137,376
220,138,377
220,139,391
220,140,381
220,141,394
220,142,385
220,143,393
220,144,380
220,145,384
220,146,392
220,147,380
220,148,374
220,149,394
220,150,389
220,151,389
220,152,393
220,153,384
220,154,389
220,155,382
220,156,386
220,157,390
220,158,371
220,159,384
220,160,365
220,161,383
220,162,387
220,163,385
220,164,373
220,165,375
220,166,362
220,167,376
220,168,380
220,169,370
220,170,396
220,171,389
220,172,386
220,173,378
220,174,384
220,175,388
220,176,388
220,177,396
220,178,387
220,179,370
220,180,373
220,181,386
220,182,392
220,183,376
220,184,368
220,185,368
220,186,375
220,187,377
220,188,383
220,189,387
220,190,389
220,191,382
220,192,383
220,193,392
220,194,383
220,195,363
220,196,371
220,197,373
220,198,384
220,199,386
220,200,397
221,1,4
221,2,9
221,3,26
221,4,62
221,5,123
221,6,207
221,7,322
221,8,359
221,9,362
221,10,385
221,11,398
221,12,380
221,13,388
221,14,386
221,15,385
221,16,388
221,17,389
221,18,390
221,19,384
221,20,384
221,21,385
221,22,378
221,23,397
221,24,398
221,25,401
221,26,388
221,27,377
221,28,379
221,29,387
221,30,384
221,31,376
221,32,382
221,33,373
221,34,364
221,35,376
221,36,362
221,37,389
221,38,383
221,39,385
221,40,385
221,41,386
221,42,381
221,43,395
221,44,383
221,45,379
221,46,365
221,47,384
221,48,379
221,49,381
221,50,385
221,51,385
221,52,382
221,53,372
221,54,386
221,55,381
221,56,391
221,57,384
221,58,382
221,59,367
221,60,380
221,61,391
221,62,394
221,63,382
221,64,380
221,65,388
221,66,387
221,67,388
221,68,393
221,69,383
221,70,383
221,71,390
221,72,391
221,73,388
221,74,372
221,75,393
221,76,390
221,77,371
221,78,385
221,79,390
221,80,390
221,81,385
221,82,375
221,83,382
221,84,387
221,85,389
221,86,370
221,87,369
221,88,384
221,89,373
221,90,369
221,91,374
221,92,365
221,93,377
221,94,379
221,95,385
221,96,396
221,97,376
221,98,390
221,99,377
221,100,380
221,101,367
221,102,371
221,103,383
221,104,385
221,105,395
221,106,392
221,107,386
221,108,400
221,109,379
221,110,385
221,111,398
221,112,370
221,113,369
221,114,372
221,115,365
221,116,384
221,117,390
221,118,355
221,119,386
221,120,391
221,121,380
221,122,379
221,123,388
221,124,378
221,125,383
221,126,368
221,127,391
221,128,377
221,129,376
221,130,379
221,131,378
221,132,385
221,133,380
221,134,382
221,135,387
221,136,382
221,137,378
221,138,391
221,139,384
221,140,405
221,141,390
221,142,378
221,143,385
221,144,369
221,145,386
221,146,373
221,147,383
221,148,372
221,149,384
221,150,373
221,151,394
221,152,375
221,153,383
221,154,388
221,155,389
221,156,388
221,157,382
221,158,375
221,159,382
221,160,372
221,161,371
221,162,388
221,163,380
221,164,387
221,165,388
221,166,381
221,167,391
221,168,382
221,169,403
221,170,383
221,171,368
221,172,373
221,173,385
221,174,367
221,175,374
221,176,386
221,177,357
221,178,378
221,179,389
221,180,378
221,181,381
221,182,375
221,183,377
221,184,381
221,185,382
221,186,385
221,187,386
221,188,390
221,189,404
221,190,385
221,191,385
221,192,370
221,193,380
221,194,386
221,195,374
221,196,386
221,197,381
221,198,384
221,199,389
221,200,382
222,1,3
222,2,13
222,3,30
222,4,66
222,5,144
222,6,244
222,7,323
222,8,374
222,9,383
222,10,391
222,11,396
222,12,382
222,13,391
222,14,385
222,15,381
222,16,387
222,17,381
222,18,376
222,19,383
222,20,373
222,21,370
222,22,378
222,23,390
222,24,389
222,25,384
222,26,378
222,27,377
222,28,378
222,29,372
222,30,374
222,31,384
222,32,362
222,33,366
222,34,376
222,35,391
222,36,375
222,37,376
222,38,386
222,39,373
222,40,387
222,41,398
222,42,379
222,43,372
222,44,363
222,45,388
222,46,386
222,47,387
222,48,362
222,49,382
222,50,365
222,51,368
222,52,379
222,53,381
222,54,377
222,55,375
222,56,385
222,57,382
222,58,381
222,59,385
222,60,396
222,61,380
222,62,377
222,63,382
222,64,391
222,65,379
222,66,368
222,67,395
222,68,393
222,69,382
222,70,373
222,71,373
222,72,381
222,73,389
222,74,390
222,75,392
222,76,379
222,77,369
222,78,377
222,79,383
222,80,386
222,81,382
222,82,392
222,83,384
222,84,395
222,85,372
222,86,385
222,87,379
222,88,381
222,89,384
222,90,380
222,91,356
222,92,377
222,93,385
222,94,385
222,95,389
222,96,393
222,97,391
222,98,384
222,99,392
222,100,370
222,101,376
222,102,383
222,103,377
222,104,392
222,105,386
222,106,373
222,107,393
222,108,372
222,109,383
222,110,392
222,111,388
222,112,376
222,113,384
222,114,390
222,115,381
222,116,368
222,117,388
222,118,404
222,119,395
222,120,386
222,121,382
222,122,382
222,123,380
222,124,361
222,125,371
222,126,381
222,127,383
222,128,394
222,129,383
222,130,380
222,131,378
222,132,376
222,133,387
222,134,378
222,135,394
222,136,397
222,137,382
222,138,383
222,139,389
222,140,379
222,141,369
222,142,378
222,143,377
222,144,378
222,145,389
222,146,387
222,147,405
222,148,387
222,149,372
222,150,372
222,151,382
222,152,386
222,153,379
222,154,368
222,155,377
222,156,389
222,157,381
222,158,382
222,159,380
222,160,370
222,161,377
222,162,379
222,163,371
222,164,379
222,165,394
222,166,384
222,167,376
222,168,368
222,169,374
222,170,384
222,171,397
222,172,380
222,173,381
222,174,369
222,175,391
222,176,388
222,177,386
222,178,378
222,179,365
222,180,373
222,181,373
222,182,374
222,183,376
222,184,376
222,185,388
222,186,367
222,187,381
222,188,363
222,189,379
222,190,388
222,191,379
222,192,379
222,193,379
222,194,400
222,195,387
222,196,379
222,197,387
222,198,386
222,199,387
222,200,370
223,1,2
223,2,2
223,3,6
223,4,16
223,5,36
223,6,81
223,7,158
223,8,265
223,9,343
223,10,368
223,11,383
223,12,389
223,13,375
223,14,380
223,15,385
223,16,367
223,17,382
223,18,388
223,19,387
223,20,384
223,21,380
223,22,382
223,23,373
223,24,394
223,25,383
223,26,372
223,27,376
223,28,388
223,29,385
223,30,373
223,31,384
223,32,367
223,33,373
223,34,379
223,35,386
223,36,377
223,37,375
223,38,382
223,39,392
223,40,390
223,41,394
223,42,378
223,43,364
223,44,374
223,45,375
223,46,381
223,47,382
223,48,381
223,49,370
223,50,379
223,51,374
223,52,390
223,53,385
223,54,376
223,55,377
223,56,379
223,57,378
223,58,372
223,59,375
223,60,378
223,61,374
223,62,372
223,63,387
223,64,395
223,65,393
223,66,387
223,67,374
223,68,379
223,69,375
223,70,373
223,71,379
223,72,375
223,73,367
223,74,373
223,75,381
223,76,392
223,77,385
223,78,384
223,79,382
223,80,396
223,81,379
223,82,377
223,83,375
223,84,378
223,85,372
223,86,385
223,87,383
223,88,364
223,89,371
223,90,376
223,91,391
223,92,376
223,93,381
223,94,378
223,95,379
223,96,380
223,97,369
223,98,389
223,99,371
223,100,371
223,101,379
223,102,380
223,103,369
223,104,377
223,105,387
223,106,370
223,107,378
223,108,382
223,109,390
223,110,378
223,111,387
223,112,374
223,113,381
223,114,389
223,115,382
223,116,372
223,117,381
223,118,373
223,119,375
223,120,381
223,121,388
223,122,379
223,123,380
223,124,381
223,125,381
223,126,381
223,127,372
223,128,394
223,129,385
223,130,384
223,131,382
223,132,375
223,133,393
223,134,397
223,135,381
223,136,389
223,137,387
223,138,387
223,139,375
223,140,368
223,141,373
223,142,386
223,143,379
223,144,385
223,145,395
223,146,380
223,147,387
223,148,387
223,149,375
223,150,391
223,151,375
223,152,378
223,153,382
223,154,392
223,155,388
223,156,373
223,157,394
223,158,379
223,159,394
223,160,381
223,161,382
223,162,387
223,163,380
223,164,372
223,165,380
223,166,372
223,167,383
223,168,395
223,169,393
223,170,357
223,171,368
223,172,374
223,173,376
223,174,381
223,175,368
223,176,372
223,177,381
223,178,371
223,179,391
223,180,389
223,181,382
223,182,393
223,183,391
223,184,395
223,185,371
223,186,387
223,187,384
223,188,382
223,189,385
223,190,389
223,191,378
223,192,392
223,193,378
223,194,376
223,195,392
223,196,396
223,197,397
223,198,388
223,199,370
223,200,375
224,1,4
224,2,14
224,3,34
224,4,71
224,5,129
224,6,241
224,7,314
224,8,381
224,9,383
224,10,377
224,11,387
224,12,392
224,13,369
224,14,392
224,15,387
224,16,379
224,17,384
224,18,382
224,19,386
224,20,377
224,21,368
224,22,371
224,23,349
224,24,357
224,25,380
224,26,363
224,27,380
224,28,379
224,29,366
224,30,377
224,31,378
224,32,381
224,33,389
224,34,390
224,35,373
224,36,390
224,37,376
224,38,370
224,39,375
224,40,373
224,41,390
224,42,386
224,43,383
224,44,381
224,45,381
224,46,378
224,47,377
224,48,379
224,49,380
224,50,371
224,51,370
224,52,366
224,53,370
224,54,368
224,55,375
224,56,386
224,57,392
224,58,393
224,59,392
224,60,396
224,61,376
224,62,387
224,63,387
224,64,385
224,65,386
224,66,374
224,67,377
224,68,373
224,69,378
224,70,364
224,71,375
224,72,374
224,73,373
224,74,370
224,75,380
224,76,377
224,77,376
224,78,385
224,79,377
224,80,379
224,81,366
224,82,381
224,83,395
224,84,385
224,85,380
224,86,371
224,87,369
224,88,378
224,89,378
224,90,378
224,91,385
224,92,388
224,93,377
224,94,368
224,95,367
224,96,373
224,97,386
224,98,383
224,99,368
224,100,378
224,101,371
224,102,386
224,103,404
224,104,388
224,105,393
224,106,385
224,107,387
224,108,377
224,109,378
224,110,399
224,111,392
224,112,382
224,113,389
224,114,389
224,115,381
224,116,380
224,117,357
224,118,378
224,119,377
224,120,374
224,121,382
224,122,380
224,123,394
224,124,389
224,125,387
224,126,381
224,127,367
224,128,383
224,129,370
224,130,391
224,131,391
224,132,398
224,133,385
224,134,392
224,135,373
224,136,364
224,137,385
224,138,384
224,139,389
224,140,390
224,141,377
224,142,399
224,143,374
224,144,374
224,145,383
224,146,391
224,147,383
224,148,383
224,149,389
224,150,380
224,151,380
224,152,391
224,153,385
224,154,379
224,155,371
224,156,385
224,157,400
224,158,394
224,159,374
224,160,388
224,161,362
224,162,381
224,163,379
224,164,376
224,165,377
224,166,381
224,167,379
224,168,387
224,169,368
224,170,385
224,171,390
224,172,371
224,173,379
224,174,382
224,175,385
224,176,394
224,177,393
224,178,394
224,179,393
224,180,393
224,181,381
224,182,376
224,183,382
224,184,378
224,185,364
224,186,373
224,187,367
224,188,380
224,189,385
224,190,398
224,191,378
224,192,397
224,193,374
224,194,368
224,195,395
224,196,378
224,197,363
224,198,377
224,199,361
224,200,366
225,1,1
225,2,4
225,3,9
225,4,33
225,5,77
225,6,163
225,7,266
225,8,334
225,9,358
225,10,368
225,11,379
225,12,385
225,13,388
225,14,367
225,15,369
225,16,374
225,17,385
225,18,385
225,19,393
225,20,374
225,21,398
225,22,382
225,23,385
225,24,386
225,25,371
225,26,384
225,27,384
225,28,384
225,29,387
225,30,370
225,31,368
225,32,372
225,33,381
225,34,370
225,35,388
225,36,356
225,37,360
225,38,373
225,39,371
225,40,376
225,41,377
225,42,368
225,43,386
225,44,386
225,45,377
225,46,373
225,47,370
225,48,379
225,49,388
225,50,372
225,51,382
225,52,383
225,53,368
225,54,388
225,55,388
225,56,391
225,57,365
225,58,391
225,59,371
225,60,380
225,61,387
225,62,379
225,63,382
225,64,380
225,65,388
225,66,396
225,67,374
225,68,377
225,69,373
225,70,372
225,71,383
225,72,375
225,73,379
225,74,380
225,75,361
225,76,378
225,77,387
225,78,377
225,79,382
225,80,372
225,81,371
225,82,390
225,83,387
225,84,380
225,85,394
225,86,375
225,87,385
225,88,387
225,89,386
225,90,369
225,91,389
225,92,382
225,93,390
225,94,391
225,95,377
225,96,388
225,97,374
225,98,386
225,99,389
225,100,373
225,101,387
225,102,376
225,103,369
225,104,364
225,105,390
225,106,377
225,107,379
225,108,369
225,109,383
225,110,373
225,111,394
225,112,382
225,113,386
225,114,390
225,115,386
225,116,408
225,117,393
225,118,395
225,119,388
225,120,388
225,121,386
225,122,377
225,123,377
225,124,386
225,125,373
225,126,385
225,127,382
225,128,390
225,129,391
225,130,360
225,131,374
225,132,389
225,133,373
225,134,367
225,135,373
225,136,379
225,137,378
225,138,380
225,139,384
225,140,377
225,141,384
225,142,361
225,143,377
225,144,378
225,145,361
225,146,396
225,147,386
225,148,394
225,149,388
225,150,382
225,151,382
225,152,373
225,153,377
225,154,366
225,155,375
225,156,380
225,157,376
225,158,378
225,159,364
225,160,376
225,161,387
225,162,382
225,163,378
225,164,387
225,165,391
225,166,383
225,167,379
225,168,381
225,169,385
225,170,395
225,171,378
225,172,389
225,173,373
225,174,393
225,175,364
225,176,361
225,177,373
225,178,382
225,179,380
225,180,383
225,181,375
225,182,377
225,183,384
225,184,390
225,185,381
225,186,380
225,187,395
225,188,387
225,189,383
225,190,385
225,191,377
225,192,378
225,193,387
225,194,395
225,195,378
225,196,378
225,197,380
225,198,366
225,199,377
225,200,379
226,1,3
226,2,4
226,3,9
226,4,17
226,5,35
226,6,86
226,7,165
226,8,267
226,9,332
226,10,359
226,11,373
226,12,386
226,13,389
226,14,369
226,15,374
226,16,378
226,17,367
226,18,396
226,19,379
226,20,381
226,21,384
226,22,387
226,23,382
226,24,387
226,25,388
226,26,387
226,27,373
226,28,393
226,29,379
226,30,383
226,31,391
226,32,392
226,33,391
226,34,377
226,35,364
226,36,370
226,37,367
226,38,367
226,39,375
226,40,385
226,41,383
226,42,368
226,43,379
226,44,383
226,45,388
226,46,373
226,47,375
226,48,375
226,49,381
226,50,379
226,51,384
226,52,384
226,53,378
226,54,377
226,55,380
226,56,379
226,57,382
226,58,374
226,59,394
226,60,375
226,61,377
226,62,375
226,63,373
226,64,368
226,65,373
226,66,379
226,67,388
226,68,388
226,69,380
226,70,380
226,71,384
226,72,371
226,73,378
226,74,391
226,75,389
226,76,372
226,77,377
226,78,377
226,79,376
226,80,379
226,81,365
226,82,374
226,83,385
226,84,389
226,85,397
226,86,383
226,87,388
226,88,380
226,89,387
226,90,370
226,91,387
226,92,388
226,93,389
226,94,385
226,95,371
226,96,387
226,97,378
226,98,374
226,99,387
226,100,384
226,101,385
226,102,375
226,103,393
226,104,394
226,105,371
226,106,383
226,107,390
226,108,401
226,109,393
226,110,375
226,111,380
226,112,373
226,113,370
226,114,382
226,115,369
226,116,388
226,117,381
226,118,371
226,119,377
226,120,372
226,121,375
226,122,386
226,123,390
226,124,397
226,125,384
226,126,380
226,127,396
226,128,389
226,129,374
226,130,383
226,131,381
226,132,386
226,133,376
226,134,380
226,135,385
226,136,381
226,137,388
226,138,390
226,139,383
226,140,388
226,141,391
226,142,399
226,143,388
226,144,379
226,145,378
226,146,391
226,147,366
226,148,368
226,149,398
226,150,380
226,151,387
226,152,389
226,153,391
226,154,400
226,155,390
226,156,391
226,157,392
226,158,391
226,159,407
226,160,371
226,161,372
226,162,376
226,163,384
226,164,383
226,165,388
226,166,396
226,167,388
226,168,376
226,169,361
226,170,362
226,171,358
226,172,364
226,173,375
226,174,389
226,175,384
226,176,365
226,177,392
226,178,387
226,179,374
226,180,383
226,181,379
226,182,391
226,183,379
226,184,377
226,185,374
226,186,373
226,187,360
226,188,380
226,189,384
226,190,386
226,191,370
226,192,394
226,193,391
226,194,383
226,195,384
226,196,386
226,197,380
226,198,379
226,199,390
226,200,397
227,1,2
227,2,7
227,3,23
227,4,45
227,5,104
227,6,212
227,7,297
227,8,376
227,9,362
227,10,369
227,11,381
227,12,384
227,13,384
227,14,382
227,15,371
227,16,391
227,17,381
227,18,383
227,19,382
227,20,372
227,21,384
227,22,379
227,23,374
227,24,374
227,25,381
227,26,401
227,27,391
227,28,379
227,29,393
227,30,399
227,31,395
227,32,391
227,33,365
227,34,369
227,35,365
227,36,386
227,37,369
227,38,374
227,39,372
227,40,375
227,41,388
227,42,387
227,43,380
227,44,382
227,45,381
227,46,383
227,47,395
227,48,387
227,49,382
227,50,391
227,51,392
227,52,389
227,53,390
227,54,395
227,55,386
227,56,389
227,57,382
227,58,380
227,59,369
227,60,384
227,61,374
227,62,397
227,63,395
227,64,386
227,65,384
227,66,378
227,67,373
227,68,384
227,69,385
227,70,373
227,71,393
227,72,374
227,73,376
227,74,390
227,75,380
227,76,360
227,77,379
227,78,387
227,79,381
227,80,380
227,81,367
227,82,362
227,83,377
227,84,378
227,85,378
227,86,385
227,87,387
227,88,400
227,89,373
227,90,375
227,91,387
227,92,372
227,93,387
227,94,369
227,95,378
227,96,385
227,97,393
227,98,386
227,99,390
227,100,382
227,101,386
227,102,372
227,103,387
227,104,387
227,105,403
227,106,392
227,107,382
227,108,379
227,109,388
227,110,376
227,111,386
227,112,370
227,113,375
227,114,383
227,115,382
227,116,384
227,117,373
227,118,379
227,119,377
227,120,365
227,121,384
227,122,389
227,123,386
227,124,393
227,125,376
227,126,381
227,127,386
227,128,390
227,129,374
227,130,378
227,131,387
227,132,397
227,133,380
227,134,364
227,135,381
227,136,360
227,137,395
227,138,391
227,139,376
227,140,373
227,141,386
227,142,401
227,143,381
227,144,378
227,145,382
227,146,396
227,147,381
227,148,392
227,149,379
227,150,393
227,151,398
227,152,390
227,153,377
227,154,366
227,155,389
227,156,389
227,157,373
227,158,384
227,159,395
227,160,381
227,161,376
227,162,363
227,163,380
227,164,374
227,165,378
227,166,376
227,167,384
227,168,382
227,169,395
227,170,383
227,171,385
227,172,379
227,173,380
227,174,374
227,175,374
227,176,378
227,177,383
227,178,381
227,179,395
227,180,383
227,181,398
227,182,387
227,183,379
227,184,384
227,185,365
227,186,377
227,187,372
227,188,380
227,189,383
227,190,388
227,191,396
227,192,376
227,193,378
227,194,381
227,195,381
227,196,383
227,197,384
227,198,379
227,199,386
227,200,379
228,1,2
228,2,4
228,3,8
228,4,18
228,5,38
228,6,90
228,7,162
228,8,251
228,9,330
228,10,350
228,11,376
228,12,387
228,13,375
228,14,380
228,15,377
228,16,371
228,17,365
228,18,392
228,19,380
228,20,405
228,21,385
228,22,376
228,23,386
228,24,370
228,25,368
228,26,371
228,27,382
228,28,391
228,29,379
228,30,366
228,31,387
228,32,388
228,33,381
228,34,366
228,35,371
228,36,383
228,37,387
228,38,386
228,39,389
228,40,386
228,41,377
228,42,384
228,43,372
228,44,379
228,45,386
228,46,382
228,47,392
228,48,379
228,49,380
228,50,387
228,51,370
228,52,374
228,53,370
228,54,376
228,55,382
228,56,382
228,57,367
228,58,393
228,59,378
228,60,389
228,61,373
228,62,383
228,63,380
228,64,386
228,65,393
228,66,382
228,67,393
228,68,379
228,69,386
228,70,385
228,71,381
228,72,377
228,73,382
228,74,385
228,75,374
228,76,373
228,77,370
228,78,368
228,79,391
228,80,400
228,81,375
228,82,370
228,83,391
228,84,385
228,85,383
228,86,371
228,87,378
228,88,375
228,89,392
228,90,388
228,91,384
228,92,383
228,93,379
228,94,391
228,95,397
228,96,376
228,97,377
228,98,377
228,99,386
228,100,378
228,101,387
228,102,380
228,103,384
228,104,373
228,105,371
228,106,364
228,107,368
228,108,372
228,109,383
228,110,371
228,111,360
228,112,382
228,113,381
228,114,381
228,115,367
228,116,370
228,117,347
228,118,385
228,119,370
228,120,378
228,121,383
228,122,390
228,123,375
228,124,379
228,125,377
228,126,394
228,127,367
228,128,375
228,129,381
228,130,394
228,131,373
228,132,381
228,133,380
228,134,384
228,135,389
228,136,392
228,137,386
228,138,393
228,139,378
228,140,374
228,141,381
228,142,385
228,143,382
228,144,396
228,145,392
228,146,387
228,147,387
228,148,375
228,149,393
228,150,386
228,151,364
228,152,378
228,153,384
228,154,384
228,155,379
228,156,383
228,157,400
228,158,385
228,159,367
228,160,360
228,161,370
228,162,372
228,163,383
228,164,371
228,165,385
228,166,388
228,167,383
228,168,391
228,169,385
228,170,390
228,171,382
228,172,378
228,173,388
228,174,392
228,175,392
228,176,382
228,177,382
228,178,384
228,179,380
228,180,381
228,181,370
228,182,371
228,183,365
228,184,377
228,185,380
228,186,376
228,187,385
228,188,387
228,189,375
228,190,379
228,191,385
228,192,396
228,193,383
228,194,382
228,195,374
228,196,381
228,197,383
228,198,377
228,199,376
228,200,379
229,1,5
229,2,13
229,3,25
229,4,59
229,5,135
229,6,250
229,7,343
229,8,366
229,9,377
229,10,376
229,11,381
229,12,385
229,13,390
229,14,386
229,15,392
229,16,386
229,17,391
229,18,395
229,19,379
229,20,387
229,21,362
229,22,377
229,23,358
229,24,378
229,25,394
229,26,398
229,27,392
229,28,369
229,29,389
229,30,377
229,31,375
229,32,375
229,33,381
229,34,381
229,35,381
229,36,383
229,37,369
229,38,388
229,39,383
229,40,378
229,41,378
229,42,373
229,43,386
229,44,375
229,45,390
229,46,393
229,47,387
229,48,394
229,49,379
229,50,370
229,51,379
229,52,375
229,53,386
229,54,386
229,55,394
229,56,399
229,57,372
229,58,385
229,59,383
229,60,384
229,61,379
229,62,383
229,63,388
229,64,392
229,65,389
229,66,390
229,67,376
229,68,385
229,69,386
229,70,387
229,71,381
229,72,396
229,73,375
229,74,382
229,75,372
229,76,373
229,77,374
229,78,390
229,79,381
229,80,379
229,81,389
229,82,385
229,83,376
229,84,378
229,85,389
229,86,384
229,87,380
229,88,371
229,89,381
229,90,379
229,91,387
229,92,369
229,93,388
229,94,384
229,95,390
229,96,391
229,97,398
229,98,399
229,99,384
229,100,388
229,101,378
229,102,381
229,103,379
229,104,372
229,105,370
229,106,379
229,107,380
229,108,385
229,109,386
229,110,368
229,111,380
229,112,390
229,113,390
229,114,389
229,115,388
229,116,388
229,117,383
229,118,378
229,119,383
229,120,382
229,121,383
229,122,387
229,123,384
229,124,395
229,125,383
229,126,373
229,127,374
229,128,373
229,129,387
229,130,393
229,131,388
229,132,381
229,133,388
229,134,380
229,135,368
229,136,386
229,137,399
229,138,378
229,139,396
229,140,391
229,141,385
229,142,383
229,143,386
229,144,377
229,145,380
229,146,396
229,147,384
229,148,387
229,149,381
229,150,391
229,151,396
229,152,386
229,153,377
229,154,370
229,155,381
229,156,380
229,157,391
229,158,374
229,159,384
229,160,379
229,161,399
229,162,384
229,163,390
229,164,380
229,165,380
229,166,390
229,167,395
229,168,391
229,169,388
229,170,376
229,171,379
229,172,396
229,173,392
229,174,378
229,175,375
229,176,381
229,177,372
229,178,388
229,179,378
229,180,394
229,181,387
229,182,387
229,183,391
229,184,378
229,185,375
229,186,373
229,187,389
229,188,382
229,189,390
229,190,394
229,191,386
229,192,383
229,193,379
229,194,384
229,195,380
229,196,396
229,197,387
229,198,378
229,199,388
229,200,397
230,1,4
230,2,13
230,3,38
230,4,82
230,5,160
230,6,243
230,7,337
230,8,356
230,9,368
230,10,369
230,11,382
230,12,377
230,13,382
230,14,378
230,15,377
230,16,379
230,17,387
230,18,370
230,19,380
230,20,391
230,21,391
230,22,380
230,23,396
230,24,376
230,25,381
230,26,358
230,27,376
230,28,379
230,29,380
230,30,386
230,31,388
230,32,395
230,33,375
230,34,395
230,35,376
230,36,378
230,37,384
230,38,376
230,39,382
230,40,391
230,41,379
230,42,385
230,43,387
230,44,395
230,45,377
230,46,384
230,47,382
230,48,375
230,49,385
230,50,377
230,51,370
230,52,377
230,53,392
230,54,381
230,55,391
230,56,386
230,57,386
230,58,390
230,59,388
230,60,379
230,61,371
230,62,382
230,63,375
230,64,379
230,65,367
230,66,359
230,67,372
230,68,363
230,69,383
230,70,373
230,71,388
230,72,381
230,73,382
230,74,378
230,75,385
230,76,370
230,77,383
230,78,379
230,79,378
230,80,395
230,81,397
230,82,382
230,83,374
230,84,375
230,85,397
230,86,386
230,87,386
230,88,381
230,89,390
230,90,392
230,91,386
230,92,380
230,93,376
230,94,378
230,95,389
230,96,394
230,97,382
230,98,386
230,99,379
230,100,382
230,101,382
230,102,381
230,103,385
230,104,390
230,105,384
230,106,396
230,107,393
230,108,375
230,109,371
230,110,379
230,111,389
230,112,395
230,113,403
230,114,403
230,115,393
230,116,383
230,117,388
230,118,382
230,119,380
230,120,382
230,121,390
230,122,378
230,123,386
230,124,377
230,125,389
230,126,380
230,127,388
230,128,383
230,129,386
230,130,380
230,131,387
230,132,374
230,133,381
230,134,360
230,135,382
230,136,385
230,137,392
230,138,396
230,139,380
230,140,382
230,141,370
230,142,383
230,143,379
230,144,371
230,145,388
230,146,384
230,147,390
230,148,380
230,149,386
230,150,377
230,151,386
230,152,383
230,153,382
230,154,384
230,155,380
230,156,384
230,157,383
230,158,382
230,159,387
230,160,379
230,161,393
230,162,386
230,163,382
230,164,379
230,165,390
230,166,367
230,167,374
230,168,376
230,169,382
230,170,375
230,171,373
230,172,382
230,173,382
230,174,402
230,175,395
230,176,382
230,177,379
230,178,383
230,179,374
230,180,380
230,181,363
230,182,384
230,183,369
230,184,382
230,185,395
230,186,386
230,187,398
230,188,375
230,189,365
230,190,378
230,191,384
230,192,383
230,193,405
230,194,392
230,195,392
230,196,374
230,197,383
230,198,389
230,199,376
230,200,397
231,1,1
231,2,3
231,3,4
231,4,9
231,5,22
231,6,49
231,7,108
231,8,200
231,9,308
231,10,364
231,11,385
231,12,378
231,13,374
231,14,385
231,15,382
231,16,387
231,17,369
231,18,399
231,19,386
231,20,376
231,21,384
231,22,383
231,23,378
231,24,387
231,25,386
231,26,372
231,27,372
231,28,362
231,29,381
231,30,379
231,31,374
231,32,394
231,33,377
231,34,369
231,35,386
231,36,369
231,37,381
231,38,384
231,39,393
231,40,393
231,41,384
231,42,385
231,43,390
231,44,399
231,45,386
231,46,379
231,47,382
231,48,386
231,49,378
231,50,373
231,51,385
231,52,386
231,53,389
231,54,387
231,55,367
231,56,380
231,57,381
231,58,374
231,59,375
231,60,371
231,61,388
231,62,360
231,63,379
231,64,386
231,65,381
231,66,383
231,67,388
231,68,386
231,69,382
231,70,375
231,71,366
231,72,365
231,73,379
231,74,375
231,75,383
231,76,366
231,77,386
231,78,390
231,79,384
231,80,376
231,81,372
231,82,376
231,83,383
231,84,377
231,85,367
231,86,382
231,87,371
231,88,377
231,89,384
231,90,384
231,91,378
231,92,382
231,93,361
231,94,370
231,95,376
231,96,379
231,97,390
231,98,396
231,99,363
231,100,381
231,101,366
231,102,373
231,103,376
231,104,382
231,105,379
231,106,388
231,107,375
231,108,366
231,109,388
231,110,387
231,111,383
231,112,383
231,113,368
231,114,390
231,115,375
231,116,362
231,117,383
231,118,371
231,119,385
231,120,379
231,121,387
231,122,383
231,123,371
231,124,380
231,125,367
231,126,367
231,127,375
231,128,389
231,129,394
231,130,378
231,131,380
231,132,383
231,133,397
231,134,397
231,135,386
231,136,385
231,137,380
231,138,379
231,139,373
231,140,376
231,141,382
231,142,380
231,143,378
231,144,386
231,145,383
231,146,376
231,147,386
231,148,384
231,149,381
231,150,378
231,151,365
231,152,380
231,153,391
231,154,373
231,155,379
231,156,362
231,157,363
231,158,376
231,159,371
231,160,381
231,161,372
231,162,379
231,163,381
231,164,381
231,165,390
231,166,381
231,167,392
231,168,387
231,169,362
231,170,371
231,171,364
231,172,380
231,173,388
231,174,387
231,175,383
231,176,373
231,177,392
231,178,382
231,179,384
231,180,384
231,181,376
231,182,392
231,183,399
231,184,384
231,185,383
231,186,390
231,187,378
231,188,382
231,189,374
231,190,383
231,191,393
231,192,375
231,193,381
231,194,381
231,195,379
231,196,386
231,197,372
231,198,371
231,199,380
231,200,385
232,1,3
232,2,9
232,3,20
232,4,53
232,5,124
232,6,221
232,7,299
232,8,358
232,9,382
232,10,378
232,11,376
232,12,387
232,13,375
232,14,383
232,15,394
232,16,386
232,17,387
232,18,392
232,19,372
232,20,380
232,21,387
232,22,383
232,23,388
232,24,359
232,25,370
232,26,387
232,27,396
232,28,375
232,29,388
232,30,377
232,31,370
232,32,371
232,33,382
232,34,382
232,35,403
232,36,378
232,37,398
232,38,387
232,39,381
232,40,381
232,41,382
232,42,368
232,43,380
232,44,388
232,45,380
232,46,390
232,47,385
232,48,393
232,49,374
232,50,398
232,51,391
232,52,385
232,53,380
232,54,392
232,55,395
232,56,367
232,57,393
232,58,370
232,59,385
232,60,370
232,61,367
232,62,382
232,63,378
232,64,397
232,65,386
232,66,376
232,67,368
232,68,368
232,69,392
232,70,386
232,71,397
232,72,379
232,73,371
232,74,376
232,75,395
232,76,373
232,77,375
232,78,381
232,79,371
232,80,378
232,81,380
232,82,387
232,83,384
232,84,390
232,85,379
232,86,382
232,87,375
232,88,366
232,89,377
232,90,388
232,91,385
232,92,366
232,93,372
232,94,375
232,95,375
232,96,388
232,97,383
232,98,385
232,99,382
232,100,372
232,101,370
232,102,373
232,103,395
232,104,387
232,105,390
232,106,381
232,107,379
232,108,369
232,109,381
232,110,367
232,111,370
232,112,379
232,113,387
232,114,394
232,115,368
232,116,395
232,117,376
232,118,389
232,119,387
232,120,398
232,121,398
232,122,380
232,123,389
232,124,383
232,125,392
232,126,380
232,127,374
232,128,375
232,129,377
232,130,402
232,131,388
232,132,385
232,133,390
232,134,384
232,135,386
232,136,388
232,137,397
232,138,375
232,139,384
232,140,378
232,141,379
232,142,395
232,143,394
232,144,377
232,145,388
232,146,387
232,147,383
232,148,385
232,149,373
232,150,390
232,151,382
232,152,381
232,153,372
232,154,400
232,155,394
232,156,377
232,157,367
232,158,371
232,159,380
232,160,379
232,161,377
232,162,375
232,163,386
232,164,377
232,165,391
232,166,386
232,167,385
232,168,390
232,169,393
232,170,389
232,171,375
232,172,377
232,173,379
232,174,383
232,175,389
232,176,396
232,177,388
232,178,372
232,179,370
232,180,383
232,181,361
232,182,355
232,183,395
232,184,369
232,185,379
232,186,376
232,187,385
232,188,384
232,189,380
232,190,377
232,191,380
232,192,377
232,193,372
232,194,373
232,195,383
232,196,375
232,197,381
232,198,385
232,199,388
232,200,381
233,1,1
233,2,3
233,3,6
233,4,11
233,5,21
233,6,48
233,7,103
233,8,183
233,9,294
233,10,343
233,11,365
233,12,383
233,13,376
233,14,364
233,15,379
233,16,372
233,17,379
233,18,381
233,19,375
233,20,371
233,21,370
233,22,373
233,23,363
233,24,373
233,25,382
233,26,380
233,27,376
233,28,385
233,29,386
233,30,375
233,31,375
233,32,371
233,33,382
233,34,395
233,35,380
233,36,377
233,37,387
233,38,374
233,39,369
233,40,376
233,41,378
233,42,380
233,43,391
233,44,380
233,45,371
233,46,370
233,47,371
233,48,378
233,49,379
233,50,375
233,51,380
233,52,383
233,53,384
233,54,378
233,55,372
233,56,376
233,57,394
233,58,384
233,59,381
233,60,385
233,61,377
233,62,378
233,63,381
233,64,381
233,65,388
233,66,386
233,67,380
233,68,389
233,69,385
233,70,383
233,71,368
233,72,387
233,73,355
233,74,381
233,75,379
233,76,382
233,77,377
233,78,396
233,79,393
233,80,367
233,81,378
233,82,383
233,83,389
233,84,374
233,85,369
233,86,377
233,87,387
233,88,386
233,89,383
233,90,386
233,91,384
233,92,386
233,93,381
233,94,373
233,95,381
233,96,393
233,97,384
233,98,367
233,99,389
233,100,386
233,101,382
233,102,382
233,103,394
233,104,374
233,105,378
233,106,380
233,107,392
233,108,387
233,109,384
233,110,396
233,111,382
233,112,389
233,113,383
233,114,376
233,115,385
233,116,383
233,117,379
233,118,392
233,119,377
233,120,386
233,121,385
233,122,381
233,123,373
233,124,376
233,125,374
233,126,383
233,127,392
233,128,389
233,129,381
233,130,377
233,131,376
233,132,371
233,133,376
233,134,391
233,135,395
233,136,392
233,137,371
233,138,386
233,139,404
233,140,391
233,141,400
233,142,388
233,143,386
233,144,378
233,145,377
233,146,384
233,147,390
233,148,393
233,149,394
233,150,380
233,151,372
233,152,372
233,153,379
233,154,372
233,155,375
233,156,370
233,157,380
233,158,381
233,159,389
233,160,404
233,161,389
233,162,375
233,163,390
233,164,377
233,165,386
233,166,391
233,167,382
233,168,377
233,169,390
233,170,385
233,171,390
233,172,377
233,173,387
233,174,385
233,175,370
233,176,380
233,177,373
233,178,378
233,179,372
233,180,370
233,181,371
233,182,386
233,183,379
233,184,380
233,185,359
233,186,372
233,187,390
233,188,370
233,189,372
233,190,381
233,191,388
233,192,382
233,193,380
233,194,364
233,195,378
233,196,389
233,197,372
233,198,356
233,199,384
233,200,360
234,1,2
234,2,5
234,3,15
234,4,37
234,5,80
234,6,166
234,7,264
234,8,339
234,9,367
234,10,382
234,11,379
234,12,381
234,13,379
234,14,394
234,15,375
234,16,379
234,17,380
234,18,371
234,19,380
234,20,381
234,21,381
234,22,391
234,23,378
234,24,386
234,25,376
234,26,379
234,27,390
234,28,399
234,29,391
234,30,382
234,31,381
234,32,366
234,33,368
234,34,382
234,35,378
234,36,382
234,37,382
234,38,388
234,39,396
234,40,369
234,41,373
234,42,384
234,43,375
234,44,381
234,45,382
234,46,382
234,47,373
234,48,397
234,49,384
234,50,374
234,51,381
234,52,376
234,53,371
234,54,371
234,55,374
234,56,383
234,57,381
234,58,381
234,59,365
234,60,383
234,61,359
234,62,362
234,63,367
234,64,380
234,65,386
234,66,375
234,67,382
234,68,394
234,69,392
234,70,388
234,71,386
234,72,376
234,73,381
234,74,394
234,75,382
234,76,386
234,77,378
234,78,393
234,79,385
234,80,369
234,81,392
234,82,371
234,83,394
234,84,386
234,85,384
234,86,378
234,87,385
234,88,376
234,89,372
234,90,387
234,91,392
234,92,392
234,93,376
234,94,387
234,95,393
234,96,381
234,97,380
234,98,374
234,99,376
234,100,378
234,101,387
234,102,396
234,103,381
234,104,374
234,105,376
234,106,380
234,107,392
234,108,388
234,109,379
234,110,384
234,111,378
234,112,389
234,113,387
234,114,385
234,115,366
234,116,365
234,117,378
234,118,378
234,119,389
234,120,394
234,121,380
234,122,388
234,123,385
234,124,391
234,125,384
234,126,391
234,127,369
234,128,376
234,129,382
234,130,384
234,131,389
234,132,372
234,133,370
234,134,386
234,135,400
234,136,378
234,137,379
234,138,368
234,139,375
234,140,380
234,141,374
234,142,378
234,143,381
234,144,386
234,145,388
234,146,377
234,147,385
234,148,387
234,149,379
234,150,378
234,151,379
234,152,372
234,153,384
234,154,372
234,155,389
234,156,373
234,157,372
234,158,379
234,159,382
234,160,383
234,161,374
234,162,375
234,163,405
234,164,380
234,165,386
234,166,371
234,167,374
234,168,372
234,169,376
234,170,381
234,171,390
234,172,386
234,173,378
234,174,391
234,175,390
234,176,377
234,177,377
234,178,370
234,179,371
234,180,374
234,181,368
234,182,380
234,183,382
234,184,389
234,185,373
234,186,371
234,187,383
234,188,392
234,189,392
234,190,391
234,191,379
234,192,392
234,193,374
234,194,371
234,195,389
234,196,363
234,197,375
234,198,387
234,199,376
234,200,385
235,1,3
235,2,8
235,3,17
235,4,48
235,5,105
235,6,209
235,7,300
235,8,357
235,9,373
235,10,382
235,11,383
235,12,384
235,13,390
235,14,387
235,15,387
235,16,385
235,17,388
235,18,378
235,19,386
235,20,372
235,21,369
235,22,385
235,23,395
235,24,395
235,25,386
235,26,389
235,27,390
235,28,362
235,29,371
235,30,378
235,31,381
235,32,394
235,33,374
235,34,401
235,35,386
235,36,377
235,37,380
235,38,372
235,39,383
235,40,380
235,41,377
235,42,382
235,43,383
235,44,385
235,45,379
235,46,391
235,47,367
235,48,381
235,49,374
235,50,376
235,51,372
235,52,376
235,53,390
235,54,389
235,55,391
235,56,376
235,57,382
235,58,378
235,59,389
235,60,382
235,61,379
235,62,388
235,63,384
235,64,378
235,65,376
235,66,383
235,67,369
235,68,390
235,69,401
235,70,373
235,71,385
235,72,382
235,73,382
235,74,371
235,75,376
235,76,394
235,77,376
235,78,379
235,79,380
235,80,382
235,81,378
235,82,384
235,83,385
235,84,384
235,85,373
235,86,367
235,87,377
235,88,385
235,89,375
235,90,383
235,91,374
235,92,385
235,93,382
235,94,376
235,95,398
235,96,380
235,97,386
235,98,376
235,99,374
235,100,394
235,101,379
235,102,378
235,103,374
235,104,380
235,105,377
235,106,384
235,107,383
235,108,398
235,109,382
235,110,382
235,111,384
235,112,384
235,113,377
235,114,385
235,115,390
235,116,384
235,117,382
235,118,386
235,119,387
235,120,382
235,121,367
235,122,384
235,123,375
235,124,374
235,125,394
235,126,390
235,127,380
235,128,386
235,129,386
235,130,388
235,131,386
235,132,382
235,133,380
235,134,382
235,135,379
235,136,374
235,137,401
235,138,370
235,139,395
235,140,381
235,141,375
235,142,374
235,143,385
235,144,390
235,145,385
235,146,375
235,147,389
235,148,380
235,149,372
235,150,377
235,151,381
235,152,381
235,153,373
235,154,384
235,155,379
235,156,374
235,157,377
235,158,381
235,159,387
235,160,398
235,161,390
235,162,383
235,163,391
235,164,374
235,165,384
235,166,377
235,167,377
235,168,375
235,169,378
235,170,380
235,171,388
235,172,380
235,173,375
235,174,382
235,175,390
235,176,380
235,177,397
235,178,388
235,179,369
235,180,383
235,181,399
235,182,392
235,183,373
235,184,373
235,185,380
235,186,371
235,187,392
235,188,385
235,189,376
235,190,380
235,191,385
235,192,382
235,193,385
235,194,390
235,195,387
235,196,372
235,197,390
235,198,375
235,199,382
235,200,383
236,1,2
236,2,8
236,3,17
236,4,43
236,5,93
236,6,178
236,7,257
236,8,323
236,9,348
236,10,376
236,11,381
236,12,385
236,13,358
236,14,379
236,15,397
236,16,374
236,17,391
236,18,392
236,19,376
236,20,398
236,21,376
236,22,378
236,23,374
236,24,375
236,25,369
236,26,385
236,27,380
236,28,384
236,29,377
236,30,384
236,31,366
236,32,378
236,33,377
236,34,369
236,35,367
236,36,367
236,37,365
236,38,369
236,39,378
236,40,374
236,41,382
236,42,379
236,43,377
236,44,384
236,45,372
236,46,388
236,47,380
236,48,394
236,49,396
236,50,380
236,51,383
236,52,391
236,53,392
236,54,374
236,55,375
236,56,382
236,57,379
236,58,392
236,59,366
236,60,380
236,61,381
236,62,397
236,63,385
236,64,370
236,65,389
236,66,381
236,67,385
236,68,391
236,69,390
236,70,383
236,71,386
236,72,397
236,73,394
236,74,390
236,75,377
236,76,376
236,77,383
236,78,391
236,79,373
236,80,375
236,81,385
236,82,367
236,83,378
236,84,387
236,85,370
236,86,370
236,87,379
236,88,371
236,89,374
236,90,378
236,91,379
236,92,372
236,93,359
236,94,369
236,95,380
236,96,380
236,97,393
236,98,375
236,99,374
236,100,373
236,101,390
236,102,376
236,103,377
236,104,380
236,105,381
236,106,373
236,107,380
236,108,382
236,109,381
236,110,385
236,111,384
236,112,376
236,113,365
236,114,380
236,115,380
236,116,363
236,117,380
236,118,384
236,119,386
236,120,378
236,121,363
236,122,381
236,123,380
236,124,373
236,125,390
236,126,390
236,127,375
236,128,376
236,129,384
236,130,382
236,131,388
236,132,385
236,133,399
236,134,393
236,135,359
236,136,373
236,137,387
236,138,375
236,139,370
236,140,376
236,141,377
236,142,378
236,143,385
236,144,380
236,145,370
236,146,382
236,147,378
236,148,390
236,149,382
236,150,378
236,151,383
236,152,382
236,153,382
236,154,383
236,155,388
236,156,379
236,157,385
236,158,365
236,159,378
236,160,383
236,161,378
236,162,390
236,163,380
236,164,391
236,165,388
236,166,387
236,167,400
236,168,380
236,169,392
236,170,390
236,171,373
236,172,386
236,173,375
236,174,371
236,175,391
236,176,378
236,177,372
236,178,383
236,179,382
236,180,368
236,181,375
236,182,389
236,183,370
236,184,382
236,185,390
236,186,367
236,187,376
236,188,390
236,189,373
236,190,374
236,191,380
236,192,386
236,193,387
236,194,382
236,195,376
236,196,386
236,197,370
236,198,369
236,199,374
236,200,381
237,1,6
237,2,17
237,3,36
237,4,83
237,5,157
237,6,248
237,7,321
237,8,342
237,9,379
237,10,381
237,11,386
237,12,383
237,13,372
237,14,391
237,15,374
237,16,369
237,17,384
237,18,375
237,19,379
237,20,390
237,21,394
237,22,386
237,23,390
237,24,371
237,25,353
237,26,386
237,27,384
237,28,378
237,29,382
237,30,380
237,31,381
237,32,381
237,33,370
237,34,378
237,35,389
237,36,374
237,37,369
237,38,357
237,39,378
237,40,383
237,41,380
237,42,379
237,43,389
237,44,394
237,45,388
237,46,369
237,47,382
237,48,383
237,49,385
237,50,384
237,51,379
237,52,384
237,53,383
237,54,381
237,55,378
237,56,380
237,57,383
237,58,383
237,59,362
237,60,368
237,61,383
237,62,380
237,63,378
237,64,371
237,65,380
237,66,383
237,67,380
237,68,381
237,69,374
237,70,378
237,71,375
237,72,385
237,73,372
237,74,371
237,75,384
237,76,383
237,77,386
237,78,378
237,79,374
237,80,369
237,81,370
237,82,379
237,83,359
237,84,371
237,85,378
237,86,362
237,87,381
237,88,384
237,89,383
237,90,385
237,91,387
237,92,382
237,93,383
237,94,367
237,95,370
237,96,384
237,97,373
237,98,374
237,99,382
237,100,373
237,101,374
237,102,382
237,103,380
237,104,390
237,105,380
237,106,377
237,107,380
237,108,391
237,109,382
237,110,377
237,111,379
237,112,393
237,113,372
237,114,379
237,115,386
237,116,383
237,117,370
237,118,381
237,119,376
237,120,381
237,121,379
237,122,373
237,123,369
237,124,379
237,125,379
237,126,378
237,127,368
237,128,377
237,129,393
237,130,381
237,131,384
237,132,384
237,133,376
237,134,380
237,135,378
237,136,386
237,137,388
237,138,388
237,139,396
237,140,390
237,141,387
237,142,356
237,143,375
237,144,379
237,145,388
237,146,392
237,147,390
237,148,377
237,149,389
237,150,378
237,151,378
237,152,380
237,153,382
237,154,386
237,155,384
237,156,385
237,157,384
237,158,395
237,159,378
237,160,399
237,161,376
237,162,377
237,163,389
237,164,377
237,165,385
237,166,387
237,167,388
237,168,367
237,169,378
237,170,400
237,171,376
237,172,388
237,173,383
237,174,375
237,175,372
237,176,370
237,177,362
237,178,380
237,179,379
237,180,379
237,181,383
237,182,381
237,183,371
237,184,378
237,185,383
237,186,383
237,187,376
237,188,389
237,189,369
237,190,378
237,191,386
237,192,392
237,193,391
237,194,387
237,195,383
237,196,376
237,197,387
237,198,365
237,199,366
237,200,389
238,1,3
238,2,3
238,3,8
238,4,26
238,5,54
238,6,102
238,7,185
238,8,276
238,9,357
238,10,370
238,11,378
238,12,374
238,13,377
238,14,388
238,15,373
238,16,379
238,17,374
238,18,374
238,19,388
238,20,377
238,21,372
238,22,379
238,23,387
238,24,382
238,25,380
238,26,391
238,27,392
238,28,372
238,29,366
238,30,378
238,31,368
238,32,388
238,33,381
238,34,394
238,35,375
238,36,372
238,37,381
238,38,391
238,39,383
238,40,387
238,41,380
238,42,386
238,43,391
238,44,384
238,45,382
238,46,384
238,47,379
238,48,375
238,49,360
238,50,373
238,51,394
238,52,379
238,53,384
238,54,375
238,55,382
238,56,393
238,57,385
238,58,381
238,59,377
238,60,359
238,61,374
238,62,384
238,63,380
238,64,393
238,65,383
238,66,379
238,67,385
238,68,380
238,69,383
238,70,387
238,71,376
238,72,387
238,73,376
238,74,394
238,75,375
238,76,378
238,77,390
238,78,376
238,79,389
238,80,378
238,81,373
238,82,382
238,83,381
238,84,389
238,85,376
238,86,384
238,87,378
238,88,367
238,89,384
238,90,374
238,91,373
238,92,382
238,93,372
238,94,385
238,95,384
238,96,377
238,97,377
238,98,386
238,99,391
238,100,375
238,101,393
238,102,381
238,103,380
238,104,388
238,105,362
238,106,370
238,107,372
238,108,364
238,109,382
238,110,384
238,111,387
238,112,384
238,113,381
238,114,380
238,115,373
238,116,375
238,117,382
238,118,376
238,119,391
238,120,386
238,121,378
238,122,377
238,123,378
238,124,366
238,125,374
238,126,381
238,127,379
238,128,375
238,129,357
238,130,374
238,131,383
238,132,378
238,133,370
238,134,375
238,135,364
238,136,381
238,137,386
238,138,403
238,139,389
238,140,384
238,141,377
238,142,374
238,143,379
238,144,367
238,145,377
238,146,372
238,147,382
238,148,394
238,149,397
238,150,377
238,151,379
238,152,378
238,153,379
238,154,379
238,155,383
238,156,370
238,157,374
238,158,384
238,159,377
238,160,388
238,161,381
238,162,370
238,163,378
238,164,369
238,165,399
238,166,400
238,167,393
238,168,384
238,169,391
238,170,385
238,171,372
238,172,377
238,173,376
238,174,379
238,175,380
238,176,385
238,177,378
238,178,380
238,179,378
238,180,365
238,181,380
238,182,381
238,183,390
238,184,371
238,185,388
238,186,369
238,187,371
238,188,379
238,189,392
238,190,376
238,191,377
238,192,382
238,193,378
238,194,395
238,195,382
238,196,386
238,197,372
238,198,380
238,199,379
238,200,367
239,1,2
239,2,2
239,3,4
239,4,9
239,5,19
239,6,46
239,7,112
239,8,208
239,9,288
239,10,356
239,11,352
239,12,367
239,13,379
239,14,399
239,15,384
239,16,377
239,17,383
239,18,385
239,19,363
239,20,372
239,21,376
239,22,384
239,23,384
239,24,386
239,25,380
239,26,379
239,27,380
239,28,376
239,29,387
239,30,399
239,31,375
239,32,384
239,33,385
239,34,384
239,35,372
239,36,385
239,37,388
239,38,384
239,39,388
239,40,375
239,41,372
239,42,379
239,43,381
239,44,382
239,45,390
239,46,379
239,47,390
239,48,382
239,49,391
239,50,389
239,51,379
239,52,395
239,53,393
239,54,393
239,55,391
239,56,386
239,57,386
239,58,389
239,59,398
239,60,393
239,61,389
239,62,386
239,63,383
239,64,387
239,65,389
239,66,395
239,67,409
239,68,383
239,69,378
239,70,374
239,71,389
239,72,389
239,73,388
239,74,394
239,75,383
239,76,376
239,77,374
239,78,381
239,79,390
239,80,382
239,81,383
239,82,405
239,83,384
239,84,376
239,85,392
239,86,396
239,87,394
239,88,368
239,89,392
239,90,394
239,91,382
239,92,377
239,93,371
239,94,396
239,95,381
239,96,381
239,97,379
239,98,382
239,99,386
239,100,375
239,101,385
239,102,384
239,103,398
239,104,384
239,105,385
239,106,403
239,107,392
239,108,384
239,109,370
239,110,378
239,111,377
239,112,383
239,113,384
239,114,374
239,115,378
239,116,382
239,117,373
239,118,378
239,119,390
239,120,386
239,121,387
239,122,380
239,123,387
239,124,371
239,125,369
239,126,394
239,127,394
239,128,394
239,129,391
239,130,396
239,131,390
239,132,383
239,133,397
239,134,379
239,135,379
239,136,385
239,137,388
239,138,390
239,139,379
239,140,384
239,141,369
239,142,380
239,143,379
239,144,371
239,145,364
239,146,372
239,147,391
239,148,395
239,149,369
239,150,385
239,151,378
239,152,390
239,153,390
239,154,383
239,155,366
239,156,390
239,157,389
239,158,390
239,159,393
239,160,380
239,161,378
239,162,387
239,163,371
239,164,395
239,165,377
239,166,380
239,167,379
239,168,374
239,169,369
239,170,380
239,171,386
239,172,387
239,173,385
239,174,392
239,175,374
239,176,357
239,177,394
239,178,377
239,179,375
239,180,390
239,181,386
239,182,379
239,183,379
239,184,379
239,185,402
239,186,389
239,187,378
239,188,389
239,189,375
239,190,369
239,191,370
239,192,362
239,193,382
239,194,388
239,195,394
239,196,414
239,197,387
239,198,390
239,199,382
239,200,370
240,1,3
240,2,7
240,3,15
240,4,38
240,5,79
240,6,142
240,7,236
240,8,320
240,9,360
240,10,364
240,11,368
240,12,380
240,13,372
240,14,373
240,15,385
240,16,376
240,17,369
240,18,375
240,19,378
240,20,377
240,21,385
240,22,385
240,23,380
240,24,372
240,25,374
240,26,366
240,27,390
240,28,373
240,29,378
240,30,384
240,31,386
240,32,370
240,33,378
240,34,380
240,35,379
240,36,376
240,37,378
240,38,382
240,39,377
240,40,372
240,41,365
240,42,382
240,43,390
240,44,394
240,45,379
240,46,377
240,47,393
240,48,379
240,49,378
240,50,399
240,51,392
240,52,389
240,53,387
240,54,372
240,55,382
240,56,385
240,57,387
240,58,372
240,59,384
240,60,398
240,61,382
240,62,378
240,63,377
240,64,384
240,65,381
240,66,397
240,67,385
240,68,389
240,69,403
240,70,384
240,71,394
240,72,373
240,73,375
240,74,372
240,75,382
240,76,389
240,77,384
240,78,389
240,79,392
240,80,394
240,81,388
240,82,396
240,83,385
240,84,382
240,85,378
240,86,384
240,87,380
240,88,393
240,89,381
240,90,384
240,91,384
240,92,369
240,93,373
240,94,371
240,95,382
240,96,362
240,97,393
240,98,388
240,99,386
240,100,378
240,101,385
240,102,378
240,103,366
240,104,386
240,105,393
240,106,398
240,107,379
240,108,373
240,109,389
240,110,382
240,111,382
240,112,375
240,113,385
240,114,387
240,115,391
240,116,378
240,117,385
240,118,382
240,119,393
240,120,395
240,121,379
240,122,382
240,123,391
240,124,384
240,125,389
240,126,384
240,127,381
240,128,390
240,129,385
240,130,377
240,131,369
240,132,375
240,133,365
240,134,365
240,135,373
240,136,382
240,137,379
240,138,382
240,139,392
240,140,370
240,141,364
240,142,370
240,143,410
240,144,374
240,145,375
240,146,382
240,147,382
240,148,375
240,149,373
240,150,377
240,151,375
240,152,374
240,153,380
240,154,376
240,155,392
240,156,394
240,157,386
240,158,378
240,159,384
240,160,367
240,161,366
240,162,390
240,163,398
240,164,378
240,165,389
240,166,370
240,167,375
240,168,376
240,169,382
240,170,377
240,171,384
240,172,369
240,173,372
240,174,372
240,175,382
240,176,382
240,177,383
240,178,391
240,179,381
240,180,362
240,181,382
240,182,387
240,183,376
240,184,392
240,185,381
240,186,354
240,187,363
240,188,384
240,189,385
240,190,378
240,191,378
240,192,370
240,193,378
240,194,373
240,195,374
240,196,381
240,197,363
240,198,369
240,199,382
240,200,385
241,1,2
241,2,8
241,3,14
241,4,34
241,5,74
241,6,147
241,7,252
241,8,330
241,9,376
241,10,381
241,11,368
241,12,382
241,13,374
241,14,382
241,15,368
241,16,381
241,17,380
241,18,382
241,19,376
241,20,373
241,21,379
241,22,397
241,23,401
241,24,384
241,25,386
241,26,391
241,27,376
241,28,375
241,29,386
241,30,388
241,31,386
241,32,381
241,33,373
241,34,386
241,35,385
241,36,368
241,37,387
241,38,386
241,39,380
241,40,394
241,41,380
241,42,393
241,43,379
241,44,379
241,45,376
241,46,369
241,47,368
241,48,388
241,49,387
241,50,384
241,51,388
241,52,359
241,53,379
241,54,380
241,55,377
241,56,384
241,57,379
241,58,373
241,59,383
241,60,384
241,61,387
241,62,390
241,63,369
241,64,365
241,65,385
241,66,372
241,67,389
241,68,377
241,69,365
241,70,372
241,71,380
241,72,387
241,73,384
241,74,388
241,75,380
241,76,372
241,77,386
241,78,377
241,79,372
241,80,367
241,81,381
241,82,376
241,83,362
241,84,368
241,85,389
241,86,382
241,87,373
241,88,376
241,89,380
241,90,379
241,91,372
241,92,381
241,93,394
241,94,384
241,95,355
241,96,371
241,97,378
241,98,381
241,99,389
241,100,396
241,101,387
241,102,370
241,103,378
241,104,384
241,105,390
241,106,379
241,107,396
241,108,389
241,109,389
241,110,381
241,111,365
241,112,386
241,113,392
241,114,375
241,115,392
241,116,397
241,117,374
241,118,371
241,119,381
241,120,397
241,121,390
241,122,381
241,123,381
241,124,380
241,125,393
241,126,382
241,127,370
241,128,377
241,129,372
241,130,370
241,131,379
241,132,388
241,133,386
241,134,380
241,135,371
241,136,378
241,137,379
241,138,384
241,139,373
241,140,383
241,141,377
241,142,397
241,143,385
241,144,376
241,145,383
241,146,367
241,147,373
241,148,375
241,149,369
241,150,380
241,151,382
241,152,396
241,153,403
241,154,387
241,155,383
241,156,387
241,157,382
241,158,378
241,159,374
241,160,352
241,161,374
241,162,373
241,163,376
241,164,384
241,165,383
241,166,382
241,167,385
241,168,369
241,169,378
241,170,390
241,171,383
241,172,377
241,173,366
241,174,374
241,175,372
241,176,380
241,177,379
241,178,380
241,179,384
241,180,384
241,181,383
241,182,390
241,183,390
241,184,381
241,185,377
241,186,383
241,187,372
241,188,387
241,189,367
241,190,376
241,191,371
241,192,390
241,193,370
241,194,382
241,195,379
241,196,390
241,197,390
241,198,366
241,199,366
241,200,391
242,1,4
242,2,10
242,3,22
242,4,60
242,5,136
242,6,235
242,7,330
242,8,364
242,9,385
242,10,379
242,11,376
242,12,380
242,13,385
242,14,386
242,15,387
242,16,394
242,17,386
242,18,387
242,19,379
242,20,384
242,21,395
242,22,389
242,23,396
242,24,385
242,25,384
242,26,382
242,27,385
242,28,380
242,29,380
242,30,361
242,31,375
242,32,398
242,33,379
242,34,375
242,35,370
242,36,384
242,37,387
242,38,384
242,39,377
242,40,383
242,41,373
242,42,375
242,43,386
242,44,369
242,45,375
242,46,396
242,47,380
242,48,388
242,49,380
242,50,383
242,51,382
242,52,373
242,53,383
242,54,387
242,55,385
242,56,383
242,57,378
242,58,379
242,59,370
242,60,389
242,61,383
242,62,384
242,63,382
242,64,385
242,65,389
242,66,386
242,67,382
242,68,380
242,69,377
242,70,397
242,71,381
242,72,391
242,73,389
242,74,390
242,75,405
242,76,379
242,77,390
242,78,386
242,79,380
242,80,374
242,81,381
242,82,391
242,83,379
242,84,381
242,85,379
242,86,384
242,87,398
242,88,385
242,89,390
242,90,395
242,91,395
242,92,374
242,93,372
242,94,384
242,95,390
242,96,368
242,97,384
242,98,376
242,99,366
242,100,372
242,101,383
242,102,383
242,103,372
242,104,385
242,105,389
242,106,372
242,107,398
242,108,376
242,109,380
242,110,382
242,111,396
242,112,379
242,113,382
242,114,373
242,115,375
242,116,384
242,117,372
242,118,390
242,119,387
242,120,375
242,121,378
242,122,381
242,123,387
242,124,376
242,125,394
242,126,373
242,127,363
242,128,369
242,129,373
242,130,383
242,131,383
242,132,375
242,133,384
242,134,389
242,135,389
242,136,392
242,137,372
242,138,381
242,139,374
242,140,385
242,141,372
242,142,382
242,143,391
242,144,381
242,145,384
242,146,376
242,147,382
242,148,396
242,149,384
242,150,379
242,151,388
242,152,373
242,153,398
242,154,399
242,155,384
242,156,381
242,157,374
242,158,368
242,159,384
242,160,382
242,161,394
242,162,387
242,163,385
242,164,374
242,165,384
242,166,386
242,167,382
242,168,377
242,169,386
242,170,379
242,171,387
242,172,384
242,173,363
242,174,369
242,175,381
242,176,381
242,177,386
242,178,385
242,179,383
242,180,382
242,181,383
242,182,392
242,183,380
242,184,376
242,185,382
242,186,385
242,187,401
242,188,387
242,189,396
242,190,380
242,191,380
242,192,382
242,193,405
242,194,389
242,195,385
242,196,385
242,197,385
242,198,388
242,199,391
242,200,395
243,1,1
243,2,3
243,3,8
243,4,23
243,5,43
243,6,94
243,7,184
243,8,272
243,9,333
243,10,374
243,11,378
243,12,372
243,13,377
243,14,380
243,15,380
243,16,381
243,17,382
243,18,393
243,19,386
243,20,376
243,21,390
243,22,389
243,23,397
243,24,395
243,25,384
243,26,387
243,27,384
243,28,377
243,29,375
243,30,370
243,31,382
243,32,358
243,33,386
243,34,375
243,35,384
243,36,375
243,37,365
243,38,378
243,39,388
243,40,378
243,41,380
243,42,387
243,43,391
243,44,381
243,45,392
243,46,382
243,47,381
243,48,388
243,49,365
243,50,374
243,51,377
243,52,388
243,53,378
243,54,380
243,55,373
243,56,390
243,57,387
243,58,381
243,59,377
243,60,389
243,61,380
243,62,366
243,63,361
243,64,377
243,65,387
243,66,401
243,67,395
243,68,378
243,69,370
243,70,393
243,71,396
243,72,371
243,73,381
243,74,365
243,75,382
243,76,385
243,77,389
243,78,388
243,79,383
243,80,380
243,81,375
243,82,378
243,83,375
243,84,377
243,85,386
243,86,383
243,87,384
243,88,375
243,89,361
243,90,379
243,91,375
243,92,370
243,93,365
243,94,360
243,95,380
243,96,374
243,97,382
243,98,390
243,99,378
243,100,396
243,101,393
243,102,377
243,103,378
243,104,389
243,105,384
243,106,387
243,107,374
243,108,369
243,109,366
243,110,371
243,111,380
243,112,378
243,113,386
243,114,370
243,115,390
243,116,370
243,117,380
243,118,383
243,119,393
243,120,378
243,121,386
243,122,379
243,123,373
243,124,391
243,125,376
243,126,367
243,127,377
243,128,362
243,129,378
243,130,386
243,131,379
243,132,383
243,133,380
243,134,382
243,135,376
243,136,371
243,137,384
243,138,368
243,139,388
243,140,381
243,141,377
243,142,379
243,143,388
243,144,376
243,145,382
243,146,392
243,147,386
243,148,376
243,149,373
243,150,367
243,151,369
243,152,375
243,153,378
243,154,374
243,155,383
243,156,391
243,157,386
243,158,384
243,159,383
243,160,368
243,161,385
243,162,379
243,163,375
243,164,382
243,165,368
243,166,366
243,167,387
243,168,383
243,169,382
243,170,386
243,171,393
243,172,395
243,173,382
243,174,395
243,175,388
243,176,371
243,177,379
243,178,380
243,179,381
243,180,369
243,181,358
243,182,380
243,183,384
243,184,398
243,185,386
243,186,380
243,187,393
243,188,377
243,189,364
243,190,381
243,191,388
243,192,388
243,193,380
243,194,376
243,195,378
243,196,377
243,197,373
243,198,383
243,199,381
243,200,379
244,1,1
244,2,2
244,3,4
244,4,10
244,5,23
244,6,69
244,7,153
244,8,271
244,9,321
244,10,353
244,11,352
244,12,376
244,13,364
244,14,390
244,15,389
244,16,378
244,17,382
244,18,377
244,19,384
244,20,386
244,21,382
244,22,384
244,23,386
244,24,394
244,25,377
244,26,388
244,27,384
244,28,378
244,29,378
244,30,386
244,31,382
244,32,377
244,33,392
244,34,382
244,35,388
244,36,382
244,37,386
244,38,381
244,39,376
244,40,386
244,41,381
244,42,384
244,43,379
244,44,388
244,45,387
244,46,366
244,47,383
244,48,389
244,49,367
244,50,376
244,51,385
244,52,376
244,53,378
244,54,390
244,55,372
244,56,369
244,57,378
244,58,383
244,59,385
244,60,366
244,61,385
244,62,377
244,63,381
244,64,389
244,65,389
244,66,396
244,67,381
244,68,376
244,69,387
244,70,383
244,71,381
244,72,376
244,73,390
244,74,375
244,75,379
244,76,380
244,77,369
244,78,376
244,79,380
244,80,388
244,81,372
244,82,381
244,83,377
244,84,376
244,85,373
244,86,393
244,87,377
244,88,376
244,89,378
244,90,390
244,91,369
244,92,398
244,93,374
244,94,378
244,95,380
244,96,386
244,97,383
244,98,386
244,99,387
244,100,384
244,101,381
244,102,371
244,103,374
244,104,386
244,105,384
244,106,379
244,107,391
244,108,402
244,109,385
244,110,399
244,111,388
244,112,371
244,113,378
244,114,371
244,115,376
244,116,368
244,117,377
244,118,381
244,119,390
244,120,396
244,121,381
244,122,382
244,123,377
244,124,381
244,125,377
244,126,390
244,127,356
244,128,380
244,129,401
244,130,384
244,131,386
244,132,378
244,133,373
244,134,367
244,135,367
244,136,375
244,137,389
244,138,367
244,139,378
244,140,372
244,141,376
244,142,384
244,143,379
244,144,394
244,145,373
244,146,381
244,147,380
244,148,380
244,149,376
244,150,379
244,151,382
244,152,378
244,153,372
244,154,388
244,155,389
244,156,386
244,157,365
244,158,380
244,159,389
244,160,381
244,161,384
244,162,380
244,163,383
244,164,376
244,165,374
244,166,378
244,167,375
244,168,389
244,169,394
244,170,399
244,171,376
244,172,372
244,173,377
244,174,373
244,175,371
244,176,383
244,177,379
244,178,381
244,179,380
244,180,368
244,181,383
244,182,393
244,183,374
244,184,388
244,185,377
244,186,377
244,187,370
244,188,376
244,189,389
244,190,369
244,191,375
244,192,381
244,193,373
244,194,373
244,195,377
244,196,366
244,197,360
244,198,374
244,199,373
244,200,385
245,1,3
245,2,5
245,3,10
245,4,18
245,5,39
245,6,87
245,7,177
245,8,277
245,9,352
245,10,373
245,11,381
245,12,374
245,13,379
245,14,377
245,15,391
245,16,388
245,17,372
245,18,371
245,19,367
245,20,376
245,21,379
245,22,380
245,23,387
245,24,382
245,25,372
245,26,378
245,27,377
245,28,374
245,29,375
245,30,404
245,31,375
245,32,366
245,33,385
245,34,381
245,35,393
245,36,383
245,37,387
245,38,373
245,39,367
245,40,389
245,41,374
245,42,374
245,43,381
245,44,383
245,45,379
245,46,367
245,47,368
245,48,379
245,49,372
245,50,377
245,51,382
245,52,381
245,53,381
245,54,393
245,55,391
245,56,382
245,57,394
245,58,386
245,59,375
245,60,373
245,61,393
245,62,388
245,63,393
245,64,385
245,65,388
245,66,374
245,67,379
245,68,388
245,69,380
245,70,376
245,71,393
245,72,387
245,73,390
245,74,383
245,75,382
245,76,387
245,77,378
245,78,400
245,79,391
245,80,384
245,81,383
245,82,374
245,83,393
245,84,377
245,85,369
245,86,373
245,87,382
245,88,374
245,89,373
245,90,378
245,91,383
245,92,381
245,93,362
245,94,378
245,95,393
245,96,398
245,97,395
245,98,380
245,99,385
245,100,380
245,101,388
245,102,375
245,103,379
245,104,371
245,105,371
245,106,365
245,107,375
245,108,382
245,109,389
245,110,376
245,111,382
245,112,367
245,113,381
245,114,379
245,115,381
245,116,395
245,117,378
245,118,380
245,119,389
245,120,384
245,121,391
245,122,391
245,123,378
245,124,385
245,125,386
245,126,384
245,127,389
245,128,384
245,129,376
245,130,378
245,131,380
245,132,381
245,133,381
245,134,388
245,135,391
245,136,393
245,137,390
245,138,371
245,139,387
245,140,380
245,141,371
245,142,375
245,143,369
245,144,390
245,145,387
245,146,385
245,147,383
245,148,391
245,149,390
245,150,379
245,151,388
245,152,394
245,153,384
245,154,370
245,155,384
245,156,377
245,157,376
245,158,374
245,159,388
245,160,390
245,161,380
245,162,397
245,163,390
245,164,391
245,165,395
245,166,384
245,167,382
245,168,386
245,169,385
245,170,378
245,171,399
245,172,389
245,173,389
245,174,379
245,175,375
245,176,376
245,177,384
245,178,396
245,179,375
245,180,366
245,181,367
245,182,384
245,183,385
245,184,378
245,185,379
245,186,384
245,187,378
245,188,380
245,189,375
245,190,353
245,191,356
245,192,354
245,193,366
245,194,366
245,195,377
245,196,393
245,197,392
245,198,382
245,199,383
245,200,380
246,1,3
246,2,8
246,3,24
246,4,47
246,5,106
246,6,190
246,7,272
246,8,342
246,9,355
246,10,373
246,11,380
246,12,384
246,13,364
246,14,368
246,15,381
246,16,370
246,17,371
246,18,363
246,19,380
246,20,392
246,21,382
246,22,373
246,23,379
246,24,377
246,25,375
246,26,379
246,27,403
246,28,395
246,29,387
246,30,378
246,31,372
246,32,381
246,33,376
246,34,373
246,35,387
246,36,372
246,37,384
246,38,376
246,39,391
246,40,394
246,41,386
246,42,384
246,43,381
246,44,385
246,45,380
246,46,376
246,47,389
246,48,374
246,49,379
246,50,378
246,51,366
246,52,383
246,53,377
246,54,386
246,55,385
246,56,372
246,57,377
246,58,380
246,59,382
246,60,387
246,61,397
246,62,378
246,63,388
246,64,385
246,65,387
246,66,396
246,67,403
246,68,389
246,69,395
246,70,380
246,71,389
246,72,393
246,73,381
246,74,389
246,75,392
246,76,384
246,77,381
246,78,399
246,79,383
246,80,380
246,81,379
246,82,391
246,83,377
246,84,394
246,85,381
246,86,363
246,87,372
246,88,375
246,89,370
246,90,374
246,91,363
246,92,388
246,93,380
246,94,370
246,95,395
246,96,388
246,97,382
246,98,392
246,99,383
246,100,377
246,101,377
246,102,365
246,103,388
246,104,372
246,105,372
246,106,384
246,107,392
246,108,379
246,109,374
246,110,377
246,111,380
246,112,382
246,113,378
246,114,380
246,115,376
246,116,390
246,117,388
246,118,381
246,119,378
246,120,390
246,121,410
246,122,374
246,123,388
246,124,379
246,125,379
246,126,385
246,127,371
246,128,369
246,129,375
246,130,383
246,131,372
246,132,379
246,133,386
246,134,383
246,135,381
246,136,378
246,137,381
246,138,382
246,139,389
246,140,365
246,141,381
246,142,370
246,143,382
246,144,387
246,145,382
246,146,379
246,147,394
246,148,382
246,149,379
246,150,364
246,151,389
246,152,386
246,153,369
246,154,375
246,155,376
246,156,387
246,157,373
246,158,367
246,159,382
246,160,364
246,161,378
246,162,373
246,163,382
246,164,364
246,165,384
246,166,381
246,167,380
246,168,382
246,169,390
246,170,383
246,171,385
246,172,380
246,173,375
246,174,380
246,175,383
246,176,387
246,177,385
246,178,370
246,179,385
246,180,388
246,181,373
246,182,384
246,183,381
246,184,376
246,185,371
246,186,375
246,187,366
246,188,373
246,189,377
246,190,382
246,191,391
246,192,379
246,193,368
246,194,378
246,195,388
246,196,383
246,197,381
246,198,379
246,199,377
246,200,379
247,1,3
247,2,6
247,3,15
247,4,49
247,5,111
247,6,220
247,7,320
247,8,355
247,9,371
247,10,383
247,11,387
247,12,387
247,13,401
247,14,388
247,15,384
247,16,387
247,17,384
247,18,385
247,19,383
247,20,361
247,21,380
247,22,398
247,23,379
247,24,390
247,25,380
247,26,388
247,27,375
247,28,383
247,29,375
247,30,372
247,31,379
247,32,392
247,33,378
247,34,380
247,35,392
247,36,391
247,37,378
247,38,391
247,39,380
247,40,384
247,41,368
247,42,377
247,43,394
247,44,390
247,45,386
247,46,379
247,47,383
247,48,390
247,49,379
247,50,386
247,51,380
247,52,382
247,53,388
247,54,390
247,55,392
247,56,379
247,57,379
247,58,378
247,59,381
247,60,371
247,61,384
247,62,388
247,63,391
247,64,380
247,65,389
247,66,390
247,67,390
247,68,370
247,69,375
247,70,388
247,71,393
247,72,396
247,73,392
247,74,374
247,75,362
247,76,378
247,77,376
247,78,396
247,79,378
247,80,383
247,81,387
247,82,379
247,83,383
247,84,373
247,85,383
247,86,369
247,87,376
247,88,379
247,89,378
247,90,369
247,91,388
247,92,380
247,93,382
247,94,374
247,95,374
247,96,379
247,97,370
247,98,354
247,99,386
247,100,388
247,101,386
247,102,376
247,103,383
247,104,389
247,105,384
247,106,382
247,107,385
247,108,370
247,109,376
247,110,373
247,111,387
247,112,388
247,113,380
247,114,387
247,115,382
247,116,368
247,117,377
247,118,379
247,119,383
247,120,391
247,121,389
247,122,381
247,123,389
247,124,373
247,125,382
247,126,384
247,127,377
247,128,385
247,129,380
247,130,399
247,131,366
247,132,394
247,133,373
247,134,363
247,135,377
247,136,391
247,137,382
247,138,380
247,139,394
247,140,383
247,141,378
247,142,380
247,143,393
247,144,397
247,145,386
247,146,377
247,147,383
247,148,399
247,149,385
247,150,381
247,151,375
247,152,382
247,153,387
247,154,385
247,155,392
247,156,386
247,157,393
247,158,374
247,159,377
247,160,360
247,161,388
247,162,385
247,163,374
247,164,380
247,165,390
247,166,393
247,167,383
247,168,365
247,169,406
247,170,386
247,171,385
247,172,369
247,173,372
247,174,371
247,175,374
247,176,387
247,177,371
247,178,375
247,179,373
247,180,374
247,181,380
247,182,377
247,183,390
247,184,379
247,185,378
247,186,383
247,187,369
247,188,376
247,189,387
247,190,382
247,191,394
247,192,378
247,193,389
247,194,379
247,195,381
247,196,384
247,197,374
247,198,387
247,199,385
247,200,369
248,1,5
248,2,17
248,3,44
248,4,102
248,5,194
248,6,286
248,7,341
248,8,360
248,9,383
248,10,373
248,11,384
248,12,381
248,13,386
248,14,400
248,15,400
248,16,374
248,17,371
248,18,378
248,19,377
248,20,388
248,21,375
248,22,369
248,23,360
248,24,380
248,25,387
248,26,388
248,27,381
248,28,378
248,29,384
248,30,390
248,31,373
248,32,378
248,33,368
248,34,359
248,35,384
248,36,382
248,37,384
248,38,382
248,39,394
248,40,396
248,41,391
248,42,379
248,43,384
248,44,402
248,45,398
248,46,386
248,47,375
248,48,380
248,49,378
248,50,379
248,51,384
248,52,398
248,53,386
248,54,385
248,55,374
248,56,371
248,57,368
248,58,381
248,59,374
248,60,376
248,61,372
248,62,385
248,63,363
248,64,376
248,65,381
248,66,377
248,67,382
248,68,375
248,69,377
248,70,368
248,71,372
248,72,375
248,73,370
248,74,384
248,75,370
248,76,396
248,77,387
248,78,391
248,79,378
248,80,377
248,81,386
248,82,390
248,83,389
248,84,396
248,85,388
248,86,390
248,87,381
248,88,371
248,89,386
248,90,372
248,91,371
248,92,386
248,93,377
248,94,370
248,95,382
248,96,386
248,97,386
248,98,381
248,99,387
248,100,387
248,101,389
248,102,376
248,103,385
248,104,381
248,105,396
248,106,385
248,107,386
248,108,377
248,109,380
248,110,379
248,111,371
248,112,386
248,113,379
248,114,377
248,115,362
248,116,395
248,117,378
248,118,369
248,119,361
248,120,374
248,121,380
248,122,383
248,123,378
248,124,369
248,125,379
248,126,381
248,127,394
248,128,383
248,129,387
248,130,396
248,131,406
248,132,387
248,133,365
248,134,369
248,135,377
248,136,376
248,137,373
248,138,380
248,139,385
248,140,374
248,141,375
248,142,371
248,143,385
248,144,388
248,145,381
248,146,383
248,147,394
248,148,376
248,149,376
248,150,382
248,151,397
248,152,378
248,153,380
248,154,361
248,155,374
248,156,380
248,157,366
248,158,383
248,159,375
248,160,373
248,161,392
248,162,379
248,163,367
248,164,380
248,165,360
248,166,376
248,167,377
248,168,366
248,169,375
248,170,396
248,171,387
248,172,388
248,173,400
248,174,384
248,175,374
248,176,371
248,177,368
248,178,386
248,179,397
248,180,379
248,181,385
248,182,392
248,183,387
248,184,376
248,185,371
248,186,372
248,187,370
248,188,382
248,189,387
248,190,393
248,191,375
248,192,389
248,193,379
248,194,389
248,195,389
248,196,377
248,197,381
248,198,394
248,199,383
248,200,380
249,1,2
249,2,7
249,3,15
249,4,33
249,5,88
249,6,184
249,7,286
249,8,336
249,9,356
249,10,368
249,11,369
249,12,383
249,13,375
249,14,388
249,15,380
249,16,382
249,17,374
249,18,382
249,19,379
249,20,381
249,21,377
249,22,375
249,23,392
249,24,374
249,25,384
249,26,378
249,27,377
249,28,402
249,29,390
249,30,391
249,31,382
249,32,367
249,33,380
249,34,373
249,35,385
249,36,390
249,37,398
249,38,381
249,39,385
249,40,393
249,41,384
249,42,372
249,43,380
249,44,385
249,45,376
249,46,372
249,47,370
249,48,364
249,49,378
249,50,368
249,51,372
249,52,376
249,53,383
249,54,392
249,55,382
249,56,387
249,57,377
249,58,374
249,59,374
249,60,373
249,61,376
249,62,378
249,63,376
249,64,389
249,65,373
249,66,381
249,67,384
249,68,382
249,69,372
249,70,364
249,71,381
249,72,389
249,73,374
249,74,389
249,75,389
249,76,380
249,77,380
249,78,386
249,79,391
249,80,379
249,81,392
249,82,372
249,83,383
249,84,393
249,85,377
249,86,373
249,87,372
249,88,375
249,89,375
249,90,376
249,91,374
249,92,378
249,93,379
249,94,379
249,95,383
249,96,380
249,97,384
249,98,369
249,99,383
249,100,383
249,101,388
249,102,382
249,103,370
249,104,379
249,105,379
249,106,369
249,107,371
249,108,390
249,109,397
249,110,372
249,111,377
249,112,381
249,113,386
249,114,383
249,115,378
249,116,396
249,117,392
249,118,398
249,119,382
249,120,399
249,121,378
249,122,383
249,123,384
249,124,372
249,125,379
249,126,360
249,127,378
249,128,375
249,129,373
249,130,375
249,131,373
249,132,379
249,133,391
249,134,384
249,135,385
249,136,373
249,137,372
249,138,374
249,139,366
249,140,382
249,141,375
249,142,361
249,143,390
249,144,387
249,145,365
249,146,392
249,147,385
249,148,381
249,149,379
249,150,381
249,151,380
249,152,392
249,153,368
249,154,373
249,155,383
249,156,384
249,157,377
249,158,393
249,159,388
249,160,389
249,161,385
249,162,380
249,163,385
249,164,386
249,165,375
249,166,379
249,167,385
249,168,369
249,169,382
249,170,373
249,171,383
249,172,380
249,173,381
249,174,375
249,175,382
249,176,393
249,177,367
249,178,383
249,179,381
249,180,358
249,181,381
249,182,386
249,183,388
249,184,387
249,185,363
249,186,395
249,187,386
249,188,393
249,189,385
249,190,382
249,191,384
249,192,384
249,193,377
249,194,370
249,195,380
249,196,385
249,197,384
249,198,377
249,199,373
249,200,383
250,1,3
250,2,8
250,3,24
250,4,55
250,5,101
250,6,192
250,7,286
250,8,335
250,9,358
250,10,390
250,11,381
250,12,387
250,13,381
250,14,378
250,15,377
250,16,378
250,17,391
250,18,381
250,19,374
250,20,373
250,21,387
250,22,396
250,23,392
250,24,385
250,25,394
250,26,376
250,27,395
250,28,389
250,29,376
250,30,370
250,31,383
250,32,384
250,33,380
250,34,378
250,35,382
250,36,377
250,37,376
250,38,371
250,39,390
250,40,374
250,41,386
250,42,399
250,43,388
250,44,383
250,45,389
250,46,380
250,47,373
250,48,364
250,49,379
250,50,387
250,51,383
250,52,390
250,53,380
250,54,375
250,55,378
250,56,390
250,57,367
250,58,398
250,59,372
250,60,384
250,61,392
250,62,388
250,63,382
250,64,383
250,65,380
250,66,385
250,67,389
250,68,401
250,69,396
250,70,374
250,71,376
250,72,379
250,73,376
250,74,383
250,75,366
250,76,383
250,77,380
250,78,376
250,79,384
250,80,384
250,81,380
250,82,366
250,83,386
250,84,389
250,85,397
250,86,380
250,87,381
250,88,376
250,89,389
250,90,376
250,91,371
250,92,373
250,93,372
250,94,363
250,95,377
250,96,385
250,97,368
250,98,399
250,99,381
250,100,376
250,101,380
250,102,389
250,103,387
250,104,376
250,105,367
250,106,372
250,107,385
250,108,381
250,109,384
250,110,380
250,111,360
250,112,389
250,113,384
250,114,377
250,115,375
250,116,389
250,117,378
250,118,382
250,119,396
250,120,372
250,121,361
250,122,391
250,123,372
250,124,378
250,125,371
250,126,383
250,127,374
250,128,384
250,129,394
250,130,378
250,131,387
250,132,375
250,133,360
250,134,357
250,135,369
250,136,368
250,137,374
250,138,363
250,139,360
250,140,383
250,141,378
250,142,387
250,143,386
250,144,384
250,145,377
250,146,388
250,147,378
250,148,391
250,149,384
250,150,381
250,151,368
250,152,368
250,153,376
250,154,377
250,155,387
250,156,373
250,157,387
250,158,381
250,159,370
250,160,384
250,161,381
250,162,375
250,163,373
250,164,376
250,165,373
250,166,386
250,167,379
250,168,372
250,169,379
250,170,377
250,171,378
250,172,379
250,173,378
250,174,380
250,175,380
250,176,381
250,177,387
250,178,383
250,179,387
250,180,387
250,181,379
250,182,380
250,183,390
250,184,378
250,185,379
250,186,375
250,187,372
250,188,375
250,189,391
250,190,381
250,191,375
250,192,385
250,193,401
250,194,385
250,195,389
250,196,392
250,197,382
250,198,378
250,199,383
250,200,386
251,1,3
251,2,9
251,3,22
251,4,50
251,5,111
251,6,214
251,7,296
251,8,364
251,9,364
251,10,372
251,11,380
251,12,376
251,13,387
251,14,395
251,15,386
251,16,388
251,17,379
251,18,384
251,19,384
251,20,377
251,21,372
251,22,362
251,23,367
251,24,375
251,25,393
251,26,384
251,27,375
251,28,370
251,29,371
251,30,379
251,31,371
251,32,376
251,33,364
251,34,380
251,35,389
251,36,389
251,37,386
251,38,393
251,39,384
251,40,388
251,41,387
251,42,397
251,43,392
251,44,368
251,45,372
251,46,373
251,47,379
251,48,362
251,49,382
251,50,392
251,51,367
251,52,363
251,53,387
251,54,376
251,55,374
251,56,382
251,57,388
251,58,389
251,59,387
251,60,385
251,61,395
251,62,372
251,63,366
251,64,373
251,65,376
251,66,382
251,67,386
251,68,387
251,69,387
251,70,372
251,71,359
251,72,374
251,73,390
251,74,399
251,75,391
251,76,373
251,77,369
251,78,374
251,79,394
251,80,385
251,81,379
251,82,382
251,83,376
251,84,396
251,85,381
251,86,373
251,87,376
251,88,381
251,89,376
251,90,376
251,91,363
251,92,377
251,93,370
251,94,380
251,95,379
251,96,370
251,97,376
251,98,386
251,99,379
251,100,378
251,101,402
251,102,397
251,103,368
251,104,374
251,105,371
251,106,382
251,107,380
251,108,395
251,109,394
251,110,389
251,111,380
251,112,385
251,113,389
251,114,378
251,115,370
251,116,393
251,117,373
251,118,374
251,119,378
251,120,380
251,121,387
251,122,385
251,123,397
251,124,388
251,125,388
251,126,397
251,127,384
251,128,392
251,129,382
251,130,386
251,131,369
251,132,389
251,133,402
251,134,374
251,135,355
251,136,364
251,137,362
251,138,384
251,139,377
251,140,391
251,141,399
251,142,384
251,143,378
251,144,377
251,145,373
251,146,384
251,147,368
251,148,372
251,149,368
251,150,383
251,151,382
251,152,396
251,153,377
251,154,384
251,155,382
251,156,379
251,157,374
251,158,375
251,159,381
251,160,375
251,161,378
251,162,368
251,163,386
251,164,370
251,165,377
251,166,376
251,167,382
251,168,386
251,169,386
251,170,393
251,171,363
251,172,383
251,173,381
251,174,388
251,175,384
251,176,381
251,177,377
251,178,374
251,179,373
251,180,389
251,181,379
251,182,379
251,183,372
251,184,376
251,185,379
251,186,376
251,187,396
251,188,370
251,189,389
251,190,394
251,191,390
251,192,382
251,193,388
251,194,392
251,195,384
251,196,383
251,197,375
251,198,376
251,199,361
251,200,395
252,1,1
252,2,2
252,3,4
252,4,11
252,5,29
252,6,51
252,7,96
252,8,185
252,9,293
252,10,356
252,11,380
252,12,381
252,13,364
252,14,370
252,15,374
252,16,362
252,17,373
252,18,374
252,19,377
252,20,384
252,21,373
252,22,379
252,23,392
252,24,374
252,25,388
252,26,373
252,27,391
252,28,380
252,29,369
252,30,382
252,31,369
252,32,385
252,33,392
252,34,387
252,35,377
252,36,373
252,37,356
252,38,381
252,39,401
252,40,394
252,41,381
252,42,371
252,43,374
252,44,387
252,45,396
252,46,375
252,47,385
252,48,371
252,49,370
252,50,359
252,51,391
252,52,376
252,53,379
252,54,381
252,55,382
252,56,381
252,57,382
252,58,382
252,59,386
252,60,388
252,61,392
252,62,384
252,63,385
252,64,388
252,65,390
252,66,381
252,67,372
252,68,369
252,69,381
252,70,386
252,71,397
252,72,387
252,73,377
252,74,371
252,75,375
252,76,380
252,77,387
252,78,376
252,79,393
252,80,389
252,81,375
252,82,380
252,83,362
252,84,375
252,85,373
252,86,384
252,87,390
252,88,390
252,89,386
252,90,383
252,91,375
252,92,389
252,93,383
252,94,378
252,95,390
252,96,388
252,97,391
252,98,381
252,99,380
252,100,375
252,101,378
252,102,383
252,103,385
252,104,394
252,105,393
252,106,389
252,107,384
252,108,385
252,109,387
252,110,371
252,111,388
252,112,378
252,113,389
252,114,383
252,115,378
252,116,382
252,117,389
252,118,371
252,119,376
252,120,377
252,121,379
252,122,376
252,123,381
252,124,379
252,125,378
252,126,386
252,127,382
252,128,382
252,129,386
252,130,392
252,131,380
252,132,371
252,133,385
252,134,371
252,135,374
252,136,380
252,137,379
252,138,392
252,139,371
252,140,376
252,141,395
252,142,382
252,143,388
252,144,383
252,145,378
252,146,378
252,147,383
252,148,384
252,149,377
252,150,375
252,151,377
252,152,399
252,153,385
252,154,372
252,155,379
252,156,377
252,157,382
252,158,398
252,159,390
252,160,388
252,161,381
252,162,381
252,163,375
252,164,381
252,165,381
252,166,393
252,167,377
252,168,382
252,169,378
252,170,381
252,171,383
252,172,390
252,173,385
252,174,388
252,175,363
252,176,365
252,177,374
252,178,367
252,179,385
252,180,381
252,181,375
252,182,364
252,183,379
252,184,394
252,185,386
252,186,388
252,187,373
252,188,376
252,189,379
252,190,381
252,191,381
252,192,369
252,193,379
252,194,392
252,195,374
252,196,368
252,197,367
252,198,371
252,199,378
252,200,395
253,1,3
253,2,6
253,3,17
253,4,45
253,5,102
253,6,205
253,7,293
253,8,339
253,9,375
253,10,378
253,11,380
253,12,374
253,13,366
253,14,374
253,15,378
253,16,364
253,17,371
253,18,392
253,19,387
253,20,375
253,21,392
253,22,381
253,23,389
253,24,383
253,25,385
253,26,409
253,27,382
253,28,370
253,29,380
253,30,376
253,31,379
253,32,367
253,33,382
253,34,396
253,35,385
253,36,386
253,37,384
253,38,378
253,39,376
253,40,370
253,41,367
253,42,372
253,43,389
253,44,374
253,45,371
253,46,369
253,47,374
253,48,370
253,49,390
253,50,371
253,51,384
253,52,381
253,53,385
253,54,374
253,55,377
253,56,379
253,57,380
253,58,375
253,59,382
253,60,373
253,61,395
253,62,378
253,63,376
253,64,399
253,65,372
253,66,368
253,67,382
253,68,378
253,69,385
253,70,385
253,71,380
253,72,380
253,73,395
253,74,382
253,75,376
253,76,381
253,77,368
253,78,383
253,79,389
253,80,382
253,81,375
253,82,373
253,83,385
253,84,382
253,85,375
253,86,388
253,87,392
253,88,369
253,89,383
253,90,373
253,91,370
253,92,399
253,93,389
253,94,392
253,95,387
253,96,397
253,97,383
253,98,384
253,99,387
253,100,379
253,101,383
253,102,372
253,103,381
253,104,385
253,105,375
253,106,387
253,107,388
253,108,392
253,109,397
253,110,360
253,111,384
253,112,392
253,113,378
253,114,379
253,115,389
253,116,375
253,117,389
253,118,390
253,119,386
253,120,396
253,121,382
253,122,369
253,123,371
253,124,381
253,125,381
253,126,391
253,127,392
253,128,389
253,129,387
253,130,374
253,131,376
253,132,376
253,133,383
253,134,386
253,135,394
253,136,388
253,137,384
253,138,391
253,139,388
253,140,376
253,141,376
253,142,377
253,143,365
253,144,378
253,145,376
253,146,391
253,147,381
253,148,381
253,149,386
253,150,402
253,151,391
253,152,390
253,153,391
253,154,391
253,155,390
253,156,383
253,157,392
253,158,362
253,159,369
253,160,380
253,161,386
253,162,379
253,163,393
253,164,374
253,165,378
253,166,389
253,167,390
253,168,384
253,169,390
253,170,394
253,171,385
253,172,377
253,173,388
253,174,370
253,175,386
253,176,388
253,177,381
253,178,383
253,179,398
253,180,388
253,181,395
253,182,391
253,183,381
253,184,376
253,185,370
253,186,368
253,187,386
253,188,380
253,189,387
253,190,386
253,191,381
253,192,374
253,193,383
253,194,393
253,195,378
253,196,384
253,197,374
253,198,381
253,199,379
253,200,389
254,1,4
254,2,9
254,3,21
254,4,58
254,5,119
254,6,209
254,7,291
254,8,344
254,9,362
254,10,383
254,11,374
254,12,371
254,13,385
254,14,382
254,15,373
254,16,380
254,17,382
254,18,384
254,19,386
254,20,394
254,21,386
254,22,381
254,23,389
254,24,389
254,25,375
254,26,379
254,27,380
254,28,369
254,29,372
254,30,370
254,31,358
254,32,373
254,33,395
254,34,386
254,35,388
254,36,392
254,37,388
254,38,384
254,39,390
254,40,388
254,41,390
254,42,384
254,43,385
254,44,375
254,45,388
254,46,388
254,47,377
254,48,388
254,49,376
254,50,391
254,51,389
254,52,394
254,53,387
254,54,391
254,55,381
254,56,387
254,57,389
254,58,398
254,59,388
254,60,383
254,61,394
254,62,386
254,63,377
254,64,376
254,65,382
254,66,392
254,67,391
254,68,368
254,69,370
254,70,371
254,71,385
254,72,388
254,73,394
254,74,382
254,75,373
254,76,384
254,77,385
254,78,390
254,79,376
254,80,389
254,81,396
254,82,390
254,83,385
254,84,380
254,85,380
254,86,387
254,87,400
254,88,387
254,89,382
254,90,396
254,91,373
254,92,376
254,93,382
254,94,367
254,95,375
254,96,387
254,97,398
254,98,392
254,99,383
254,100,375
254,101,387
254,102,379
254,103,378
254,104,399
254,105,393
254,106,384
254,107,398
254,108,372
254,109,366
254,110,369
254,111,370
254,112,366
254,113,371
254,114,386
254,115,373
254,116,379
254,117,382
254,118,381
254,119,385
254,120,382
254,121,387
254,122,383
254,123,384
254,124,399
254,125,395
254,126,384
254,127,372
254,128,382
254,129,384
254,130,391
254,131,392
254,132,381
254,133,389
254,134,391
254,135,388
254,136,380
254,137,378
254,138,381
254,139,390
254,140,385
254,141,391
254,142,383
254,143,387
254,144,383
254,145,383
254,146,392
254,147,391
254,148,381
254,149,367
254,150,368
254,151,379
254,152,378
254,153,375
254,154,383
254,155,368
254,156,394
254,157,386
254,158,376
254,159,381
254,160,375
254,161,388
254,162,380
254,163,372
254,164,380
254,165,392
254,166,414
254,167,389
254,168,384
254,169,376
254,170,381
254,171,390
254,172,388
254,173,378
254,174,371
254,175,377
254,176,394
254,177,378
254,178,371
254,179,386
254,180,392
254,181,394
254,182,384
254,183,383
254,184,379
254,185,378
254,186,368
254,187,377
254,188,393
254,189,390
254,190,377
254,191,388
254,192,394
254,193,385
254,194,378
254,195,375
254,196,391
254,197,391
254,198,375
254,199,369
254,200,382
255,1,2
255,2,3
255,3,9
255,4,26
255,5,58
255,6,132
255,7,246
255,8,323
255,9,366
255,10,372
255,11,374
255,12,382
255,13,376
255,14,373
255,15,373
255,16,368
255,17,386
255,18,375
255,19,376
255,20,396
255,21,406
255,22,395
255,23,385
255,24,386
255,25,389
255,26,372
255,27,387
255,28,383
255,29,399
255,30,385
255,31,376
255,32,378
255,33,380
255,34,383
255,35,392
255,36,383
255,37,384
255,38,371
255,39,372
255,40,378
255,41,391
255,42,385
255,43,385
255,44,385
255,45,384
255,46,379
255,47,393
255,48,382
255,49,391
255,50,385
255,51,390
255,52,389
255,53,374
255,54,382
255,55,389
255,56,392
255,57,391
255,58,384
255,59,371
255,60,379
255,61,384
255,62,379
255,63,377
255,64,381
255,65,378
255,66,388
255,67,387
255,68,363
255,69,382
255,70,373
255,71,383
255,72,375
255,73,386
255,74,383
255,75,386
255,76,386
255,77,379
255,78,388
255,79,387
255,80,385
255,81,372
255,82,368
255,83,379
255,84,392
255,85,385
255,86,382
255,87,378
255,88,378
255,89,381
255,90,390
255,91,391
255,92,394
255,93,384
255,94,381
255,95,387
255,96,392
255,97,387
255,98,369
255,99,383
255,100,385
255,101,384
255,102,384
255,103,393
255,104,373
255,105,376
255,106,384
255,107,373
255,108,377
255,109,381
255,110,394
255,111,390
255,112,384
255,113,377
255,114,365
255,115,366
255,116,386
255,117,395
255,118,387
255,119,376
255,120,385
255,121,376
255,122,387
255,123,394
255,124,402
255,125,373
255,126,381
255,127,379
255,128,377
255,129,376
255,130,396
255,131,373
255,132,365
255,133,387
255,134,387
255,135,382
255,136,391
255,137,375
255,138,357
255,139,378
255,140,379
255,141,389
255,142,389
255,143,379
255,144,372
255,145,387
255,146,382
255,147,394
255,148,387
255,149,382
255,150,384
255,151,385
255,152,372
255,153,379
255,154,382
255,155,386
255,156,383
255,157,381
255,158,378
255,159,363
255,160,379
255,161,375
255,162,381
255,163,388
255,164,386
255,165,392
255,166,382
255,167,382
255,168,371
255,169,365
255,170,390
255,171,395
255,172,393
255,173,383
255,174,375
255,175,370
255,176,381
255,177,371
255,178,364
255,179,391
255,180,389
255,181,389
255,182,392
255,183,386
255,184,379
255,185,386
255,186,384
255,187,370
255,188,378
255,189,369
255,190,390
255,191,398
255,192,380
255,193,350
255,194,378
255,195,392
255,196,378
255,197,399
255,198,386
255,199,394
255,200,389
256,1,2
256,2,5
256,3,16
256,4,36
256,5,88
256,6,164
256,7,269
256,8,334
256,9,380
256,10,376
256,11,377
256,12,390
256,13,383
256,14,369
256,15,370
256,16,376
256,17,377
256,18,377
256,19,389
256,20,378
256,21,370
256,22,383
256,23,391
256,24,386
256,25,383
256,26,389
256,27,392
256,28,383
256,29,373
256,30,374
256,31,382
256,32,393
256,33,381
256,34,375
256,35,388
256,36,378
256,37,385
256,38,395
256,39,386
256,40,389
256,41,390
256,42,385
256,43,370
256,44,377
256,45,390
256,46,398
256,47,384
256,48,387
256,49,374
256,50,385
256,51,393
256,52,371
256,53,390
256,54,396
256,55,381
256,56,374
256,57,388
256,58,393
256,59,379
256,60,377
256,61,364
256,62,380
256,63,391
256,64,388
256,65,385
256,66,385
256,67,388
256,68,385
256,69,396
256,70,379
256,71,381
256,72,381
256,73,381
256,74,367
256,75,381
256,76,368
256,77,384
256,78,369
256,79,381
256,80,373
256,81,384
256,82,377
256,83,381
256,84,392
256,85,385
256,86,378
256,87,375
256,88,380
256,89,387
256,90,382
256,91,379
256,92,378
256,93,372
256,94,383
256,95,391
256,96,394
256,97,399
256,98,393
256,99,393
256,100,374
256,101,393
256,102,380
256,103,396
256,104,379
256,105,384
256,106,364
256,107,375
256,108,384
256,109,377
256,110,385
256,111,382
256,112,384
256,113,382
256,114,377
256,115,386
256,116,386
256,117,383
256,118,371
256,119,362
256,120,366
256,121,377
256,122,372
256,123,384
256,124,386
256,125,383
256,126,393
256,127,385
256,128,388
256,129,390
256,130,388
256,131,394
256,132,397
256,133,377
256,134,381
256,135,378
256,136,385
256,137,377
256,138,372
256,139,392
256,140,369
256,141,397
256,142,388
256,143,388
256,144,373
256,145,381
256,146,380
256,147,376
256,148,387
256,149,373
256,150,374
256,151,381
256,152,379
256,153,401
256,154,377
256,155,395
256,156,374
256,157,390
256,158,375
256,159,373
256,160,387
256,161,384
256,162,399
256,163,395
256,164,394
256,165,384
256,166,383
256,167,388
256,168,387
256,169,381
256,170,374
256,171,387
256,172,387
256,173,389
256,174,372
256,175,395
256,176,379
256,177,385
256,178,393
256,179,392
256,180,386
256,181,388
256,182,376
256,183,385
256,184,388
256,185,391
256,186,372
256,187,383
256,188,378
256,189,380
256,190,385
256,191,379
256,192,392
256,193,396
256,194,380
256,195,387
256,196,386
256,197,370
256,198,379
256,199,381
256,200,374
257,1,1
257,2,4
257,3,8
257,4,19
257,5,39
257,6,95
257,7,177
257,8,291
257,9,360
257,10,369
257,11,379
257,12,386
257,13,386
257,14,385
257,15,390
257,16,378
257,17,372
257,18,382
257,19,367
257,20,381
257,21,376
257,22,398
257,23,368
257,24,378
257,25,383
257,26,389
257,27,385
257,28,392
257,29,378
257,30,386
257,31,374
257,32,367
257,33,374
257,34,389
257,35,375
257,36,382
257,37,388
257,38,381
257,39,384
257,40,383
257,41,382
257,42,398
257,43,382
257,44,384
257,45,393
257,46,379
257,47,379
257,48,369
257,49,375
257,50,375
257,51,384
257,52,388
257,53,384
257,54,394
257,55,388
257,56,370
257,57,393
257,58,377
257,59,377
257,60,365
257,61,389
257,62,378
257,63,392
257,64,388
257,65,390
257,66,393
257,67,387
257,68,388
257,69,383
257,70,382
257,71,388
257,72,384
257,73,374
257,74,390
257,75,394
257,76,382
257,77,392
257,78,370
257,79,378
257,80,394
257,81,384
257,82,382
257,83,375
257,84,385
257,85,385
257,86,376
257,87,387
257,88,374
257,89,396
257,90,380
257,91,388
257,92,387
257,93,385
257,94,390
257,95,381
257,96,386
257,97,394
257,98,389
257,99,384
257,100,391
257,101,370
257,102,375
257,103,388
257,104,379
257,105,375
257,106,380
257,107,388
257,108,378
257,109,373
257,110,383
257,111,372
257,112,371
257,113,394
257,114,377
257,115,386
257,116,383
257,117,380
257,118,376
257,119,393
257,120,384
257,121,387
257,122,378
257,123,398
257,124,376
257,125,380
257,126,388
257,127,376
257,128,382
257,129,394
257,130,390
257,131,370
257,132,363
257,133,378
257,134,380
257,135,383
257,136,388
257,137,386
257,138,388
257,139,369
257,140,376
257,141,397
257,142,389
257,143,371
257,144,386
257,145,384
257,146,397
257,147,391
257,148,372
257,149,374
257,150,382
257,151,367
257,152,370
257,153,370
257,154,377
257,155,386
257,156,403
257,157,378
257,158,373
257,159,371
257,160,382
257,161,379
257,162,375
257,163,388
257,164,380
257,165,374
257,166,383
257,167,393
257,168,378
257,169,382
257,170,374
257,171,380
257,172,370
257,173,379
257,174,379
257,175,376
257,176,398
257,177,388
257,178,384
257,179,377
257,180,367
257,181,387
257,182,398
257,183,384
257,184,391
257,185,391
257,186,388
257,187,366
257,188,375
257,189,383
257,190,365
257,191,377
257,192,394
257,193,393
257,194,375
257,195,376
257,196,395
257,197,371
257,198,384
257,199,378
257,200,381
258,1,2
258,2,4
258,3,4
258,4,7
258,5,17
258,6,42
258,7,74
258,8,155
258,9,257
258,10,327
258,11,364
258,12,370
258,13,382
258,14,366
258,15,393
258,16,391
258,17,382
258,18,387
258,19,381
258,20,384
258,21,368
258,22,384
258,23,374
258,24,378
258,25,387
258,26,386
258,27,366
258,28,384
258,29,354
258,30,387
258,31,397
258,32,377
258,33,378
258,34,378
258,35,379
258,36,388
258,37,394
258,38,382
258,39,389
258,40,368
258,41,371
258,42,374
258,43,378
258,44,364
258,45,378
258,46,384
258,47,382
258,48,381
258,49,380
258,50,376
258,51,376
258,52,362
258,53,369
258,54,367
258,55,370
258,56,385
258,57,385
258,58,377
258,59,382
258,60,378
258,61,380
258,62,368
258,63,391
258,64,374
258,65,382
258,66,371
258,67,392
258,68,377
258,69,377
258,70,385
258,71,377
258,72,380
258,73,391
258,74,369
258,75,386
258,76,389
258,77,373
258,78,382
258,79,377
258,80,368
258,81,373
258,82,368
258,83,379
258,84,389
258,85,375
258,86,376
258,87,388
258,88,376
258,89,387
258,90,376
258,91,391
258,92,386
258,93,374
258,94,373
258,95,364
258,96,368
258,97,369
258,98,366
258,99,382
258,100,390
258,101,385
258,102,378
258,103,379
258,104,375
258,105,375
258,106,386
258,107,383
258,108,383
258,109,371
258,110,399
258,111,389
258,112,385
258,113,374
258,114,385
258,115,380
258,116,383
258,117,370
258,118,380
258,119,378
258,120,383
258,121,400
258,122,382
258,123,371
258,124,375
258,125,379
258,126,380
258,127,366
258,128,360
258,129,375
258,130,385
258,131,379
258,132,382
258,133,380
258,134,389
258,135,388
258,136,385
258,137,398
258,138,380
258,139,375
258,140,385
258,141,385
258,142,398
258,143,378
258,144,375
258,145,373
258,146,364
258,147,369
258,148,375
258,149,391
258,150,388
258,151,386
258,152,394
258,153,390
258,154,382
258,155,375
258,156,384
258,157,384
258,158,378
258,159,392
258,160,382
258,161,385
258,162,388
258,163,379
258,164,382
258,165,389
258,166,388
258,167,378
258,168,377
258,169,375
258,170,371
258,171,373
258,172,365
258,173,389
258,174,372
258,175,392
258,176,369
258,177,374
258,178,385
258,179,386
258,180,383
258,181,371
258,182,386
258,183,394
258,184,381
258,185,392
258,186,379
258,187,370
258,188,371
258,189,382
258,190,382
258,191,367
258,192,377
258,193,366
258,194,365
258,195,379
258,196,371
258,197,387
258,198,379
258,199,375
258,200,399
259,1,4
259,2,8
259,3,22
259,4,56
259,5,109
259,6,193
259,7,292
259,8,357
259,9,386
259,10,376
259,11,375
259,12,377
259,13,390
259,14,383
259,15,390
259,16,375
259,17,392
259,18,378
259,19,387
259,20,387
259,21,387
259,22,366
259,23,372
259,24,356
259,25,377
259,26,383
259,27,396
259,28,373
259,29,375
259,30,381
259,31,378
259,32,390
259,33,383
259,34,379
259,35,378
259,36,375
259,37,384
259,38,373
259,39,370
259,40,374
259,41,378
259,42,377
259,43,383
259,44,394
259,45,376
259,46,396
259,47,390
259,48,393
259,49,375
259,50,382
259,51,397
259,52,387
259,53,391
259,54,384
259,55,381
259,56,369
259,57,371
259,58,377
259,59,382
259,60,375
259,61,389
259,62,376
259,63,366
259,64,383
259,65,383
259,66,395
259,67,380
259,68,386
259,69,388
259,70,361
259,71,367
259,72,376
259,73,388
259,74,395
259,75,397
259,76,400
259,77,402
259,78,382
259,79,379
259,80,395
259,81,382
259,82,383
259,83,375
259,84,374
259,85,372
259,86,374
259,87,371
259,88,369
259,89,380
259,90,389
259,91,390
259,92,384
259,93,382
259,94,389
259,95,385
259,96,379
259,97,390
259,98,375
259,99,389
259,100,383
259,101,382
259,102,369
259,103,362
259,104,375
259,105,365
259,106,364
259,107,377
259,108,382
259,109,392
259,110,372
259,111,392
259,112,382
259,113,395
259,114,376
259,115,390
259,116,374
259,117,365
259,118,381
259,119,371
259,120,384
259,121,360
259,122,376
259,123,383
259,124,385
259,125,378
259,126,387
259,127,389
259,128,388
259,129,373
259,130,367
259,131,379
259,132,378
259,133,372
259,134,385
259,135,388
259,136,385
259,137,388
259,138,401
259,139,387
259,140,379
259,141,379
259,142,373
259,143,377
259,144,387
259,145,362
259,146,374
259,147,378
259,148,371
259,149,374
259,150,368
259,151,378
259,152,379
259,153,370
259,154,378
259,155,372
259,156,379
259,157,384
259,158,374
259,159,375
259,160,353
259,161,375
259,162,389
259,163,376
259,164,368
259,165,392
259,166,374
259,167,375
259,168,377
259,169,387
259,170,378
259,171,383
259,172,374
259,173,388
259,174,386
259,175,385
259,176,391
259,177,396
259,178,383
259,179,383
259,180,379
259,181,370
259,182,363
259,183,370
259,184,376
259,185,381
259,186,373
259,187,378
259,188,372
259,189,380
259,190,374
259,191,382
259,192,391
259,193,387
259,194,372
259,195,379
259,196,383
259,197,374
259,198,372
259,199,374
259,200,379
260,1,0
260,2,0
260,3,0
260,4,0
260,5,0
260,6,0
260,7,0
260,8,0
260,9,0
260,10,0
260,11,0
260,12,0
260,13,0
260,14,0
260,15,0
260,16,0
260,17,0
260,18,0
260,19,0
260,20,0
260,21,0
260,22,0
260,23,0
260,24,0
260,25,0
260,26,0
260,27,0
260,28,0
260,29,0
260,30,0
260,31,0
260,32,0
260,33,0
260,34,0
260,35,0
260,36,0
260,37,0
260,38,0
260,39,0
260,40,0
260,41,0
260,42,0
260,43,0
260,44,0
260,45,0
260,46,0
260,47,0
260,48,0
260,49,0
260,50,0
260,51,0
260,52,0
260,53,0
260,54,0
260,55,0
260,56,0
260,57,0
260,58,0
260,59,0
260,60,0
260,61,0
260,62,0
260,63,0
260,64,0
260,65,0
260,66,0
260,67,0
260,68,0
260,69,0
260,70,0
260,71,0
260,72,0
260,73,0
260,74,0
260,75,0
260,76,0
260,77,0
260,78,0
260,79,0
260,80,0
260,81,0
260,82,0
260,83,0
260,84,0
260,85,0
260,86,0
260,87,0
260,88,0
260,89,0
260,90,0
260,91,0
260,92,0
260,93,0
260,94,0
260,95,0
260,96,0
260,97,0
260,98,0
260,99,0
260,100,0
260,101,0
260,102,0
260,103,0
260,104,0
260,105,0
260,106,0
260,107,0
260,108,0
260,109,0
260,110,0
260,111,0
260,112,0
260,113,0
260,114,0
260,115,0
260,116,0
260,117,0
260,118,0
260,119,0
260,120,0
260,121,0
260,122,0
260,123,0
260,124,0
260,125,0
260,126,0
260,127,0
260,128,0
260,129,0
260,130,0
260,131,0
260,132,0
260,133,0
260,134,0
260,135,0
260,136,0
260,137,0
260,138,0
260,139,0
260,140,0
260,141,0
260,142,0
260,143,0
260,144,0
260,145,0
260,146,0
260,147,0
260,148,0
260,149,0
260,150,0
260,151,0
260,152,0
260,153,0
260,154,0
260,155,0
260,156,0
260,157,0
260,158,0
260,159,0
260,160,0
260,161,0
260,162,0
260,163,0
260,164,0
260,165,0
260,166,0
260,167,0
260,168,0
260,169,0
260,170,0
260,171,0
260,172,0
260,173,0
260,174,0
260,175,0
260,176,0
260,177,0
260,178,0
260,179,0
260,180,0
260,181,0
260,182,0
260,183,0
260,184,0
260,185,0
260,186,0
260,187,0
260,188,0
260,189,0
260,190,0
260,191,0
260,192,0
260,193,0
260,194,0
260,195,0
260,196,0
260,197,0
260,198,0
260,199,0
260,200,0
261,1,2
261,2,7
261,3,15
261,4,29
261,5,65
261,6,137
261,7,238
261,8,330
261,9,375
261,10,377
261,11,379
261,12,380
261,13,391
261,14,379
261,15,389
261,16,385
261,17,389
261,18,388
261,19,380
261,20,393
261,21,370
261,22,373
261,23,386
261,24,375
261,25,383
261,26,394
261,27,375
261,28,380
261,29,377
261,30,370
261,31,372
261,32,381
261,33,398
261,34,380
261,35,373
261,36,381
261,37,400
261,38,394
261,39,385
261,40,380
261,41,381
261,42,387
261,43,379
261,44,387
261,45,386
261,46,389
261,47,376
261,48,380
261,49,376
261,50,369
261,51,383
261,52,375
261,53,376
261,54,377
261,55,386
261,56,376
261,57,388
261,58,376
261,59,375
261,60,383
261,61,389
261,62,401
261,63,377
261,64,389
261,65,379
261,66,380
261,67,371
261,68,389
261,69,388
261,70,376
261,71,385
261,72,396
261,73,390
261,74,394
261,75,383
261,76,379
261,77,374
261,78,376
261,79,375
261,80,365
261,81,371
261,82,383
261,83,369
261,84,391
261,85,387
261,86,386
261,87,381
261,88,382
261,89,395
261,90,383
261,91,385
261,92,385
261,93,390
261,94,387
261,95,377
261,96,377
261,97,388
261,98,381
261,99,384
261,100,383
261,101,377
261,102,391
261,103,376
261,104,374
261,105,378
261,106,381
261,107,390
261,108,396
261,109,382
261,110,389
261,111,381
261,112,379
261,113,400
261,114,376
261,115,386
261,116,384
261,117,374
261,118,374
261,119,364
261,120,389
261,121,392
261,122,392
261,123,390
261,124,388
261,125,372
261,126,373
261,127,394
261,128,392
261,129,383
261,130,381
261,131,380
261,132,383
261,133,383
261,134,378
261,135,387
261,136,376
261,137,382
261,138,380
261,139,385
261,140,375
261,141,378
261,142,374
261,143,389
261,144,381
261,145,372
261,146,371
261,147,396
261,148,379
261,149,375
261,150,364
261,151,374
261,152,396
261,153,369
261,154,380
261,155,368
261,156,385
261,157,368
261,158,376
261,159,363
261,160,383
261,161,389
261,162,372
261,163,380
261,164,385
261,165,370
261,166,386
261,167,389
261,168,377
261,169,382
261,170,382
261,171,386
261,172,376
261,173,394
261,174,397
261,175,376
261,176,382
261,177,376
261,178,379
261,179,384
261,180,373
261,181,380
261,182,388
261,183,370
261,184,390
261,185,379
261,186,377
261,187,381
261,188,376
261,189,382
261,190,366
261,191,387
261,192,375
261,193,379
261,194,372
261,195,382
261,196,371
261,197,366
261,198,384
261,199,382
261,200,369
262,1,3
262,2,8
262,3,28
262,4,64
262,5,137
262,6,228
262,7,322
262,8,373
262,9,385
262,10,371
262,11,374
262,12,365
262,13,372
262,14,392
262,15,389
262,16,382
262,17,379
262,18,385
262,19,374
262,20,373
262,21,367
262,22,379
262,23,384
262,24,393
262,25,385
262,26,386
262,27,381
262,28,385
262,29,385
262,30,391
262,31,373
262,32,377
262,33,385
262,34,379
262,35,397
262,36,372
262,37,389
262,38,393
262,39,377
262,40,388
262,41,388
262,42,375
262,43,364
262,44,376
262,45,363
262,46,379
262,47,375
262,48,374
262,49,377
262,50,382
262,51,397
262,52,376
262,53,379
262,54,391
262,55,367
262,56,386
262,57,393
262,58,391
262,59,384
262,60,387
262,61,376
262,62,360
262,63,389
262,64,397
262,65,401
262,66,381
262,67,395
262,68,378
262,69,392
262,70,382
262,71,375
262,72,386
262,73,388
262,74,387
262,75,389
262,76,375
262,77,392
262,78,393
262,79,393
262,80,392
262,81,388
262,82,367
262,83,376
262,84,371
262,85,392
262,86,380
262,87,376
262,88,371
262,89,386
262,90,382
262,91,377
262,92,359
262,93,379
262,94,396
262,95,378
262,96,399
262,97,395
262,98,376
262,99,370
262,100,374
262,101,374
262,102,383
262,103,374
262,104,372
262,105,379
262,106,395
262,107,386
262,108,391
262,109,391
262,110,389
262,111,403
262,112,383
262,113,379
262,114,375
262,115,366
262,116,386
262,117,369
262,118,376
262,119,375
262,120,393
262,121,385
262,122,371
262,123,382
262,124,384
262,125,384
262,126,374
262,127,378
262,128,392
262,129,390
262,130,354
262,131,382
262,132,375
262,133,378
262,134,390
262,135,382
262,136,380
262,137,384
262,138,392
262,139,384
262,140,379
262,141,391
262,142,379
262,143,379
262,144,382
262,145,382
262,146,385
262,147,380
262,148,385
262,149,392
262,150,372
262,151,380
262,152,369
262,153,386
262,154,355
262,155,374
262,156,384
262,157,392
262,158,382
262,159,394
262,160,387
262,161,374
262,162,383
262,163,374
262,164,381
262,165,392
262,166,374
262,167,379
262,168,390
262,169,391
262,170,373
262,171,373
262,172,386
262,173,390
262,174,396
262,175,376
262,176,365
262,177,382
262,178,375
262,179,372
262,180,382
262,181,377
262,182,383
262,183,383
262,184,389
262,185,377
262,186,372
262,187,376
262,188,387
262,189,401
262,190,394
262,191,382
262,192,371
262,193,382
262,194,390
262,195,388
262,196,371
262,197,389
262,198,388
262,199,387
262,200,384
263,1,6
263,2,17
263,3,49
263,4,102
263,5,192
263,6,300
263,7,363
263,8,380
263,9,363
263,10,371
263,11,385
263,12,392
263,13,372
263,14,386
263,15,381
263,16,377
263,17,383
263,18,369
263,19,370
263,20,377
263,21,376
263,22,398
263,23,383
263,24,380
263,25,381
263,26,380
263,27,370
263,28,396
263,29,378
263,30,389
263,31,374
263,32,342
263,33,370
263,34,372
263,35,368
263,36,370
263,37,395
263,38,385
263,39,377
263,40,366
263,41,399
263,42,401
263,43,397
263,44,385
263,45,363
263,46,380
263,47,380
263,48,384
263,49,377
263,50,374
263,51,377
263,52,384
263,53,384
263,54,372
263,55,376
263,56,367
263,57,372
263,58,365
263,59,369
263,60,376
263,61,388
263,62,372
263,63,373
263,64,377
263,65,382
263,66,388
263,67,365
263,68,374
263,69,396
263,70,391
263,71,394
263,72,375
263,73,378
263,74,385
263,75,384
263,76,385
263,77,369
263,78,367
263,79,372
263,80,383
263,81,372
263,82,398
263,83,373
263,84,382
263,85,376
263,86,384
263,87,379
263,88,371
263,89,384
263,90,384
263,91,383
263,92,382
263,93,394
263,94,383
263,95,385
263,96,383
263,97,377
263,98,372
263,99,381
263,100,367
263,101,382
263,102,376
263,103,360
263,104,383
263,105,378
263,106,372
263,107,367
263,108,374
263,109,382
263,110,369
263,111,390
263,112,391
263,113,375
263,114,375
263,115,373
263,116,370
263,117,388
263,118,372
263,119,373
263,120,367
263,121,383
263,122,394
263,123,393
263,124,377
263,125,393
263,126,392
263,127,393
263,128,383
263,129,385
263,130,392
263,131,393
263,132,380
263,133,392
263,134,385
263,135,389
263,136,377
263,137,375
263,138,385
263,139,388
263,140,376
263,141,389
263,142,381
263,143,386
263,144,368
263,145,377
263,146,389
263,147,371
263,148,386
263,149,374
263,150,379
263,151,373
263,152,378
263,153,380
263,154,385
263,155,376
263,156,379
263,157,396
263,158,379
263,159,383
263,160,361
263,161,372
263,162,384
263,163,388
263,164,374
263,165,383
263,166,393
263,167,383
263,168,397
263,169,365
263,170,362
263,171,375
263,172,378
263,173,371
263,174,380
263,175,390
263,176,361
263,177,381
263,178,391
263,179,393
263,180,391
263,181,378
263,182,373
263,183,393
263,184,368
263,185,374
263,186,385
263,187,379
263,188,380
263,189,381
263,190,377
263,191,371
263,192,367
263,193,381
263,194,382
263,195,385
263,196,376
263,197,368
263,198,363
263,199,377
263,200,386
264,1,3
264,2,8
264,3,19
264,4,47
264,5,101
264,6,199
264,7,286
264,8,349
264,9,364
264,10,389
264,11,385
264,12,386
264,13,363
264,14,379
264,15,391
264,16,377
264,17,377
264,18,374
264,19,387
264,20,378
264,21,386
264,22,389
264,23,383
264,24,379
264,25,371
264,26,379
264,27,392
264,28,391
264,29,373
264,30,391
264,31,381
264,32,384
264,33,375
264,34,382
264,35,391
264,36,395
264,37,378
264,38,377
264,39,385
264,40,378
264,41,373
264,42,384
264,43,390
264,44,384
264,45,381
264,46,384
264,47,386
264,48,388
264,49,385
264,50,370
264,51,388
264,52,388
264,53,379
264,54,379
264,55,375
264,56,379
264,57,388
264,58,395
264,59,379
264,60,379
264,61,384
264,62,383
264,63,380
264,64,377
264,65,383
264,66,383
264,67,385
264,68,379
264,69,382
264,70,373
264,71,363
264,72,373
264,73,378
264,74,384
264,75,378
264,76,394
264,77,382
264,78,385
264,79,372
264,80,377
264,81,373
264,82,375
264,83,385
264,84,396
264,85,385
264,86,385
264,87,385
264,88,391
264,89,362
264,90,383
264,91,385
264,92,377
264,93,373
264,94,380
264,95,384
264,96,388
264,97,389
264,98,388
264,99,398
264,100,393
264,101,389
264,102,382
264,103,387
264,104,396
264,105,381
264,106,377
264,107,391
264,108,366
264,109,377
264,110,383
264,111,378
264,112,390
264,113,390
264,114,382
264,115,391
264,116,374
264,117,368
264,118,372
264,119,386
264,120,394
264,121,380
264,122,394
264,123,375
264,124,396
264,125,373
264,126,380
264,127,382
264,128,395
264,129,387
264,130,380
264,131,380
264,132,388
264,133,390
264,134,369
264,135,387
264,136,382
264,137,380
264,138,403
264,139,388
264,140,381
264,141,393
264,142,384
264,143,392
264,144,376
264,145,375
264,146,367
264,147,384
264,148,391
264,149,374
264,150,378
264,151,377
264,152,388
264,153,369
264,154,379
264,155,383
264,156,376
264,157,363
264,158,375
264,159,387
264,160,367
264,161,373
264,162,384
264,163,386
264,164,382
264,165,383
264,166,381
264,167,379
264,168,391
264,169,373
264,170,381
264,171,381
264,172,382
264,173,383
264,174,381
264,175,368
264,176,387
264,177,399
264,178,389
264,179,378
264,180,381
264,181,383
264,182,382
264,183,375
264,184,376
264,185,384
264,186,385
264,187,380
264,188,375
264,189,384
264,190,393
264,191,391
264,192,401
264,193,375
264,194,387
264,195,392
264,196,375
264,197,377
264,198,380
264,199,372
264,200,370
265,1,3
265,2,9
265,3,20
265,4,50
265,5,114
265,6,197
265,7,272
265,8,323
265,9,366
265,10,367
265,11,382
265,12,389
265,13,369
265,14,382
265,15,371
265,16,384
265,17,383
265,18,377
265,19,382
265,20,359
265,21,377
265,22,366
265,23,378
265,24,358
265,25,383
265,26,376
265,27,374
265,28,374
265,29,374
265,30,379
265,31,400
265,32,391
265,33,394
265,34,377
265,35,383
265,36,384
265,37,377
265,38,385
265,39,367
265,40,376
265,41,366
265,42,376
265,43,371
265,44,385
265,45,386
265,46,393
265,47,378
265,48,382
265,49,396
265,50,390
265,51,373
265,52,365
265,53,389
265,54,376
265,55,373
265,56,385
265,57,384
265,58,390
265,59,386
265,60,381
265,61,376
265,62,386
265,63,370
265,64,379
265,65,354
265,66,373
265,67,379
265,68,380
265,69,372
265,70,379
265,71,370
265,72,377
265,73,384
265,74,393
265,75,362
265,76,395
265,77,393
265,78,385
265,79,389
265,80,379
265,81,383
265,82,383
265,83,373
265,84,375
265,85,382
265,86,381
265,87,359
265,88,381
265,89,370
265,90,378
265,91,373
265,92,385
265,93,377
265,94,383
265,95,384
265,96,385
265,97,389
265,98,379
265,99,373
265,100,382
265,101,405
265,102,373
265,103,382
265,104,372
265,105,374
265,106,381
265,107,377
265,108,383
265,109,379
265,110,373
265,111,382
265,112,393
265,113,382
265,114,385
265,115,379
265,116,385
265,117,394
265,118,399
265,119,390
265,120,381
265,121,370
265,122,380
265,123,383
265,124,372
265,125,370
265,126,372
265,127,388
265,128,389
265,129,383
265,130,395
265,131,388
265,132,374
265,133,385
265,134,383
265,135,374
265,136,394
265,137,376
265,138,378
265,139,386
265,140,369
265,141,378
265,142,384
265,143,366
265,144,386
265,145,396
265,146,399
265,147,375
265,148,377
265,149,375
265,150,390
265,151,389
265,152,386
265,153,392
265,154,386
265,155,383
265,156,384
265,157,382
265,158,378
265,159,403
265,160,399
265,161,392
265,162,389
265,163,387
265,164,391
265,165,376
265,166,374
265,167,389
265,168,386
265,169,386
265,170,376
265,171,370
265,172,365
265,173,385
265,174,380
265,175,375
265,176,390
265,177,374
265,178,370
265,179,379
265,180,377
265,181,391
265,182,379
265,183,385
265,184,387
265,185,398
265,186,370
265,187,394
265,188,367
265,189,384
265,190,384
265,191,370
265,192,370
265,193,382
265,194,387
265,195,377
265,196,389
265,197,388
265,198,377
265,199,392
265,200,376
266,1,3
266,2,7
266,3,21
266,4,46
266,5,97
266,6,176
266,7,257
266,8,328
266,9,368
266,10,363
266,11,355
266,12,377
266,13,387
266,14,398
266,15,398
266,16,389
266,17,378
266,18,382
266,19,372
266,20,381
266,21,384
266,22,389
266,23,403
266,24,389
266,25,372
266,26,395
266,27,388
266,28,392
266,29,387
266,30,382
266,31,395
266,32,400
266,33,379
266,34,373
266,35,387
266,36,397
266,37,378
266,38,384
266,39,394
266,40,386
266,41,397
266,42,385
266,43,382
266,44,370
266,45,364
266,46,381
266,47,379
266,48,379
266,49,379
266,50,387
266,51,380
266,52,388
266,53,379
266,54,370
266,55,382
266,56,383
266,57,380
266,58,387
266,59,381
266,60,384
266,61,387
266,62,388
266,63,388
266,64,387
266,65,386
266,66,390
266,67,391
266,68,394
266,69,390
266,70,382
266,71,374
266,72,378
266,73,374
266,74,385
266,75,369
266,76,379
266,77,348
266,78,387
266,79,382
266,80,400
266,81,385
266,82,397
266,83,372
266,84,381
266,85,379
266,86,392
266,87,391
266,88,384
266,89,358
266,90,360
266,91,373
266,92,393
266,93,387
266,94,382
266,95,392
266,96,367
266,97,384
266,98,388
266,99,378
266,100,382
266,101,374
266,102,385
266,103,380
266,104,386
266,105,378
266,106,372
266,107,398
266,108,385
266,109,387
266,110,393
266,111,375
266,112,376
266,113,370
266,114,373
266,115,381
266,116,385
266,117,388
266,118,364
266,119,378
266,120,381
266,121,383
266,122,376
266,123,370
266,124,367
266,125,365
266,126,380
266,127,377
266,128,389
266,129,387
266,130,376
266,131,374
266,132,363
266,133,376
266,134,384
266,135,381
266,136,374
266,137,393
266,138,377
266,139,375
266,140,370
266,141,383
266,142,384
266,143,390
266,144,389
266,145,400
266,146,384
266,147,373
266,148,390
266,149,372
266,150,377
266,151,380
266,152,392
266,153,399
266,154,379
266,155,386
266,156,393
266,157,387
266,158,373
266,159,389
266,160,383
266,161,383
266,162,377
266,163,375
266,164,375
266,165,381
266,166,387
266,167,383
266,168,373
266,169,381
266,170,378
266,171,378
266,172,380
266,173,377
266,174,373
266,175,382
266,176,377
266,177,400
266,178,377
266,179,384
266,180,372
266,181,389
266,182,388
266,183,382
266,184,389
266,185,372
266,186,382
266,187,377
266,188,371
266,189,383
266,190,387
266,191,384
266,192,377
266,193,384
266,194,383
266,195,384
266,196,388
266,197,381
266,198,396
266,199,383
266,200,377
267,1,3
267,2,8
267,3,24
267,4,55
267,5,114
267,6,211
267,7,311
267,8,368
267,9,384
267,10,377
267,11,376
267,12,368
267,13,386
267,14,374
267,15,362
267,16,386
267,17,367
267,18,380
267,19,391
267,20,386
267,21,391
267,22,374
267,23,389
267,24,376
267,25,371
267,26,361
267,27,372
267,28,379
267,29,389
267,30,379
267,31,380
267,32,373
267,33,376
267,34,384
267,35,388
267,36,368
267,37,368
267,38,378
267,39,381
267,40,376
267,41,381
267,42,362
267,43,376
267,44,365
267,45,357
267,46,375
267,47,380
267,48,372
267,49,380
267,50,367
267,51,368
267,52,366
267,53,385
267,54,381
267,55,385
267,56,386
267,57,390
267,58,373
267,59,386
267,60,382
267,61,384
267,62,379
267,63,378
267,64,373
267,65,366
267,66,391
267,67,384
267,68,371
267,69,380
267,70,391
267,71,377
267,72,385
267,73,379
267,74,392
267,75,392
267,76,393
267,77,407
267,78,380
267,79,385
267,80,388
267,81,388
267,82,398
267,83,389
267,84,388
267,85,394
267,86,389
267,87,378
267,88,380
267,89,381
267,90,406
267,91,392
267,92,389
267,93,389
267,94,377
267,95,385
267,96,391
267,97,383
267,98,375
267,99,381
267,100,394
267,101,385
267,102,378
267,103,374
267,104,400
267,105,381
267,106,377
267,107,375
267,108,381
267,109,373
267,110,377
267,111,379
267,112,381
267,113,377
267,114,393
267,115,373
267,116,384
267,117,372
267,118,390
267,119,394
267,120,376
267,121,385
267,122,380
267,123,380
267,124,387
267,125,394
267,126,383
267,127,377
267,128,370
267,129,369
267,130,371
267,131,375
267,132,390
267,133,382
267,134,387
267,135,390
267,136,387
267,137,376
267,138,379
267,139,380
267,140,390
267,141,385
267,142,368
267,143,371
267,144,385
267,145,386
267,146,396
267,147,380
267,148,387
267,149,380
267,150,380
267,151,373
267,152,385
267,153,378
267,154,386
267,155,384
267,156,377
267,157,386
267,158,384
267,159,368
267,160,356
267,161,378
267,162,376
267,163,387
267,164,376
267,165,376
267,166,384
267,167,384
267,168,383
267,169,373
267,170,386
267,171,378
267,172,385
267,173,386
267,174,385
267,175,377
267,176,388
267,177,386
267,178,371
267,179,383
267,180,386
267,181,372
267,182,369
267,183,379
267,184,359
267,185,379
267,186,383
267,187,374
267,188,368
267,189,376
267,190,402
267,191,387
267,192,375
267,193,366
267,194,372
267,195,378
267,196,382
267,197,370
267,198,379
267,199,370
267,200,390
268,1,2
268,2,7
268,3,20
268,4,44
268,5,87
268,6,168
268,7,269
268,8,345
268,9,356
268,10,372
268,11,374
268,12,387
268,13,389
268,14,390
268,15,389
268,16,381
268,17,381
268,18,368
268,19,373
268,20,381
268,21,387
268,22,394
268,23,391
268,24,383
268,25,378
268,26,389
268,27,370
268,28,386
268,29,371
268,30,384
268,31,387
268,32,380
268,33,368
268,34,385
268,35,383
268,36,379
268,37,385
268,38,366
268,39,373
268,40,387
268,41,390
268,42,376
268,43,375
268,44,363
268,45,378
268,46,385
268,47,371
268,48,390
268,49,379
268,50,373
268,51,376
268,52,378
268,53,369
268,54,382
268,55,384
268,56,377
268,57,374
268,58,379
268,59,379
268,60,391
268,61,370
268,62,366
268,63,371
268,64,376
268,65,371
268,66,375
268,67,374
268,68,383
268,69,386
268,70,366
268,71,374
268,72,372
268,73,380
268,74,373
268,75,379
268,76,377
268,77,372
268,78,380
268,79,389
268,80,388
268,81,392
268,82,390
268,83,378
268,84,382
268,85,382
268,86,380
268,87,367
268,88,373
268,89,385
268,90,398
268,91,368
268,92,392
268,93,379
268,94,385
268,95,387
268,96,384
268,97,385
268,98,391
268,99,385
268,100,391
268,101,391
268,102,386
268,103,383
268,104,388
268,105,384
268,106,391
268,107,387
268,108,385
268,109,382
268,110,383
268,111,388
268,112,376
268,113,384
268,114,371
268,115,386
268,116,376
268,117,374
268,118,378
268,119,382
268,120,367
268,121,374
268,122,378
268,123,378
268,124,383
268,125,386
268,126,384
268,127,392
268,128,369
268,129,384
268,130,383
268,131,383
268,132,388
268,133,382
268,134,377
268,135,366
268,136,379
268,137,381
268,138,379
268,139,373
268,140,380
268,141,376
268,142,360
268,143,372
268,144,378
268,145,381
268,146,372
268,147,383
268,148,372
268,149,388
268,150,383
268,151,387
268,152,377
268,153,380
268,154,371
268,155,376
268,156,378
268,157,372
268,158,372
268,159,362
268,160,375
268,161,382
268,162,386
268,163,382
268,164,390
268,165,376
268,166,377
268,167,375
268,168,368
268,169,371
268,170,377
268,171,377
268,172,389
268,173,375
268,174,367
268,175,370
268,176,380
268,177,386
268,178,375
268,179,376
268,180,384
268,181,375
268,182,365
268,183,374
268,184,381
268,185,389
268,186,385
268,187,379
268,188,382
268,189,379
268,190,377
268,191,386
268,192,374
268,193,383
268,194,381
268,195,370
268,196,391
268,197,365
268,198,371
268,199,385
268,200,371
269,1,6
269,2,16
269,3,39
269,4,92
269,5,174
269,6,282
269,7,336
269,8,375
269,9,363
269,10,353
269,11,371
269,12,375
269,13,375
269,14,381
269,15,377
269,16,383
269,17,370
269,18,375
269,19,389
269,20,383
269,21,388
269,22,382
269,23,382
269,24,386
269,25,370
269,26,378
269,27,404
269,28,391
269,29,386
269,30,381
269,31,383
269,32,374
269,33,387
269,34,380
269,35,383
269,36,373
269,37,372
269,38,372
269,39,384
269,40,389
269,41,375
269,42,374
269,43,376
269,44,385
269,45,375
269,46,381
269,47,379
269,48,374
269,49,389
269,50,378
269,51,388
269,52,371
269,53,387
269,54,383
269,55,382
269,56,366
269,57,389
269,58,384
269,59,383
269,60,386
269,61,384
269,62,386
269,63,397
269,64,380
269,65,372
269,66,379
269,67,374
269,68,378
269,69,370
269,70,392
269,71,377
269,72,391
269,73,387
269,74,388
269,75,394
269,76,391
269,77,389
269,78,388
269,79,383
269,80,389
269,81,376
269,82,379
269,83,356
269,84,377
269,85,374
269,86,378
269,87,378
269,88,378
269,89,381
269,90,374
269,91,366
269,92,393
269,93,387
269,94,398
269,95,386
269,96,384
269,97,375
269,98,370
269,99,389
269,100,395
269,101,387
269,102,382
269,103,396
269,104,383
269,105,383
269,106,377
269,107,374
269,108,377
269,109,380
269,110,385
269,111,377
269,112,374
269,113,369
269,114,367
269,115,364
269,116,373
269,117,384
269,118,380
269,119,381
269,120,380
269,121,377
269,122,379
269,123,376
269,124,380
269,125,391
269,126,388
269,127,389
269,128,368
269,129,384
269,130,363
269,131,374
269,132,380
269,133,364
269,134,375
269,135,383
269,136,382
269,137,376
269,138,376
269,139,389
269,140,387
269,141,375
269,142,375
269,143,382
269,144,391
269,145,382
269,146,387
269,147,379
269,148,393
269,149,369
269,150,384
269,151,386
269,152,393
269,153,380
269,154,354
269,155,385
269,156,372
269,157,386
269,158,372
269,159,360
269,160,368
269,161,376
269,162,386
269,163,382
269,164,362
269,165,371
269,166,367
269,167,378
269,168,366
269,169,359
269,170,368
269,171,382
269,172,376
269,173,375
269,174,370
269,175,372
269,176,383
269,177,390
269,178,389
269,179,370
269,180,381
269,181,377
269,182,398
269,183,379
269,184,382
269,185,372
269,186,377
269,187,368
269,188,377
269,189,365
269,190,381
269,191,394
269,192,389
269,193,378
269,194,382
269,195,372
269,196,391
269,197,379
269,198,384
269,199,380
269,200,383
270,1,5
270,2,10
270,3,19
270,4,30
270,5,78
270,6,168
270,7,271
270,8,335
270,9,358
270,10,389
270,11,376
270,12,384
270,13,376
270,14,369
270,15,397
270,16,386
270,17,388
270,18,374
270,19,388
270,20,380
270,21,371
270,22,368
270,23,373
270,24,378
270,25,376
270,26,378
270,27,380
270,28,369
270,29,380
270,30,385
270,31,385
270,32,383
270,33,372
270,34,384
270,35,389
270,36,390
270,37,376
270,38,374
270,39,382
270,40,382
270,41,377
270,42,367
270,43,373
270,44,367
270,45,381
270,46,373
270,47,380
270,48,383
270,49,374
270,50,384
270,51,388
270,52,388
270,53,390
270,54,367
270,55,373
270,56,381
270,57,380
270,58,383
270,59,382
270,60,376
270,61,384
270,62,393
270,63,383
270,64,388
270,65,397
270,66,372
270,67,381
270,68,391
270,69,383
270,70,383
270,71,376
270,72,385
270,73,378
270,74,379
270,75,380
270,76,385
270,77,390
270,78,376
270,79,389
270,80,383
270,81,383
270,82,379
270,83,381
270,84,390
270,85,364
270,86,385
270,87,381
270,88,369
270,89,361
270,90,371
270,91,374
270,92,380
270,93,380
270,94,380
270,95,384
270,96,379
270,97,378
270,98,376
270,99,368
270,100,372
270,101,397
270,102,383
270,103,381
270,104,371
270,105,379
270,106,380
270,107,395
270,108,392
270,109,378
270,110,382
270,111,384
270,112,383
270,113,382
270,114,380
270,115,382
270,116,378
270,117,362
270,118,377
270,119,370
270,120,380
270,121,382
270,122,381
270,123,387
270,124,387
270,125,394
270,126,387
270,127,386
270,128,375
270,129,377
270,130,374
270,131,371
270,132,377
270,133,367
270,134,377
270,135,388
270,136,386
270,137,374
270,138,388
270,139,364
270,140,382
270,141,385
270,142,383
270,143,392
270,144,385
270,145,378
270,146,380
270,147,397
270,148,385
270,149,388
270,150,379
270,151,383
270,152,384
270,153,372
270,154,371
270,155,381
270,156,363
270,157,386
270,158,384
270,159,378
270,160,368
270,161,363
270,162,375
270,163,379
270,164,379
270,165,371
270,166,370
270,167,370
270,168,384
270,169,375
270,170,375
270,171,386
270,172,395
270,173,399
270,174,380
270,175,366
270,176,384
270,177,371
270,178,373
270,179,388
270,180,381
270,181,378
270,182,400
270,183,387
270,184,385
270,185,377
270,186,375
270,187,370
270,188,387
270,189,384
270,190,387
270,191,383
270,192,376
270,193,371
270,194,374
270,195,379
270,196,380
270,197,364
270,198,366
270,199,372
270,200,369
271,1,1
271,2,1
271,3,3
271,4,6
271,5,12
271,6,29
271,7,88
271,8,171
271,9,277
271,10,343
271,11,377
271,12,365
271,13,376
271,14,376
271,15,372
271,16,373
271,17,389
271,18,386
271,19,382
271,20,382
271,21,384
271,22,394
271,23,366
271,24,374
271,25,387
271,26,394
271,27,395
271,28,387
271,29,387
271,30,379
271,31,382
271,32,372
271,33,394
271,34,390
271,35,363
271,36,393
271,37,383
271,38,364
271,39,380
271,40,373
271,41,382
271,42,385
271,43,367
271,44,388
271,45,379
271,46,386
271,47,384
271,48,390
271,49,380
271,50,374
271,51,378
271,52,406
271,53,388
271,54,386
271,55,387
271,56,390
271,57,394
271,58,388
271,59,378
271,60,378
271,61,382
271,62,390
271,63,379
271,64,383
271,65,376
271,66,387
271,67,373
271,68,380
271,69,400
271,70,390
271,71,382
271,72,391
271,73,378
271,74,400
271,75,382
271,76,389
271,77,393
271,78,394
271,79,382
271,80,371
271,81,376
271,82,378
271,83,386
271,84,388
271,85,385
271,86,368
271,87,378
271,88,364
271,89,370
271,90,377
271,91,386
271,92,385
271,93,373
271,94,377
271,95,389
271,96,374
271,97,371
271,98,384
271,99,379
271,100,393
271,101,392
271,102,385
271,103,371
271,104,386
271,105,392
271,106,393
271,107,377
271,108,383
271,109,387
271,110,367
271,111,382
271,112,387
271,113,387
271,114,367
271,115,363
271,116,369
271,117,387
271,118,381
271,119,372
271,120,388
271,121,388
271,122,381
271,123,381
271,124,374
271,125,394
271,126,387
271,127,398
271,128,394
271,129,375
271,130,382
271,131,380
271,132,374
271,133,387
271,134,375
271,135,394
271,136,385
271,137,397
271,138,382
271,139,379
271,140,389
271,141,392
271,142,382
271,143,379
271,144,376
271,145,384
271,146,381
271,147,385
271,148,381
271,149,387
271,150,380
271,151,382
271,152,395
271,153,397
271,154,398
271,155,388
271,156,386
271,157,384
271,158,392
271,159,371
271,160,389
271,161,376
271,162,370
271,163,394
271,164,392
271,165,386
271,166,390
271,167,383
271,168,385
271,169,362
271,170,384
271,171,387
271,172,381
271,173,387
271,174,376
271,175,380
271,176,376
271,177,388
271,178,380
271,179,388
271,180,387
271,181,377
271,182,390
271,183,379
271,184,362
271,185,377
271,186,394
271,187,371
271,188,399
271,189,394
271,190,393
271,191,374
271,192,378
271,193,372
271,194,375
271,195,382
271,196,382
271,197,377
271,198,382
271,199,386
271,200,380
272,1,6
272,2,20
272,3,39
272,4,84
272,5,160
272,6,274
272,7,332
272,8,379
272,9,382
272,10,395
272,11,390
272,12,375
272,13,377
272,14,373
272,15,368
272,16,380
272,17,377
272,18,369
272,19,367
272,20,384
272,21,396
272,22,386
272,23,375
272,24,387
272,25,389
272,26,386
272,27,372
272,28,386
272,29,370
272,30,385
272,31,406
272,32,401
272,33,400
272,34,375
272,35,384
272,36,386
272,37,383
272,38,384
272,39,395
272,40,390
272,41,378
272,42,393
272,43,395
272,44,384
272,45,375
272,46,371
272,47,383
272,48,362
272,49,380
272,50,391
272,51,379
272,52,391
272,53,380
272,54,380
272,55,383
272,56,375
272,57,394
272,58,377
272,59,376
272,60,363
272,61,364
272,62,370
272,63,385
272,64,383
272,65,380
272,66,375
272,67,383
272,68,373
272,69,380
272,70,369
272,71,369
272,72,371
272,73,376
272,74,381
272,75,382
272,76,385
272,77,373
272,78,377
272,79,376
272,80,389
272,81,381
272,82,383
272,83,397
272,84,396
272,85,382
272,86,375
272,87,381
272,88,388
272,89,385
272,90,392
272,91,392
272,92,403
272,93,388
272,94,388
272,95,387
272,96,374
272,97,372
272,98,398
272,99,388
272,100,397
272,101,398
272,102,395
272,103,387
272,104,377
272,105,378
272,106,363
272,107,377
272,108,377
272,109,379
272,110,388
272,111,389
272,112,373
272,113,362
272,114,374
272,115,379
272,116,374
272,117,359
272,118,368
272,119,387
272,120,393
272,121,371
272,122,390
272,123,393
272,124,377
272,125,387
272,126,391
272,127,407
272,128,377
272,129,382
272,130,385
272,131,386
272,132,388
272,133,381
272,134,378
272,135,389
272,136,386
272,137,383
272,138,380
272,139,388
272,140,388
272,141,382
272,142,388
272,143,387
272,144,390
272,145,361
272,146,368
272,147,390
272,148,390
272,149,385
272,150,369
272,151,386
272,152,380
272,153,390
272,154,377
272,155,384
272,156,371
272,157,370
272,158,367
272,159,375
272,160,369
272,161,382
272,162,383
272,163,387
272,164,374
272,165,370
272,166,376
272,167,392
272,168,381
272,169,387
272,170,384
272,171,372
272,172,372
272,173,372
272,174,378
272,175,391
272,176,373
272,177,392
272,178,387
272,179,379
272,180,379
272,181,365
272,182,379
272,183,380
272,184,393
272,185,377
272,186,378
272,187,386
272,188,379
272,189,389
272,190,381
272,191,367
272,192,361
272,193,380
272,194,379
272,195,393
272,196,401
272,197,387
272,198,395
272,199,397
272,200,399
273,1,1
273,2,1
273,3,2
273,4,6
273,5,12
273,6,35
273,7,83
273,8,163
273,9,266
273,10,329
273,11,369
273,12,364
273,13,370
273,14,380
273,15,381
273,16,380
273,17,382
273,18,383
273,19,378
273,20,388
273,21,373
273,22,370
273,23,366
273,24,365
273,25,377
273,26,372
273,27,393
273,28,391
273,29,396
273,30,386
273,31,393
273,32,383
273,33,369
273,34,377
273,35,380
273,36,386
273,37,384
273,38,399
273,39,394
273,40,397
273,41,391
273,42,378
273,43,392
273,44,385
273,45,362
273,46,385
273,47,392
273,48,391
273,49,380
273,50,383
273,51,382
273,52,390
273,53,378
273,54,379
273,55,395
273,56,382
273,57,384
273,58,380
273,59,382
273,60,381
273,61,381
273,62,392
273,63,385
273,64,383
273,65,387
273,66,369
273,67,382
273,68,381
273,69,390
273,70,378
273,71,378
273,72,383
273,73,373
273,74,367
273,75,382
273,76,388
273,77,380
273,78,392
273,79,386
273,80,391
273,81,380
273,82,368
273,83,374
273,84,390
273,85,378
273,86,381
273,87,376
273,88,379
273,89,384
273,90,397
273,91,385
273,92,384
273,93,393
273,94,382
273,95,392
273,96,387
273,97,381
273,98,388
273,99,377
273,100,393
273,101,389
273,102,386
273,103,371
273,104,374
273,105,376
273,106,385
273,107,367
273,108,382
273,109,393
273,110,392
273,111,382
273,112,390
273,113,382
273,114,384
273,115,385
273,116,376
273,117,379
273,118,389
273,119,354
273,120,374
273,121,381
273,122,375
273,123,377
273,124,391
273,125,391
273,126,375
273,127,375
273,128,376
273,129,383
273,130,379
273,131,380
273,132,386
273,133,387
273,134,371
273,135,380
273,136,392
273,137,384
273,138,373
273,139,383
273,140,383
273,141,375
273,142,384
273,143,386
273,144,388
273,145,374
273,146,378
273,147,365
273,148,386
273,149,372
273,150,387
273,151,375
273,152,380
273,153,376
273,154,372
273,155,372
273,156,386
273,157,397
273,158,380
273,159,379
273,160,367
273,161,382
273,162,388
273,163,375
273,164,374
273,165,386
273,166,377
273,167,378
273,168,376
273,169,357
273,170,380
273,171,372
273,172,368
273,173,369
273,174,383
273,175,387
273,176,378
273,177,378
273,178,387
273,179,396
273,180,385
273,181,385
273,182,382
273,183,383
273,184,381
273,185,387
273,186,370
273,187,365
273,188,378
273,189,383
273,190,374
273,191,396
273,192,385
273,193,375
273,194,384
273,195,383
273,196,367
273,197,383
273,198,384
273,199,389
273,200,381
274,1,4
274,2,13
274,3,35
274,4,78
274,5,163
274,6,266
274,7,328
274,8,358
274,9,374
274,10,380
274,11,375
274,12,379
274,13,388
274,14,396
274,15,371
274,16,372
274,17,384
274,18,395
274,19,375
274,20,380
274,21,379
274,22,386
274,23,389
274,24,403
274,25,383
274,26,391
274,27,389
274,28,369
274,29,363
274,30,362
274,31,377
274,32,378
274,33,385
274,34,370
274,35,382
274,36,373
274,37,383
274,38,374
274,39,376
274,40,369
274,41,372
274,42,392
274,43,389
274,44,378
274,45,384
274,46,374
274,47,369
274,48,376
274,49,385
274,50,373
274,51,365
274,52,360
274,53,373
274,54,370
274,55,361
274,56,362
274,57,375
274,58,386
274,59,369
274,60,390
274,61,384
274,62,389
274,63,394
274,64,374
274,65,396
274,66,394
274,67,387
274,68,373
274,69,388
274,70,396
274,71,369
274,72,377
274,73,395
274,74,368
274,75,382
274,76,384
274,77,377
274,78,374
274,79,381
274,80,381
274,81,387
274,82,372
274,83,399
274,84,380
274,85,379
274,86,366
274,87,368
274,88,369
274,89,372
274,90,377
274,91,388
274,92,382
274,93,384
274,94,381
274,95,371
274,96,369
274,97,367
274,98,386
274,99,373
274,100,378
274,101,378
274,102,400
274,103,390
274,104,384
274,105,377
274,106,370
274,107,382
274,108,397
274,109,389
274,110,393
274,111,386
274,112,363
274,113,381
274,114,380
274,115,380
274,116,381
274,117,380
274,118,380
274,119,373
274,120,377
274,121,387
274,122,376
274,123,381
274,124,376
274,125,382
274,126,387
274,127,388
274,128,378
274,129,371
274,130,397
274,131,383
274,132,381
274,133,371
274,134,372
274,135,379
274,136,381
274,137,384
274,138,371
274,139,391
274,140,359
274,141,383
274,142,370
274,143,390
274,144,384
274,145,386
274,146,386
274,147,368
274,148,364
274,149,386
274,150,381
274,151,382
274,152,381
274,153,377
274,154,387
274,155,370
274,156,391
274,157,392
274,158,397
274,159,396
274,160,383
274,161,380
274,162,378
274,163,367
274,164,379
274,165,370
274,166,376
274,167,383
274,168,376
274,169,371
274,170,376
274,171,386
274,172,361
274,173,382
274,174,392
274,175,395
274,176,390
274,177,388
274,178,369
274,179,371
274,180,390
274,181,373
274,182,383
274,183,378
274,184,379
274,185,387
274,186,389
274,187,377
274,188,394
274,189,390
274,190,382
274,191,375
274,192,379
274,193,374
274,194,382
274,195,393
274,196,385
274,197,393
274,198,396
274,199,381
274,200,382
275,1,2
275,2,3
275,3,9
275,4,23
275,5,50
275,6,112
275,7,192
275,8,293
275,9,354
275,10,381
275,11,391
275,12,378
275,13,382
275,14,389
275,15,400
275,16,374
275,17,375
275,18,376
275,19,387
275,20,385
275,21,378
275,22,375
275,23,385
275,24,384
275,25,380
275,26,367
275,27,377
275,28,379
275,29,371
275,30,384
275,31,392
275,32,379
275,33,373
275,34,379
275,35,368
275,36,390
275,37,386
275,38,375
275,39,382
275,40,383
275,41,378
275,42,376
275,43,382
275,44,376
275,45,377
275,46,375
275,47,392
275,48,394
275,49,388
275,50,388
275,51,380
275,52,384
275,53,385
275,54,382
275,55,395
275,56,391
275,57,389
275,58,394
275,59,387
275,60,379
275,61,387
275,62,377
275,63,367
275,64,379
275,65,382
275,66,378
275,67,369
275,68,391
275,69,390
275,70,372
275,71,365
275,72,381
275,73,374
275,74,378
275,75,392
275,76,397
275,77,385
275,78,400
275,79,372
275,80,384
275,81,389
275,82,378
275,83,375
275,84,381
275,85,392
275,86,386
275,87,394
275,88,386
275,89,377
275,90,383
275,91,390
275,92,380
275,93,378
275,94,378
275,95,388
275,96,391
275,97,385
275,98,387
275,99,390
275,100,392
275,101,371
275,102,377
275,103,372
275,104,390
275,105,368
275,106,384
275,107,381
275,108,388
275,109,387
275,110,370
275,111,375
275,112,378
275,113,380
275,114,389
275,115,393
275,116,370
275,117,366
275,118,385
275,119,383
275,120,392
275,121,382
275,122,379
275,123,386
275,124,376
275,125,381
275,126,389
275,127,393
275,128,391
275,129,386
275,130,393
275,131,384
275,132,380
275,133,376
275,134,372
275,135,380
275,136,365
275,137,358
275,138,375
275,139,392
275,140,383
275,141,377
275,142,384
275,143,373
275,144,384
275,145,374
275,146,393
275,147,388
275,148,383
275,149,372
275,150,384
275,151,389
275,152,395
275,153,380
275,154,389
275,155,380
275,156,390
275,157,381
275,158,374
275,159,388
275,160,390
275,161,390
275,162,381
275,163,384
275,164,382
275,165,396
275,166,385
275,167,380
275,168,387
275,169,378
275,170,382
275,171,368
275,172,387
275,173,385
275,174,388
275,175,379
275,176,389
275,177,383
275,178,387
275,179,383
275,180,388
275,181,380
275,182,374
275,183,388
275,184,379
275,185,392
275,186,384
275,187,380
275,188,384
275,189,377
275,190,393
275,191,377
275,192,374
275,193,374
275,194,361
275,195,375
275,196,375
275,197,374
275,198,379
275,199,382
275,200,393
276,1,4
276,2,9
276,3,21
276,4,42
276,5,96
276,6,188
276,7,274
276,8,346
276,9,369
276,10,379
276,11,381
276,12,380
276,13,368
276,14,380
276,15,373
276,16,385
276,17,392
276,18,389
276,19,391
276,20,386
276,21,380
276,22,374
276,23,392
276,24,390
276,25,399
276,26,392
276,27,381
276,28,374
276,29,377
276,30,384
276,31,381
276,32,375
276,33,389
276,34,383
276,35,383
276,36,382
276,37,374
276,38,384
276,39,382
276,40,365
276,41,380
276,42,389
276,43,377
276,44,383
276,45,381
276,46,380
276,47,372
276,48,377
276,49,380
276,50,375
276,51,392
276,52,368
276,53,389
276,54,390
276,55,385
276,56,390
276,57,390
276,58,370
276,59,385
276,60,375
276,61,382
276,62,369
276,63,386
276,64,387
276,65,381
276,66,382
276,67,386
276,68,386
276,69,377
276,70,366
276,71,377
276,72,399
276,73,383
276,74,375
276,75,373
276,76,375
276,77,374
276,78,381
276,79,389
276,80,379
276,81,384
276,82,380
276,83,388
276,84,380
276,85,368
276,86,368
276,87,362
276,88,386
276,89,368
276,90,391
276,91,368
276,92,377
276,93,377
276,94,385
276,95,387
276,96,374
276,97,385
276,98,387
276,99,385
276,100,388
276,101,391
276,102,390
276,103,376
276,104,382
276,105,373
276,106,368
276,107,376
276,108,378
276,109,367
276,110,374
276,111,377
276,112,384
276,113,380
276,114,384
276,115,387
276,116,379
276,117,366
276,118,386
276,119,382
276,120,389
276,121,387
276,122,381
276,123,384
276,124,374
276,125,399
276,126,396
276,127,388
276,128,382
276,129,403
276,130,368
276,131,382
276,132,381
276,133,394
276,134,380
276,135,379
276,136,379
276,137,385
276,138,385
276,139,377
276,140,397
276,141,391
276,142,386
276,143,387
276,144,368
276,145,377
276,146,378
276,147,383
276,148,388
276,149,394
276,150,379
276,151,373
276,152,380
276,153,376
276,154,376
276,155,371
276,156,372
276,157,378
276,158,355
276,159,390
276,160,373
276,161,377
276,162,389
276,163,378
276,164,378
276,165,375
276,166,368
276,167,369
276,168,385
276,169,386
276,170,385
276,171,378
276,172,396
276,173,380
276,174,373
276,175,392
276,176,376
276,177,373
276,178,368
276,179,373
276,180,375
276,181,378
276,182,381
276,183,381
276,184,388
276,185,374
276,186,389
276,187,388
276,188,387
276,189,381
276,190,375
276,191,376
276,192,383
276,193,376
276,194,366
276,195,374
276,196,395
276,197,385
276,198,385
276,199,385
276,200,384
277,1,2
277,2,3
277,3,8
277,4,10
277,5,24
277,6,53
277,7,104
277,8,208
277,9,317
277,10,367
277,11,379
277,12,371
277,13,377
277,14,376
277,15,377
277,16,380
277,17,372
277,18,364
277,19,386
277,20,389
277,21,379
277,22,387
277,23,382
277,24,387
277,25,380
277,26,377
277,27,378
277,28,385
277,29,386
277,30,381
277,31,368
277,32,387
277,33,369
277,34,359
277,35,381
277,36,382
277,37,394
277,38,375
277,39,377
277,40,382
277,41,384
277,42,361
277,43,363
277,44,368
277,45,375
277,46,377
277,47,370
277,48,373
277,49,370
277,50,394
277,51,372
277,52,364
277,53,380
277,54,371
277,55,378
277,56,380
277,57,387
277,58,374
277,59,390
277,60,395
277,61,373
277,62,384
277,63,384
277,64,360
277,65,380
277,66,386
277,67,387
277,68,398
277,69,384
277,70,387
277,71,376
277,72,384
277,73,366
277,74,369
277,75,371
277,76,385
277,77,383
277,78,397
277,79,392
277,80,388
277,81,369
277,82,380
277,83,365
277,84,373
277,85,378
277,86,390
277,87,357
277,88,380
277,89,382
277,90,380
277,91,388
277,92,379
277,93,386
277,94,378
277,95,382
277,96,383
277,97,372
277,98,392
277,99,377
277,100,383
277,101,387
277,102,386
277,103,384
277,104,377
277,105,386
277,106,370
277,107,377
277,108,377
277,109,395
277,110,390
277,111,384
277,112,375
277,113,372
277,114,378
277,115,369
277,116,382
277,117,398
277,118,381
277,119,374
277,120,376
277,121,372
277,122,377
277,123,384
277,124,384
277,125,379
277,126,385
277,127,384
277,128,369
277,129,375
277,130,385
277,131,391
277,132,368
277,133,400
277,134,374
277,135,367
277,136,385
277,137,402
277,138,383
277,139,363
277,140,378
277,141,380
277,142,383
277,143,401
277,144,382
277,145,376
277,146,376
277,147,370
277,148,370
277,149,384
277,150,378
277,151,393
277,152,372
277,153,383
277,154,395
277,155,388
277,156,386
277,157,377
277,158,380
277,159,384
277,160,379
277,161,390
277,162,385
277,163,376
277,164,380
277,165,382
277,166,376
277,167,382
277,168,369
277,169,374
277,170,381
277,171,388
277,172,365
277,173,393
277,174,376
277,175,365
277,176,375
277,177,396
277,178,384
277,179,364
277,180,379
277,181,384
277,182,375
277,183,380
277,184,383
277,185,394
277,186,392
277,187,380
277,188,370
277,189,376
277,190,388
277,191,392
277,192,386
277,193,364
277,194,375
277,195,389
277,196,391
277,197,395
277,198,387
277,199,365
277,200,376
278,1,3
278,2,8
278,3,20
278,4,52
278,5,98
278,6,171
278,7,263
278,8,337
278,9,361
278,10,377
278,11,388
278,12,379
278,13,384
278,14,391
278,15,396
278,16,394
278,17,388
278,18,374
278,19,372
278,20,380
278,21,384
278,22,376
278,23,388
278,24,384
278,25,368
278,26,383
278,27,393
278,28,388
278,29,391
278,30,384
278,31,375
278,32,381
278,33,380
278,34,379
278,35,381
278,36,382
278,37,384
278,38,378
278,39,379
278,40,390
278,41,391
278,42,374
278,43,384
278,44,393
278,45,386
278,46,371
278,47,379
278,48,366
278,49,383
278,50,390
278,51,374
278,52,392
278,53,382
278,54,371
278,55,370
278,56,389
278,57,381
278,58,371
278,59,370
278,60,377
278,61,384
278,62,382
278,63,370
278,64,383
278,65,384
278,66,372
278,67,378
278,68,382
278,69,384
278,70,375
278,71,383
278,72,383
278,73,379
278,74,385
278,75,380
278,76,378
278,77,377
278,78,379
278,79,378
278,80,375
278,81,378
278,82,375
278,83,375
278,84,389
278,85,378
278,86,374
278,87,375
278,88,383
278,89,382
278,90,381
278,91,373
278,92,391
278,93,363
278,94,379
278,95,375
278,96,390
278,97,397
278,98,385
278,99,378
278,100,374
278,101,384
278,102,379
278,103,376
278,104,390
278,105,380
278,106,386
278,107,388
278,108,385
278,109,389
278,110,375
278,111,387
278,112,373
278,113,387
278,114,364
278,115,374
278,116,385
278,117,380
278,118,381
278,119,389
278,120,394
278,121,374
278,122,376
278,123,375
278,124,377
278,125,376
278,126,381
278,127,389
278,128,393
278,129,375
278,130,362
278,131,386
278,132,386
278,133,379
278,134,383
278,135,387
278,136,373
278,137,382
278,138,385
278,139,387
278,140,374
278,141,392
278,142,387
278,143,390
278,144,394
278,145,387
278,146,378
278,147,379
278,148,362
278,149,386
278,150,382
278,151,368
278,152,397
278,153,377
278,154,374
278,155,389
278,156,385
278,157,383
278,158,370
278,159,371
278,160,367
278,161,383
278,162,389
278,163,377
278,164,371
278,165,370
278,166,380
278,167,399
278,168,399
278,169,388
278,170,396
278,171,377
278,172,385
278,173,381
278,174,377
278,175,373
278,176,369
278,177,387
278,178,369
278,179,372
278,180,373
278,181,360
278,182,372
278,183,378
278,184,393
278,185,395
278,186,385
278,187,391
278,188,377
278,189,391
278,190,381
278,191,385
278,192,382
278,193,380
278,194,387
278,195,375
278,196,372
278,197,367
278,198,378
278,199,378
278,200,388
279,1,3
279,2,9
279,3,27
279,4,56
279,5,120
279,6,214
279,7,312
279,8,362
279,9,381
279,10,370
279,11,393
279,12,365
279,13,378
279,14,374
279,15,366
279,16,387
279,17,377
279,18,376
279,19,374
279,20,387
279,21,392
279,22,391
279,23,377
279,24,377
279,25,380
279,26,375
279,27,374
279,28,378
279,29,385
279,30,384
279,31,391
279,32,395
279,33,387
279,34,393
279,35,380
279,36,380
279,37,379
279,38,396
279,39,406
279,40,387
279,41,388
279,42,390
279,43,383
279,44,385
279,45,379
279,46,381
279,47,381
279,48,391
279,49,380
279,50,388
279,51,393
279,52,391
279,53,382
279,54,390
279,55,387
279,56,375
279,57,384
279,58,373
279,59,381
279,60,380
279,61,391
279,62,391
279,63,391
279,64,386
279,65,380
279,66,388
279,67,381
279,68,384
279,69,383
279,70,382
279,71,375
279,72,384
279,73,381
279,74,380
279,75,378
279,76,369
279,77,366
279,78,376
279,79,382
279,80,374
279,81,399
279,82,372
279,83,383
279,84,386
279,85,395
279,86,386
279,87,378
279,88,381
279,89,400
279,90,382
279,91,378
279,92,382
279,93,377
279,94,397
279,95,389
279,96,380
279,97,377
279,98,388
279,99,363
279,100,376
279,101,381
279,102,373
279,103,378
279,104,385
279,105,377
279,106,381
279,107,379
279,108,380
279,109,376
279,110,376
279,111,371
279,112,385
279,113,382
279,114,378
279,115,385
279,116,370
279,117,384
279,118,390
279,119,389
279,120,373
279,121,379
279,122,391
279,123,379
279,124,378
279,125,389
279,126,396
279,127,373
279,128,383
279,129,376
279,130,379
279,131,378
279,132,379
279,133,397
279,134,398
279,135,386
279,136,384
279,137,375
279,138,378
279,139,382
279,140,372
279,141,392
279,142,384
279,143,389
279,144,377
279,145,381
279,146,393
279,147,377
279,148,395
279,149,380
279,150,384
279,151,392
279,152,396
279,153,381
279,154,378
279,155,379
279,156,372
279,157,373
279,158,385
279,159,381
279,160,359
279,161,385
279,162,383
279,163,366
279,164,370
279,165,378
279,166,396
279,167,393
279,168,385
279,169,388
279,170,368
279,171,387
279,172,390
279,173,390
279,174,378
279,175,404
279,176,380
279,177,383
279,178,388
279,179,407
279,180,402
279,181,394
279,182,367
279,183,382
279,184,373
279,185,374
279,186,395
279,187,378
279,188,387
279,189,387
279,190,378
279,191,382
279,192,377
279,193,373
279,194,387
279,195,387
279,196,389
279,197,368
279,198,371
279,199,386
279,200,385
280,1,2
280,2,8
280,3,22
280,4,60
280,5,130
280,6,235
280,7,313
280,8,341
280,9,361
280,10,382
280,11,386
280,12,387
280,13,385
280,14,380
280,15,378
280,16,383
280,17,379
280,18,386
280,19,387
280,20,393
280,21,380
280,22,376
280,23,376
280,24,381
280,25,380
280,26,389
280,27,381
280,28,384
280,29,397
280,30,382
280,31,389
280,32,380
280,33,379
280,34,373
280,35,380
280,36,376
280,37,393
280,38,381
280,39,382
280,40,378
280,41,373
280,42,375
280,43,378
280,44,382
280,45,383
280,46,380
280,47,385
280,48,378
280,49,407
280,50,368
280,51,378
280,52,386
280,53,388
280,54,392
280,55,385
280,56,391
280,57,377
280,58,366
280,59,373
280,60,387
280,61,394
280,62,390
280,63,381
280,64,381
280,65,387
280,66,383
280,67,377
280,68,374
280,69,373
280,70,392
280,71,376
280,72,378
280,73,379
280,74,378
280,75,385
280,76,380
280,77,393
280,78,373
280,79,391
280,80,376
280,81,372
280,82,362
280,83,381
280,84,391
280,85,384
280,86,385
280,87,384
280,88,384
280,89,382
280,90,391
280,91,395
280,92,383
280,93,383
280,94,395
280,95,388
280,96,387
280,97,385
280,98,382
280,99,398
280,100,379
280,101,379
280,102,379
280,103,389
280,104,371
280,105,374
280,106,373
280,107,381
280,108,378
280,109,378
280,110,362
280,111,387
280,112,383
280,113,384
280,114,375
280,115,375
280,116,372
280,117,376
280,118,386
280,119,402
280,120,384
280,121,395
280,122,391
280,123,398
280,124,391
280,125,386
280,126,371
280,127,384
280,128,387
280,129,386
280,130,378
280,131,394
280,132,397
280,133,385
280,134,366
280,135,380
280,136,391
280,137,380
280,138,396
280,139,376
280,140,386
280,141,377
280,142,375
280,143,379
280,144,395
280,145,391
280,146,392
280,147,381
280,148,387
280,149,380
280,150,370
280,151,380
280,152,393
280,153,377
280,154,386
280,155,391
280,156,381
280,157,373
280,158,388
280,159,392
280,160,387
280,161,384
280,162,394
280,163,390
280,164,371
280,165,378
280,166,385
280,167,372
280,168,383
280,169,391
280,170,390
280,171,392
280,172,390
280,173,389
280,174,376
280,175,385
280,176,380
280,177,383
280,178,378
280,179,361
280,180,368
280,181,375
280,182,376
280,183,386
280,184,384
280,185,370
280,186,386
280,187,392
280,188,398
280,189,386
280,190,391
280,191,388
280,192,398
280,193,382
280,194,386
280,195,368
280,196,386
280,197,385
280,198,375
280,199,386
280,200,376
281,1,3
281,2,6
281,3,20
281,4,42
281,5,86
281,6,164
281,7,253
281,8,339
281,9,364
281,10,374
281,11,383
281,12,373
281,13,384
281,14,382
281,15,379
281,16,388
281,17,391
281,18,386
281,19,399
281,20,378
281,21,373
281,22,374
281,23,368
281,24,372
281,25,374
281,26,381
281,27,386
281,28,381
281,29,377
281,30,367
281,31,385
281,32,391
281,33,375
281,34,389
281,35,392
281,36,378
281,37,375
281,38,387
281,39,392
281,40,396
281,41,388
281,42,378
281,43,385
281,44,380
281,45,371
281,46,370
281,47,379
281,48,380
281,49,387
281,50,377
281,51,375
281,52,377
281,53,387
281,54,382
281,55,391
281,56,399
281,57,381
281,58,378
281,59,388
281,60,376
281,61,377
281,62,380
281,63,389
281,64,389
281,65,379
281,66,381
281,67,368
281,68,378
281,69,401
281,70,388
281,71,378
281,72,367
281,73,367
281,74,383
281,75,384
281,76,386
281,77,378
281,78,369
281,79,383
281,80,376
281,81,367
281,82,363
281,83,370
281,84,379
281,85,384
281,86,387
281,87,381
281,88,379
281,89,390
281,90,390
281,91,383
281,92,380
281,93,382
281,94,390
281,95,381
281,96,385
281,97,379
281,98,390
281,99,385
281,100,386
281,101,366
281,102,379
281,103,382
281,104,379
281,105,369
281,106,364
281,107,383
281,108,367
281,109,364
281,110,370
281,111,379
281,112,385
281,113,368
281,114,371
281,115,386
281,116,382
281,117,392
281,118,379
281,119,378
281,120,383
281,121,373
281,122,368
281,123,380
281,124,375
281,125,378
281,126,380
281,127,375
281,128,374
281,129,403
281,130,369
281,131,374
281,132,381
281,133,369
281,134,372
281,135,373
281,136,382
281,137,379
281,138,383
281,139,392
281,140,383
281,141,379
281,142,369
281,143,368
281,144,387
281,145,382
281,146,377
281,147,380
281,148,388
281,149,393
281,150,383
281,151,394
281,152,378
281,153,382
281,154,385
281,155,393
281,156,386
281,157,388
281,158,385
281,159,389
281,160,382
281,161,388
281,162,370
281,163,392
281,164,385
281,165,383
281,166,384
281,167,371
281,168,369
281,169,386
281,170,381
281,171,392
281,172,386
281,173,381
281,174,383
281,175,391
281,176,391
281,177,379
281,178,382
281,179,370
281,180,384
281,181,393
281,182,384
281,183,384
281,184,385
281,185,389
281,186,378
281,187,391
281,188,383
281,189,390
281,190,384
281,191,396
281,192,400
281,193,383
281,194,374
281,195,388
281,196,383
281,197,387
281,198,378
281,199,360
281,200,370
282,1,4
282,2,10
282,3,27
282,4,61
282,5,144
282,6,253
282,7,329
282,8,375
282,9,370
282,10,366
282,11,365
282,12,378
282,13,392
282,14,378
282,15,383
282,16,395
282,17,379
282,18,392
282,19,383
282,20,393
282,21,361
282,22,375
282,23,390
282,24,388
282,25,389
282,26,390
282,27,389
282,28,373
282,29,374
282,30,386
282,31,377
282,32,388
282,33,375
282,34,387
282,35,381
282,36,356
282,37,387
282,38,385
282,39,373
282,40,379
282,41,393
282,42,376
282,43,392
282,44,389
282,45,392
282,46,388
282,47,386
282,48,382
282,49,375
282,50,381
282,51,372
282,52,381
282,53,385
282,54,384
282,55,396
282,56,370
282,57,377
282,58,373
282,59,372
282,60,389
282,61,383
282,62,397
282,63,381
282,64,370
282,65,382
282,66,388
282,67,394
282,68,386
282,69,383
282,70,379
282,71,389
282,72,380
282,73,388
282,74,380
282,75,373
282,76,396
282,77,383
282,78,380
282,79,375
282,80,397
282,81,390
282,82,396
282,83,388
282,84,388
282,85,378
282,86,374
282,87,380
282,88,382
282,89,388
282,90,391
282,91,369
282,92,377
282,93,392
282,94,390
282,95,382
282,96,376
282,97,374
282,98,397
282,99,386
282,100,361
282,101,382
282,102,378
282,103,367
282,104,383
282,105,373
282,106,391
282,107,398
282,108,388
282,109,386
282,110,380
282,111,382
282,112,375
282,113,386
282,114,388
282,115,371
282,116,369
282,117,385
282,118,371
282,119,371
282,120,370
282,121,369
282,122,394
282,123,373
282,124,389
282,125,394
282,126,412
282,127,399
282,128,388
282,129,380
282,130,387
282,131,385
282,132,370
282,133,372
282,134,374
282,135,369
282,136,376
282,137,384
282,138,372
282,139,382
282,140,378
282,141,385
282,142,368
282,143,389
282,144,384
282,145,375
282,146,389
282,147,377
282,148,383
282,149,378
282,150,373
282,151,381
282,152,371
282,153,394
282,154,381
282,155,386
282,156,390
282,157,369
282,158,377
282,159,387
282,160,370
282,161,363
282,162,372
282,163,377
282,164,370
282,165,392
282,166,389
282,167,375
282,168,392
282,169,395
282,170,386
282,171,379
282,172,363
282,173,378
282,174,377
282,175,373
282,176,383
282,177,380
282,178,372
282,179,382
282,180,389
282,181,385
282,182,381
282,183,365
282,184,374
282,185,369
282,186,382
282,187,376
282,188,384
282,189,390
282,190,365
282,191,365
282,192,382
282,193,363
282,194,373
282,195,380
282,196,368
282,197,378
282,198,391
282,199,388
282,200,395
283,1,1
283,2,2
283,3,3
283,4,11
283,5,21
283,6,48
283,7,112
283,8,213
283,9,302
283,10,355
283,11,375
283,12,367
283,13,379
283,14,389
283,15,392
283,16,385
283,17,384
283,18,386
283,19,370
283,20,378
283,21,370
283,22,378
283,23,373
283,24,389
283,25,373
283,26,391
283,27,386
283,28,376
283,29,393
283,30,370
283,31,383
283,32,380
283,33,392
283,34,393
283,35,393
283,36,378
283,37,380
283,38,390
283,39,390
283,40,394
283,41,382
283,42,380
283,43,380
283,44,363
283,45,377
283,46,380
283,47,390
283,48,374
283,49,371
283,50,366
283,51,370
283,52,379
283,53,375
283,54,393
283,55,382
283,56,373
283,57,368
283,58,373
283,59,382
283,60,379
283,61,379
283,62,380
283,63,376
283,64,387
283,65,372
283,66,384
283,67,388
283,68,374
283,69,383
283,70,377
283,71,372
283,72,372
283,73,376
283,74,372
283,75,368
283,76,380
283,77,382
283,78,387
283,79,392
283,80,396
283,81,377
283,82,385
283,83,374
283,84,378
283,85,381
283,86,380
283,87,379
283,88,381
283,89,390
283,90,398
283,91,391
283,92,392
283,93,380
283,94,386
283,95,383
283,96,386
283,97,376
283,98,388
283,99,378
283,100,389
283,101,384
283,102,389
283,103,387
283,104,378
283,105,383
283,106,374
283,107,386
283,108,384
283,109,373
283,110,396
283,111,386
283,112,393
283,113,394
283,114,382
283,115,380
283,116,381
283,117,372
283,118,370
283,119,372
283,120,375
283,121,369
283,122,375
283,123,392
283,124,377
283,125,370
283,126,363
283,127,374
283,128,381
283,129,386
283,130,376
283,131,393
283,132,391
283,133,398
283,134,384
283,135,383
283,136,379
283,137,385
283,138,385
283,139,363
283,140,383
283,141,385
283,142,377
283,143,388
283,144,379
283,145,363
283,146,375
283,147,375
283,148,386
283,149,366
283,150,356
283,151,375
283,152,398
283,153,391
283,154,392
283,155,389
283,156,376
283,157,389
283,158,392
283,159,377
283,160,379
283,161,371
283,162,384
283,163,388
283,164,383
283,165,391
283,166,382
283,167,379
283,168,375
283,169,381
283,170,373
283,171,378
283,172,364
283,173,367
283,174,382
283,175,375
283,176,373
283,177,366
283,178,377
283,179,376
283,180,388
283,181,389
283,182,401
283,183,382
283,184,374
283,185,374
283,186,386
283,187,386
283,188,378
283,189,388
283,190,392
283,191,385
283,192,387
283,193,391
283,194,378
283,195,392
283,196,382
283,197,390
283,198,374
283,199,371
283,200,372
284,1,3
284,2,11
284,3,25
284,4,51
284,5,121
284,6,227
284,7,328
284,8,368
284,9,371
284,10,371
284,11,357
284,12,367
284,13,362
284,14,383
284,15,374
284,16,402
284,17,399
284,18,379
284,19,385
284,20,372
284,21,373
284,22,380
284,23,372
284,24,373
284,25,386
284,26,377
284,27,373
284,28,375
284,29,381
284,30,368
284,31,368
284,32,368
284,33,370
284,34,382
284,35,371
284,36,368
284,37,393
284,38,402
284,39,388
284,40,383
284,41,389
284,42,377
284,43,374
284,44,382
284,45,382
284,46,390
284,47,395
284,48,388
284,49,384
284,50,367
284,51,378
284,52,375
284,53,378
284,54,384
284,55,395
284,56,391
284,57,380
284,58,381
284,59,388
284,60,384
284,61,389
284,62,386
284,63,375
284,64,394
284,65,372
284,66,383
284,67,388
284,68,384
284,69,380
284,70,375
284,71,379
284,72,377
284,73,378
284,74,377
284,75,386
284,76,390
284,77,391
284,78,373
284,79,382
284,80,379
284,81,393
284,82,378
284,83,382
284,84,386
284,85,387
284,86,371
284,87,392
284,88,389
284,89,386
284,90,384
284,91,374
284,92,388
284,93,382
284,94,393
284,95,376
284,96,382
284,97,385
284,98,371
284,99,383
284,100,395
284,101,371
284,102,403
284,103,388
284,104,379
284,105,382
284,106,369
284,107,384
284,108,391
284,109,376
284,110,371
284,111,377
284,112,386
284,113,375
284,114,376
284,115,370
284,116,379
284,117,377
284,118,379
284,119,390
284,120,374
284,121,388
284,122,374
284,123,386
284,124,387
284,125,368
284,126,392
284,127,378
284,128,381
284,129,388
284,130,376
284,131,389
284,132,384
284,133,380
284,134,366
284,135,373
284,136,379
284,137,394
284,138,381
284,139,401
284,140,387
284,141,374
284,142,362
284,143,372
284,144,369
284,145,370
284,146,377
284,147,373
284,148,395
284,149,386
284,150,387
284,151,388
284,152,382
284,153,379
284,154,382
284,155,379
284,156,380
284,157,383
284,158,385
284,159,379
284,160,379
284,161,377
284,162,372
284,163,395
284,164,383
284,165,371
284,166,380
284,167,371
284,168,384
284,169,383
284,170,387
284,171,378
284,172,378
284,173,368
284,174,385
284,175,361
284,176,379
284,177,364
284,178,385
284,179,371
284,180,380
284,181,380
284,182,388
284,183,370
284,184,385
284,185,386
284,186,382
284,187,379
284,188,376
284,189,371
284,190,375
284,191,378
284,192,375
284,193,365
284,194,380
284,195,386
284,196,375
284,197,386
284,198,386
284,199,391
284,200,396
285,1,1
285,2,6
285,3,7
285,4,15
285,5,21
285,6,40
285,7,82
285,8,156
285,9,238
285,10,316
285,11,364
285,12,375
285,13,362
285,14,389
285,15,380
285,16,377
285,17,385
285,18,377
285,19,369
285,20,367
285,21,374
285,22,377
285,23,388
285,24,360
285,25,360
285,26,369
285,27,397
285,28,382
285,29,390
285,30,386
285,31,385
285,32,380
285,33,390
285,34,382
285,35,389
285,36,395
285,37,384
285,38,383
285,39,384
285,40,369
285,41,381
285,42,401
285,43,384
285,44,390
285,45,394
285,46,399
285,47,388
285,48,388
285,49,382
285,50,380
285,51,405
285,52,382
285,53,390
285,54,382
285,55,388
285,56,384
285,57,384
285,58,385
285,59,385
285,60,379
285,61,380
285,62,366
285,63,381
285,64,378
285,65,380
285,66,380
285,67,384
285,68,395
285,69,396
285,70,382
285,71,372
285,72,375
285,73,373
285,74,380
285,75,378
285,76,383
285,77,364
285,78,376
285,79,385
285,80,383
285,81,382
285,82,374
285,83,370
285,84,390
285,85,378
285,86,370
285,87,373
285,88,388
285,89,386
285,90,384
285,91,380
285,92,383
285,93,364
285,94,390
285,95,355
285,96,382
285,97,385
285,98,385
285,99,386
285,100,389
285,101,368
285,102,370
285,103,378
285,104,371
285,105,371
285,106,369
285,107,366
285,108,384
285,109,386
285,110,392
285,111,380
285,112,390
285,113,380
285,114,387
285,115,387
285,116,389
285,117,369
285,118,365
285,119,383
285,120,388
285,121,386
285,122,370
285,123,367
285,124,391
285,125,380
285,126,376
285,127,384
285,128,371
285,129,376
285,130,386
285,131,369
285,132,378
285,133,370
285,134,366
285,135,374
285,136,393
285,137,376
285,138,371
285,139,369
285,140,384
285,141,383
285,142,396
285,143,373
285,144,387
285,145,374
285,146,382
285,147,385
285,148,393
285,149,357
285,150,375
285,151,377
285,152,382
285,153,382
285,154,388
285,155,376
285,156,382
285,157,390
285,158,397
285,159,369
285,160,368
285,161,362
285,162,378
285,163,392
285,164,373
285,165,371
285,166,374
285,167,368
285,168,363
285,169,375
285,170,384
285,171,383
285,172,373
285,173,376
285,174,379
285,175,371
285,176,365
285,177,393
285,178,392
285,179,391
285,180,394
285,181,382
285,182,387
285,183,386
285,184,370
285,185,386
285,186,395
285,187,381
285,188,395
285,189,383
285,190,374
285,191,387
285,192,388
285,193,381
285,194,371
285,195,382
285,196,381
285,197,381
285,198,369
285,199,394
285,200,392
286,1,4
286,2,7
286,3,16
286,4,38
286,5,78
286,6,160
286,7,259
286,8,334
286,9,362
286,10,369
286,11,358
286,12,385
286,13,376
286,14,382
286,15,376
286,16,384
286,17,382
286,18,384
286,19,384
286,20,375
286,21,376
286,22,382
286,23,375
286,24,381
286,25,378
286,26,384
286,27,376
286,28,378
286,29,373
286,30,387
286,31,389
286,32,382
286,33,380
286,34,393
286,35,386
286,36,376
286,37,403
286,38,390
286,39,381
286,40,388
286,41,375
286,42,390
286,43,372
286,44,384
286,45,375
286,46,362
286,47,375
286,48,367
286,49,383
286,50,367
286,51,378
286,52,372
286,53,371
286,54,361
286,55,370
286,56,382
286,57,385
286,58,385
286,59,377
286,60,362
286,61,373
286,62,371
286,63,385
286,64,374
286,65,382
286,66,389
286,67,395
286,68,375
286,69,383
286,70,386
286,71,379
286,72,374
286,73,384
286,74,378
286,75,377
286,76,370
286,77,377
286,78,393
286,79,381
286,80,379
286,81,377
286,82,383
286,83,367
286,84,383
286,85,381
286,86,382
286,87,384
286,88,395
286,89,381
286,90,382
286,91,372
286,92,370
286,93,382
286,94,382
286,95,379
286,96,386
286,97,382
286,98,381
286,99,366
286,100,383
286,101,380
286,102,386
286,103,387
286,104,387
286,105,386
286,106,388
286,107,381
286,108,385
286,109,378
286,110,377
286,111,377
286,112,378
286,113,373
286,114,372
286,115,378
286,116,385
286,117,378
286,118,377
286,119,382
286,120,362
286,121,364
286,122,379
286,123,388
286,124,367
286,125,386
286,126,386
286,127,386
286,128,389
286,129,359
286,130,380
286,131,379
286,132,387
286,133,382
286,134,393
286,135,376
286,136,373
286,137,378
286,138,391
286,139,392
286,140,375
286,141,394
286,142,398
286,143,382
286,144,368
286,145,378
286,146,382
286,147,372
286,148,380
286,149,390
286,150,374
286,151,386
286,152,377
286,153,381
286,154,374
286,155,373
286,156,394
286,157,382
286,158,398
286,159,386
286,160,384
286,161,385
286,162,364
286,163,389
286,164,398
286,165,384
286,166,363
286,167,388
286,168,383
286,169,372
286,170,378
286,171,381
286,172,382
286,173,374
286,174,392
286,175,377
286,176,378
286,177,384
286,178,375
286,179,348
286,180,378
286,181,372
286,182,370
286,183,386
286,184,385
286,185,381
286,186,380
286,187,364
286,188,375
286,189,395
286,190,379
286,191,375
286,192,366
286,193,369
286,194,392
286,195,383
286,196,392
286,197,381
286,198,394
286,199,394
286,200,391
287,1,5
287,2,14
287,3,37
287,4,77
287,5,170
287,6,264
287,7,343
287,8,367
287,9,377
287,10,382
287,11,388
287,12,373
287,13,363
287,14,367
287,15,378
287,16,373
287,17,373
287,18,376
287,19,365
287,20,377
287,21,370
287,22,390
287,23,391
287,24,380
287,25,389
287,26,388
287,27,384
287,28,372
287,29,379
287,30,373
287,31,383
287,32,384
287,33,385
287,34,381
287,35,377
287,36,388
287,37,382
287,38,377
287,39,388
287,40,378
287,41,384
287,42,381
287,43,379
287,44,374
287,45,387
287,46,391
287,47,365
287,48,387
287,49,380
287,50,382
287,51,386
287,52,389
287,53,370
287,54,374
287,55,381
287,56,366
287,57,367
287,58,386
287,59,383
287,60,385
287,61,381
287,62,386
287,63,386
287,64,388
287,65,382
287,66,367
287,67,375
287,68,382
287,69,396
287,70,387
287,71,386
287,72,380
287,73,378
287,74,369
287,75,373
287,76,376
287,77,382
287,78,377
287,79,379
287,80,383
287,81,397
287,82,385
287,83,378
287,84,382
287,85,369
287,86,364
287,87,368
287,88,374
287,89,384
287,90,387
287,91,387
287,92,391
287,93,378
287,94,364
287,95,374
287,96,370
287,97,382
287,98,389
287,99,380
287,100,384
287,101,380
287,102,384
287,103,375
287,104,379
287,105,386
287,106,398
287,107,392
287,108,384
287,109,385
287,110,383
287,111,375
287,112,389
287,113,384
287,114,389
287,115,379
287,116,378
287,117,374
287,118,388
287,119,384
287,120,382
287,121,367
287,122,371
287,123,383
287,124,393
287,125,379
287,126,384
287,127,388
287,128,377
287,129,368
287,130,377
287,131,392
287,132,389
287,133,384
287,134,393
287,135,377
287,136,371
287,137,381
287,138,384
287,139,388
287,140,372
287,141,376
287,142,390
287,143,381
287,144,382
287,145,389
287,146,366
287,147,384
287,148,386
287,149,375
287,150,383
287,151,390
287,152,392
287,153,391
287,154,379
287,155,380
287,156,380
287,157,359
287,158,381
287,159,386
287,160,381
287,161,386
287,162,378
287,163,373
287,164,390
287,165,393
287,166,408
287,167,384
287,168,389
287,169,380
287,170,372
287,171,396
287,172,383
287,173,371
287,174,372
287,175,372
287,176,380
287,177,368
287,178,388
287,179,379
287,180,376
287,181,364
287,182,380
287,183,391
287,184,375
287,185,384
287,186,396
287,187,396
287,188,387
287,189,371
287,190,372
287,191,391
287,192,380
287,193,394
287,194,388
287,195,375
287,196,375
287,197,373
287,198,370
287,199,369
287,200,368
288,1,2
288,2,7
288,3,13
288,4,36
288,5,89
288,6,186
288,7,291
288,8,361
288,9,380
288,10,386
288,11,378
288,12,384
288,13,394
288,14,394
288,15,381
288,16,374
288,17,386
288,18,375
288,19,373
288,20,380
288,21,360
288,22,365
288,23,382
288,24,390
288,25,375
288,26,379
288,27,378
288,28,383
288,29,392
288,30,387
288,31,390
288,32,388
288,33,390
288,34,396
288,35,381
288,36,368
288,37,387
288,38,390
288,39,386
288,40,381
288,41,392
288,42,386
288,43,389
288,44,368
288,45,382
288,46,386
288,47,370
288,48,385
288,49,383
288,50,372
288,51,376
288,52,379
288,53,386
288,54,379
288,55,384
288,56,381
288,57,371
288,58,371
288,59,370
288,60,372
288,61,374
288,62,375
288,63,375
288,64,380
288,65,389
288,66,371
288,67,369
288,68,395
288,69,377
288,70,387
288,71,376
288,72,380
288,73,396
288,74,399
288,75,395
288,76,389
288,77,372
288,78,384
288,79,372
288,80,390
288,81,389
288,82,392
288,83,386
288,84,386
288,85,365
288,86,371
288,87,391
288,88,375
288,89,386
288,90,375
288,91,378
288,92,383
288,93,386
288,94,370
288,95,375
288,96,388
288,97,369
288,98,372
288,99,382
288,100,379
288,101,388
288,102,393
288,103,395
288,104,380
288,105,379
288,106,375
288,107,390
288,108,383
288,109,395
288,110,378
288,111,366
288,112,376
288,113,378
288,114,375
288,115,380
288,116,382
288,117,381
288,118,377
288,119,386
288,120,386
288,121,382
288,122,382
288,123,374
288,124,378
288,125,380
288,126,365
288,127,371
288,128,384
288,129,384
288,130,389
288,131,391
288,132,391
288,133,384
288,134,377
288,135,378
288,136,378
288,137,373
288,138,388
288,139,387
288,140,385
288,141,365
288,142,379
288,143,393
288,144,391
288,145,374
288,146,380
288,147,386
288,148,378
288,149,380
288,150,391
288,151,394
288,152,380
288,153,375
288,154,379
288,155,397
288,156,384
288,157,375
288,158,377
288,159,400
288,160,389
288,161,383
288,162,390
288,163,382
288,164,378
288,165,388
288,166,375
288,167,388
288,168,395
288,169,375
288,170,380
288,171,364
288,172,385
288,173,368
288,174,375
288,175,370
288,176,374
288,177,385
288,178,379
288,179,379
288,180,372
288,181,380
288,182,387
288,183,372
288,184,370
288,185,380
288,186,381
288,187,374
288,188,367
288,189,386
288,190,372
288,191,385
288,192,386
288,193,381
288,194,385
288,195,382
288,196,389
288,197,391
288,198,395
288,199,377
288,200,382
289,1,1
289,2,1
289,3,1
289,4,1
289,5,2
289,6,5
289,7,13
289,8,31
289,9,72
289,10,141
289,11,230
289,12,317
289,13,346
289,14,366
289,15,375
289,16,385
289,17,372
289,18,379
289,19,375
289,20,364
289,21,381
289,22,375
289,23,378
289,24,388
289,25,377
289,26,393
289,27,387
289,28,387
289,29,375
289,30,374
289,31,369
289,32,370
289,33,371
289,34,370
289,35,387
289,36,395
289,37,403
289,38,398
289,39,382
289,40,377
289,41,386
289,42,379
289,43,366
289,44,384
289,45,377
289,46,387
289,47,384
289,48,384
289,49,383
289,50,394
289,51,397
289,52,398
289,53,395
289,54,381
289,55,376
289,56,390
289,57,390
289,58,390
289,59,382
289,60,398
289,61,372
289,62,389
289,63,392
289,64,386
289,65,390
289,66,391
289,67,388
289,68,381
289,69,380
289,70,388
289,71,377
289,72,379
289,73,383
289,74,396
289,75,373
289,76,371
289,77,379
289,78,369
289,79,388
289,80,374
289,81,377
289,82,385
289,83,380
289,84,367
289,85,386
289,86,380
289,87,367
289,88,383
289,89,370
289,90,374
289,91,370
289,92,382
289,93,383
289,94,378
289,95,371
289,96,380
289,97,381
289,98,363
289,99,372
289,100,379
289,101,379
289,102,373
289,103,376
289,104,373
289,105,381
289,106,371
289,107,374
289,108,382
289,109,386
289,110,386
289,111,376
289,112,366
289,113,380
289,114,374
289,115,373
289,116,391
289,117,389
289,118,392
289,119,381
289,120,387
289,121,393
289,122,375
289,123,384
289,124,384
289,125,385
289,126,381
289,127,386
289,128,391
289,129,387
289,130,382
289,131,378
289,132,373
289,133,384
289,134,372
289,135,363
289,136,401
289,137,395
289,138,385
289,139,378
289,140,386
289,141,387
289,142,394
289,143,394
289,144,392
289,145,389
289,146,402
289,147,385
289,148,384
289,149,378
289,150,383
289,151,384
289,152,375
289,153,376
289,154,372
289,155,383
289,156,393
289,157,387
289,158,378
289,159,386
289,160,397
289,161,389
289,162,380
289,163,387
289,164,383
289,165,386
289,166,394
289,167,390
289,168,386
289,169,392
289,170,385
289,171,379
289,172,385
289,173,380
289,174,395
289,175,384
289,176,378
289,177,372
289,178,389
289,179,400
289,180,397
289,181,398
289,182,385
289,183,387
289,184,387
289,185,370
289,186,399
289,187,390
289,188,380
289,189,385
289,190,364
289,191,371
289,192,390
289,193,393
289,194,385
289,195,379
289,196,385
289,197,387
289,198,389
289,199,386
289,200,389
290,1,3
290,2,11
290,3,26
290,4,56
290,5,126
290,6,223
290,7,309
290,8,356
290,9,372
290,10,393
290,11,384
290,12,375
290,13,384
290,14,371
290,15,390
290,16,384
290,17,370
290,18,385
290,19,397
290,20,391
290,21,397
290,22,380
290,23,373
290,24,393
290,25,389
290,26,374
290,27,373
290,28,377
290,29,384
290,30,386
290,31,397
290,32,378
290,33,383
290,34,378
290,35,367
290,36,379
290,37,377
290,38,392
290,39,380
290,40,380
290,41,369
290,42,386
290,43,388
290,44,388
290,45,392
290,46,387
290,47,388
290,48,367
290,49,379
290,50,385
290,51,367
290,52,368
290,53,378
290,54,371
290,55,374
290,56,382
290,57,374
290,58,398
290,59,384
290,60,385
290,61,382
290,62,384
290,63,379
290,64,381
290,65,399
290,66,384
290,67,390
290,68,384
290,69,381
290,70,378
290,71,374
290,72,375
290,73,371
290,74,369
290,75,378
290,76,376
290,77,371
290,78,366
290,79,378
290,80,377
290,81,372
290,82,384
290,83,374
290,84,378
290,85,380
290,86,377
290,87,383
290,88,382
290,89,375
290,90,389
290,91,398
290,92,386
290,93,386
290,94,380
290,95,378
290,96,384
290,97,385
290,98,381
290,99,396
290,100,382
290,101,366
290,102,394
290,103,388
290,104,400
290,105,374
290,106,385
290,107,383
290,108,377
290,109,383
290,110,387
290,111,388
290,112,395
290,113,385
290,114,395
290,115,381
290,116,373
290,117,383
290,118,387
290,119,373
290,120,377
290,121,399
290,122,377
290,123,376
290,124,392
290,125,380
290,126,383
290,127,394
290,128,398
290,129,387
290,130,372
290,131,369
290,132,368
290,133,379
290,134,385
290,135,380
290,136,387
290,137,400
290,138,386
290,139,383
290,140,387
290,141,387
290,142,373
290,143,374
290,144,385
290,145,394
290,146,375
290,147,387
290,148,378
290,149,392
290,150,374
290,151,374
290,152,375
290,153,379
290,154,386
290,155,376
290,156,377
290,157,369
290,158,376
290,159,381
290,160,384
290,161,378
290,162,378
290,163,380
290,164,379
290,165,391
290,166,386
290,167,383
290,168,382
290,169,372
290,170,375
290,171,378
290,172,374
290,173,362
290,174,378
290,175,379
290,176,393
290,177,396
290,178,389
290,179,385
290,180,386
290,181,374
290,182,367
290,183,362
290,184,381
290,185,378
290,186,377
290,187,379
290,188,384
290,189,378
290,190,368
290,191,376
290,192,381
290,193,387
290,194,373
290,195,375
290,196,383
290,197,388
290,198,378
290,199,368
290,200,390
291,1,3
291,2,5
291,3,9
291,4,17
291,5,32
291,6,72
291,7,136
291,8,237
291,9,311
291,10,361
291,11,383
291,12,384
291,13,378
291,14,375
291,15,365
291,16,376
291,17,380
291,18,373
291,19,374
291,20,385
291,21,381
291,22,369
291,23,372
291,24,383
291,25,385
291,26,374
291,27,378
291,28,385
291,29,379
291,30,388
291,31,381
291,32,371
291,33,385
291,34,373
291,35,383
291,36,373
291,37,388
291,38,375
291,39,382
291,40,385
291,41,375
291,42,379
291,43,373
291,44,375
291,45,372
291,46,363
291,47,376
291,48,377
291,49,373
291,50,389
291,51,386
291,52,372
291,53,385
291,54,389
291,55,383
291,56,373
291,57,376
291,58,398
291,59,380
291,60,366
291,61,380
291,62,385
291,63,379
291,64,387
291,65,400
291,66,398
291,67,387
291,68,381
291,69,379
291,70,374
291,71,388
291,72,389
291,73,382
291,74,378
291,75,379
291,76,378
291,77,387
291,78,375
291,79,376
291,80,380
291,81,389
291,82,388
291,83,383
291,84,373
291,85,374
291,86,369
291,87,363
291,88,366
291,89,383
291,90,390
291,91,386
291,92,387
291,93,371
291,94,385
291,95,388
291,96,367
291,97,376
291,98,397
291,99,391
291,100,376
291,101,366
291,102,379
291,103,382
291,104,382
291,105,384
291,106,366
291,107,364
291,108,381
291,109,386
291,110,376
291,111,376
291,112,379
291,113,379
291,114,389
291,115,385
291,116,389
291,117,387
291,118,348
291,119,372
291,120,381
291,121,388
291,122,384
291,123,378
291,124,371
291,125,377
291,126,393
291,127,379
291,128,382
291,129,378
291,130,383
291,131,385
291,132,381
291,133,377
291,134,373
291,135,379
291,136,380
291,137,385
291,138,388
291,139,396
291,140,377
291,141,383
291,142,386
291,143,382
291,144,371
291,145,376
291,146,363
291,147,376
291,148,378
291,149,383
291,150,372
291,151,387
291,152,386
291,153,376
291,154,379
291,155,369
291,156,382
291,157,382
291,158,385
291,159,384
291,160,384
291,161,378
291,162,374
291,163,372
291,164,380
291,165,393
291,166,390
291,167,381
291,168,368
291,169,376
291,170,377
291,171,390
291,172,363
291,173,382
291,174,388
291,175,388
291,176,388
291,177,364
291,178,380
291,179,386
291,180,380
291,181,374
291,182,378
291,183,377
291,184,390
291,185,388
291,186,384
291,187,389
291,188,391
291,189,363
291,190,375
291,191,371
291,192,373
291,193,373
291,194,366
291,195,371
291,196,385
291,197,406
291,198,379
291,199,362
291,200,374
292,1,5
292,2,13
292,3,28
292,4,59
292,5,120
292,6,216
292,7,319
292,8,363
292,9,373
292,10,380
292,11,398
292,12,383
292,13,382
292,14,369
292,15,379
292,16,386
292,17,393
292,18,389
292,19,382
292,20,384
292,21,382
292,22,382
292,23,385
292,24,367
292,25,374
292,26,385
292,27,380
292,28,381
292,29,370
292,30,360
292,31,383
292,32,377
292,33,376
292,34,373
292,35,382
292,36,380
292,37,379
292,38,376
292,39,367
292,40,371
292,41,386
292,42,381
292,43,360
292,44,379
292,45,390
292,46,391
292,47,384
292,48,369
292,49,376
292,50,381
292,51,376
292,52,385
292,53,378
292,54,376
292,55,384
292,56,379
292,57,370
292,58,378
292,59,387
292,60,386
292,61,366
292,62,372
292,63,380
292,64,380
292,65,380
292,66,371
292,67,370
292,68,396
292,69,396
292,70,389
292,71,383
292,72,389
292,73,391
292,74,372
292,75,375
292,76,377
292,77,385
292,78,377
292,79,377
292,80,391
292,81,383
292,82,375
292,83,381
292,84,390
292,85,372
292,86,372
292,87,373
292,88,382
292,89,380
292,90,396
292,91,375
292,92,378
292,93,378
292,94,394
292,95,392
292,96,389
292,97,381
292,98,373
292,99,380
292,100,374
292,101,372
292,102,391
292,103,381
292,104,375
292,105,384
292,106,368
292,107,371
292,108,378
292,109,380
292,110,371
292,111,389
292,112,379
292,113,381
292,114,368
292,115,382
292,116,376
292,117,370
292,118,376
292,119,369
292,120,378
292,121,384
292,122,372
292,123,370
292,124,386
292,125,381
292,126,361
292,127,368
292,128,375
292,129,368
292,130,385
292,131,389
292,132,394
292,133,400
292,134,393
292,135,366
292,136,369
292,137,376
292,138,379
292,139,382
292,140,381
292,141,385
292,142,374
292,143,374
292,144,364
292,145,392
292,146,391
292,147,375
292,148,400
292,149,388
292,150,390
292,151,398
292,152,384
292,153,379
292,154,375
292,155,381
292,156,379
292,157,373
292,158,383
292,159,369
292,160,384
292,161,381
292,162,389
292,163,368
292,164,377
292,165,381
292,166,393
292,167,383
292,168,368
292,169,377
292,170,370
292,171,364
292,172,388
292,173,386
292,174,379
292,175,378
292,176,374
292,177,380
292,178,379
292,179,391
292,180,380
292,181,386
292,182,390
292,183,396
292,184,376
292,185,393
292,186,393
292,187,396
292,188,383
292,189,386
292,190,388
292,191,393
292,192,399
292,193,389
292,194,364
292,195,386
292,196,365
292,197,379
292,198,383
292,199,383
292,200,388
293,1,3
293,2,12
293,3,28
293,4,58
293,5,119
293,6,237
293,7,297
293,8,354
293,9,381
293,10,386
293,11,384
293,12,375
293,13,372
293,14,376
293,15,365
293,16,373
293,17,384
293,18,397
293,19,394
293,20,372
293,21,378
293,22,379
293,23,382
293,24,382
293,25,387
293,26,387
293,27,374
293,28,384
293,29,383
293,30,360
293,31,368
293,32,363
293,33,382
293,34,379
293,35,388
293,36,389
293,37,387
293,38,368
293,39,388
293,40,377
293,41,376
293,42,380
293,43,394
293,44,378
293,45,374
293,46,389
293,47,389
293,48,392
293,49,396
293,50,385
293,51,373
293,52,395
293,53,391
293,54,381
293,55,375
293,56,381
293,57,380
293,58,372
293,59,369
293,60,370
293,61,364
293,62,385
293,63,381
293,64,382
293,65,382
293,66,381
293,67,374
293,68,379
293,69,380
293,70,373
293,71,385
293,72,383
293,73,380
293,74,388
293,75,381
293,76,393
293,77,386
293,78,378
293,79,373
293,80,394
293,81,384
293,82,387
293,83,381
293,84,386
293,85,379
293,86,381
293,87,390
293,88,393
293,89,384
293,90,377
293,91,389
293,92,380
293,93,378
293,94,373
293,95,378
293,96,376
293,97,380
293,98,377
293,99,373
293,100,374
293,101,390
293,102,391
293,103,374
293,104,373
293,105,368
293,106,373
293,107,385
293,108,370
293,109,357
293,110,363
293,111,376
293,112,379
293,113,390
293,114,377
293,115,386
293,116,374
293,117,376
293,118,382
293,119,403
293,120,412
293,121,386
293,122,385
293,123,386
293,124,389
293,125,375
293,126,373
293,127,390
293,128,394
293,129,371
293,130,369
293,131,388
293,132,383
293,133,371
293,134,360
293,135,379
293,136,380
293,137,391
293,138,371
293,139,373
293,140,380
293,141,387
293,142,394
293,143,372
293,144,378
293,145,373
293,146,363
293,147,378
293,148,386
293,149,387
293,150,384
293,151,379
293,152,364
293,153,387
293,154,373
293,155,387
293,156,391
293,157,388
293,158,377
293,159,391
293,160,379
293,161,379
293,162,377
293,163,385
293,164,388
293,165,397
293,166,376
293,167,383
293,168,379
293,169,376
293,170,368
293,171,374
293,172,382
293,173,379
293,174,372
293,175,389
293,176,393
293,177,372
293,178,387
293,179,382
293,180,386
293,181,387
293,182,385
293,183,372
293,184,392
293,185,384
293,186,388
293,187,383
293,188,388
293,189,385
293,190,369
293,191,376
293,192,367
293,193,379
293,194,389
293,195,380
293,196,382
293,197,386
293,198,390
293,199,373
293,200,394
294,1,3
294,2,7
294,3,14
294,4,26
294,5,68
294,6,135
294,7,231
294,8,304
294,9,359
294,10,357
294,11,368
294,12,376
294,13,392
294,14,383
294,15,380
294,16,401
294,17,398
294,18,377
294,19,393
294,20,375
294,21,368
294,22,359
294,23,374
294,24,389
294,25,386
294,26,387
294,27,379
294,28,385
294,29,371
294,30,362
294,31,367
294,32,393
294,33,373
294,34,384
294,35,370
294,36,376
294,37,387
294,38,393
294,39,376
294,40,381
294,41,396
294,42,370
294,43,370
294,44,368
294,45,380
294,46,384
294,47,378
294,48,382
294,49,381
294,50,379
294,51,390
294,52,372
294,53,385
294,54,382
294,55,378
294,56,385
294,57,384
294,58,376
294,59,374
294,60,370
294,61,373
294,62,379
294,63,393
294,64,383
294,65,385
294,66,396
294,67,384
294,68,386
294,69,384
294,70,384
294,71,385
294,72,377
294,73,383
294,74,386
294,75,383
294,76,378
294,77,385
294,78,381
294,79,366
294,80,383
294,81,368
294,82,375
294,83,370
294,84,374
294,85,373
294,86,372
294,87,369
294,88,379
294,89,384
294,90,371
294,91,387
294,92,397
294,93,400
294,94,384
294,95,377
294,96,388
294,97,377
294,98,371
294,99,366
294,100,383
294,101,375
294,102,368
294,103,373
294,104,365
294,105,386
294,106,366
294,107,383
294,108,386
294,109,387
294,110,390
294,111,390
294,112,379
294,113,369
294,114,381
294,115,367
294,116,381
294,117,391
294,118,375
294,119,371
294,120,358
294,121,381
294,122,380
294,123,384
294,124,396
294,125,393
294,126,383
294,127,378
294,128,368
294,129,381
294,130,375
294,131,394
294,132,385
294,133,384
294,134,382
294,135,389
294,136,395
294,137,364
294,138,381
294,139,388
294,140,379
294,141,391
294,142,379
294,143,376
294,144,387
294,145,374
294,146,387
294,147,383
294,148,369
294,149,380
294,150,380
294,151,377
294,152,363
294,153,365
294,154,377
294,155,385
294,156,378
294,157,384
294,158,380
294,159,375
294,160,385
294,161,388
294,162,389
294,163,390
294,164,383
294,165,383
294,166,383
294,167,375
294,168,387
294,169,381
294,170,367
294,171,389
294,172,400
294,173,388
294,174,392
294,175,386
294,176,374
294,177,384
294,178,376
294,179,382
294,180,369
294,181,395
294,182,371
294,183,372
294,184,364
294,185,383
294,186,384
294,187,391
294,188,384
294,189,387
294,190,383
294,191,378
294,192,383
294,193,387
294,194,388
294,195,387
294,196,387
294,197,374
294,198,377
294,199,386
294,200,376
295,1,4
295,2,11
295,3,26
295,4,46
295,5,94
295,6,181
295,7,271
295,8,350
295,9,378
295,10,391
295,11,388
295,12,392
295,13,377
295,14,397
295,15,365
295,16,384
295,17,397
295,18,378
295,19,377
295,20,377
295,21,382
295,22,380
295,23,372
295,24,374
295,25,373
295,26,391
295,27,388
295,28,369
295,29,382
295,30,371
295,31,372
295,32,382
295,33,389
295,34,381
295,35,384
295,36,386
295,37,379
295,38,384
295,39,376
295,40,388
295,41,389
295,42,376
295,43,366
295,44,361
295,45,383
295,46,382
295,47,389
295,48,374
295,49,366
295,50,383
295,51,361
295,52,379
295,53,390
295,54,383
295,55,384
295,56,371
295,57,384
295,58,378
295,59,383
295,60,372
295,61,381
295,62,379
295,63,378
295,64,365
295,65,381
295,66,373
295,67,383
295,68,392
295,69,383
295,70,378
295,71,392
295,72,375
295,73,382
295,74,393
295,75,391
295,76,379
295,77,390
295,78,372
295,79,364
295,80,376
295,81,371
295,82,386
295,83,378
295,84,392
295,85,390
295,86,378
295,87,372
295,88,386
295,89,385
295,90,381
295,91,388
295,92,387
295,93,379
295,94,371
295,95,363
295,96,364
295,97,382
295,98,382
295,99,381
295,100,390
295,101,394
295,102,381
295,103,394
295,104,390
295,105,379
295,106,390
295,107,385
295,108,383
295,109,363
295,110,375
295,111,376
295,112,369
295,113,369
295,114,370
295,115,388
295,116,386
295,117,373
295,118,370
295,119,377
295,120,386
295,121,392
295,122,389
295,123,373
295,124,369
295,125,384
295,126,381
295,127,375
295,128,385
295,129,384
295,130,385
295,131,387
295,132,391
295,133,377
295,134,367
295,135,366
295,136,373
295,137,384
295,138,383
295,139,378
295,140,387
295,141,391
295,142,382
295,143,377
295,144,381
295,145,368
295,146,396
295,147,378
295,148,391
295,149,382
295,150,387
295,151,383
295,152,386
295,153,379
295,154,389
295,155,388
295,156,385
295,157,378
295,158,378
295,159,373
295,160,394
295,161,375
295,162,383
295,163,379
295,164,386
295,165,388
295,166,383
295,167,395
295,168,384
295,169,378
295,170,396
295,171,384
295,172,382
295,173,369
295,174,380
295,175,376
295,176,394
295,177,386
295,178,387
295,179,394
295,180,385
295,181,385
295,182,393
295,183,389
295,184,389
295,185,373
295,186,385
295,187,384
295,188,371
295,189,383
295,190,386
295,191,364
295,192,375
295,193,377
295,194,372
295,195,390
295,196,372
295,197,373
295,198,388
295,199,365
295,200,381
296,1,5
296,2,13
296,3,30
296,4,67
296,5,132
296,6,235
296,7,334
296,8,369
296,9,382
296,10,391
296,11,366
296,12,377
296,13,369
296,14,385
296,15,377
296,16,394
296,17,381
296,18,388
296,19,382
296,20,394
296,21,384
296,22,388
296,23,369
296,24,394
296,25,371
296,26,389
296,27,379
296,28,389
296,29,389
296,30,383
296,31,380
296,32,372
296,33,377
296,34,386
296,35,388
296,36,391
296,37,381
296,38,371
296,39,394
296,40,376
296,41,387
296,42,381
296,43,390
296,44,385
296,45,381
296,46,370
296,47,385
296,48,381
296,49,384
296,50,372
296,51,372
296,52,384
296,53,373
296,54,380
296,55,380
296,56,388
296,57,386
296,58,394
296,59,371
296,60,387
296,61,384
296,62,360
296,63,385
296,64,384
296,65,371
296,66,376
296,67,378
296,68,391
296,69,379
296,70,388
296,71,387
296,72,398
296,73,386
296,74,389
296,75,384
296,76,384
296,77,386
296,78,369
296,79,372
296,80,374
296,81,375
296,82,380
296,83,370
296,84,399
296,85,387
296,86,390
296,87,384
296,88,385
296,89,385
296,90,383
296,91,386
296,92,407
296,93,394
296,94,382
296,95,395
296,96,383
296,97,384
296,98,389
296,99,405
296,100,394
296,101,376
296,102,380
296,103,380
296,104,381
296,105,386
296,106,391
296,107,388
296,108,376
296,109,400
296,110,386
296,111,381
296,112,400
296,113,388
296,114,394
296,115,387
296,116,379
296,117,381
296,118,390
296,119,380
296,120,381
296,121,399
296,122,381
296,123,382
296,124,384
296,125,373
296,126,373
296,127,372
296,128,375
296,129,389
296,130,384
296,131,393
296,132,377
296,133,381
296,134,381
296,135,371
296,136,382
296,137,390
296,138,392
296,139,408
296,140,383
296,141,368
296,142,366
296,143,380
296,144,386
296,145,373
296,146,382
296,147,382
296,148,393
296,149,395
296,150,378
296,151,385
296,152,391
296,153,378
296,154,366
296,155,377
296,156,384
296,157,393
296,158,397
296,159,388
296,160,381
296,161,390
296,162,382
296,163,367
296,164,388
296,165,391
296,166,379
296,167,378
296,168,387
296,169,384
296,170,381
296,171,385
296,172,370
296,173,379
296,174,384
296,175,379
296,176,383
296,177,385
296,178,383
296,179,378
296,180,370
296,181,384
296,182,382
296,183,378
296,184,382
296,185,394
296,186,387
296,187,387
296,188,386
296,189,377
296,190,392
296,191,375
296,192,396
296,193,376
296,194,376
296,195,383
296,196,391
296,197,377
296,198,394
296,199,397
296,200,385
297,1,2
297,2,7
297,3,19
297,4,43
297,5,92
297,6,175
297,7,288
297,8,354
297,9,368
297,10,375
297,11,380
297,12,379
297,13,388
297,14,380
297,15,386
297,16,373
297,17,393
297,18,384
297,19,391
297,20,388
297,21,381
297,22,374
297,23,387
297,24,362
297,25,373
297,26,380
297,27,389
297,28,396
297,29,395
297,30,390
297,31,386
297,32,388
297,33,382
297,34,379
297,35,379
297,36,372
297,37,371
297,38,387
297,39,378
297,40,364
297,41,380
297,42,376
297,43,381
297,44,380
297,45,377
297,46,378
297,47,382
297,48,379
297,49,384
297,50,379
297,51,376
297,52,378
297,53,382
297,54,368
297,55,381
297,56,380
297,57,378
297,58,377
297,59,376
297,60,372
297,61,382
297,62,394
297,63,391
297,64,371
297,65,379
297,66,383
297,67,374
297,68,372
297,69,387
297,70,383
297,71,397
297,72,388
297,73,371
297,74,394
297,75,394
297,76,387
297,77,394
297,78,389
297,79,368
297,80,386
297,81,396
297,82,382
297,83,381
297,84,374
297,85,386
297,86,391
297,87,385
297,88,365
297,89,386
297,90,374
297,91,375
297,92,382
297,93,385
297,94,386
297,95,374
297,96,376
297,97,385
297,98,403
297,99,386
297,100,373
297,101,360
297,102,379
297,103,370
297,104,379
297,105,386
297,106,386
297,107,375
297,108,380
297,109,378
297,110,384
297,111,374
297,112,369
297,113,375
297,114,391
297,115,391
297,116,393
297,117,393
297,118,385
297,119,369
297,120,376
297,121,374
297,122,386
297,123,399
297,124,387
297,125,392
297,126,379
297,127,386
297,128,384
297,129,388
297,130,382
297,131,373
297,132,391
297,133,374
297,134,371
297,135,371
297,136,374
297,137,380
297,138,375
297,139,382
297,140,385
297,141,387
297,142,368
297,143,372
297,144,372
297,145,383
297,146,383
297,147,366
297,148,362
297,149,373
297,150,377
297,151,374
297,152,374
297,153,396
297,154,378
297,155,364
297,156,404
297,157,395
297,158,394
297,159,388
297,160,374
297,161,377
297,162,372
297,163,380
297,164,378
297,165,381
297,166,386
297,167,389
297,168,368
297,169,376
297,170,377
297,171,369
297,172,394
297,173,398
297,174,383
297,175,378
297,176,365
297,177,372
297,178,368
297,179,381
297,180,382
297,181,373
297,182,393
297,183,390
297,184,383
297,185,378
297,186,387
297,187,387
297,188,384
297,189,393
297,190,375
297,191,355
297,192,376
297,193,364
297,194,372
297,195,389
297,196,390
297,197,385
297,198,386
297,199,392
297,200,374
298,1,3
298,2,12
298,3,40
298,4,95
298,5,181
298,6,281
298,7,351
298,8,384
298,9,373
298,10,373
298,11,398
298,12,391
298,13,384
298,14,397
298,15,388
298,16,378
298,17,374
298,18,369
298,19,384
298,20,379
298,21,379
298,22,381
298,23,369
298,24,379
298,25,379
298,26,395
298,27,396
298,28,370
298,29,367
298,30,388
298,31,390
298,32,379
298,33,376
298,34,381
298,35,384
298,36,384
298,37,387
298,38,396
298,39,370
298,40,385
298,41,398
298,42,388
298,43,386
298,44,393
298,45,379
298,46,378
298,47,388
298,48,384
298,49,383
298,50,368
298,51,380
298,52,387
298,53,375
298,54,389
298,55,382
298,56,379
298,57,378
298,58,373
298,59,375
298,60,384
298,61,372
298,62,367
298,63,377
298,64,373
298,65,378
298,66,379
298,67,390
298,68,382
298,69,375
298,70,379
298,71,369
298,72,392
298,73,384
298,74,374
298,75,373
298,76,378
298,77,375
298,78,381
298,79,384
298,80,364
298,81,367
298,82,382
298,83,394
298,84,369
298,85,371
298,86,373
298,87,372
298,88,379
298,89,376
298,90,391
298,91,394
298,92,379
298,93,387
298,94,373
298,95,392
298,96,377
298,97,380
298,98,382
298,99,376
298,100,394
298,101,383
298,102,380
298,103,378
298,104,380
298,105,376
298,106,381
298,107,383
298,108,366
298,109,377
298,110,374
298,111,395
298,112,380
298,113,380
298,114,370
298,115,374
298,116,382
298,117,374
298,118,373
298,119,383
298,120,381
298,121,387
298,122,393
298,123,379
298,124,379
298,125,397
298,126,385
298,127,387
298,128,383
298,129,386
298,130,377
298,131,383
298,132,384
298,133,384
298,134,381
298,135,369
298,136,391
298,137,377
298,138,381
298,139,402
298,140,370
298,141,380
298,142,384
298,143,380
298,144,362
298,145,370
298,146,386
298,147,387
298,148,383
298,149,380
298,150,376
298,151,370
298,152,384
298,153,386
298,154,390
298,155,379
298,156,379
298,157,377
298,158,375
298,159,375
298,160,366
298,161,383
298,162,377
298,163,381
298,164,381
298,165,373
298,166,377
298,167,370
298,168,375
298,169,385
298,170,390
298,171,389
298,172,390
298,173,362
298,174,384
298,175,388
298,176,372
298,177,370
298,178,380
298,179,377
298,180,374
298,181,372
298,182,365
298,183,376
298,184,380
298,185,378
298,186,392
298,187,389
298,188,384
298,189,385
298,190,382
298,191,385
298,192,369
298,193,381
298,194,377
298,195,374
298,196,379
298,197,382
298,198,380
298,199,373
298,200,372
299,1,2
299,2,8
299,3,20
299,4,36
299,5,84
299,6,158
299,7,253
299,8,331
299,9,366
299,10,393
299,11,375
299,12,377
299,13,384
299,14,385
299,15,377
299,16,389
299,17,384
299,18,384
299,19,378
299,20,395
299,21,390
299,22,376
299,23,389
299,24,386
299,25,377
299,26,368
299,27,379
299,28,386
299,29,384
299,30,374
299,31,383
299,32,382
299,33,379
299,34,384
299,35,381
299,36,384
299,37,380
299,38,387
299,39,381
299,40,378
299,41,375
299,42,390
299,43,380
299,44,374
299,45,389
299,46,392
299,47,397
299,48,377
299,49,368
299,50,384
299,51,388
299,52,398
299,53,392
299,54,386
299,55,390
299,56,374
299,57,369
299,58,364
299,59,365
299,60,374
299,61,383
299,62,369
299,63,377
299,64,371
299,65,378
299,66,392
299,67,385
299,68,369
299,69,385
299,70,378
299,71,377
299,72,378
299,73,390
299,74,386
299,75,391
299,76,386
299,77,383
299,78,383
299,79,372
299,80,378
299,81,383
299,82,389
299,83,374
299,84,378
299,85,381
299,86,383
299,87,367
299,88,377
299,89,379
299,90,380
299,91,385
299,92,392
299,93,378
299,94,369
299,95,373
299,96,373
299,97,392
299,98,396
299,99,385
299,100,393
299,101,387
299,102,374
299,103,377
299,104,381
299,105,392
299,106,387
299,107,384
299,108,389
299,109,382
299,110,377
299,111,384
299,112,390
299,113,383
299,114,381
299,115,384
299,116,371
299,117,369
299,118,385
299,119,385
299,120,384
299,121,388
299,122,392
299,123,374
299,124,357
299,125,384
299,126,393
299,127,378
299,128,384
299,129,376
299,130,381
299,131,379
299,132,387
299,133,378
299,134,376
299,135,393
299,136,387
299,137,371
299,138,371
299,139,383
299,140,387
299,141,395
299,142,390
299,143,394
299,144,385
299,145,377
299,146,395
299,147,399
299,148,373
299,149,396
299,150,389
299,151,387
299,152,382
299,153,386
299,154,381
299,155,383
299,156,377
299,157,377
299,158,389
299,159,379
299,160,374
299,161,388
299,162,396
299,163,394
299,164,396
299,165,389
299,166,384
299,167,384
299,168,387
299,169,389
299,170,395
299,171,386
299,172,393
299,173,393
299,174,382
299,175,379
299,176,379
299,177,359
299,178,370
299,179,382
299,180,372
299,181,385
299,182,392
299,183,385
299,184,383
299,185,364
299,186,383
299,187,370
299,188,368
299,189,366
299,190,376
299,191,380
299,192,377
299,193,381
299,194,394
299,195,397
299,196,395
299,197,394
299,198,388
299,199,387
299,200,386
300,1,5
300,2,10
300,3,23
300,4,51
300,5,108
300,6,201
300,7,297
300,8,335
300,9,360
300,10,379
300,11,383
300,12,388
300,13,373
300,14,390
300,15,379
300,16,375
300,17,370
300,18,379
300,19,393
300,20,379
300,21,391
300,22,396
300,23,383
300,24,371
300,25,371
300,26,382
300,27,377
300,28,386
300,29,385
300,30,392
300,31,396
300,32,391
300,33,390
300,34,388
300,35,387
300,36,384
300,37,387
300,38,394
300,39,382
300,40,389
300,41,401
300,42,397
300,43,384
300,44,387
300,45,368
300,46,368
300,47,381
300,48,364
300,49,391
300,50,382
300,51,383
300,52,382
300,53,388
300,54,372
300,55,373
300,56,377
300,57,389
300,58,393
300,59,379
300,60,379
300,61,380
300,62,393
300,63,386
300,64,379
300,65,373
300,66,386
300,67,383
300,68,382
300,69,383
300,70,379
300,71,371
300,72,374
300,73,377
300,74,379
300,75,369
300,76,378
300,77,362
300,78,374
300,79,392
300,80,381
300,81,380
300,82,373
300,83,383
300,84,385
300,85,364
300,86,386
300,87,396
300,88,372
300,89,383
300,90,399
300,91,402
300,92,386
300,93,383
300,94,388
300,95,378
300,96,369
300,97,384
300,98,382
300,99,384
300,100,392
300,101,387
300,102,385
300,103,389
300,104,387
300,105,382
300,106,386
300,107,386
300,108,383
300,109,382
300,110,369
300,111,366
300,112,380
300,113,364
300,114,384
300,115,371
300,116,380
300,117,389
300,118,380
300,119,377
300,120,391
300,121,387
300,122,382
300,123,386
300,124,379
300,125,384
300,126,385
300,127,384
300,128,388
300,129,388
300,130,388
300,131,397
300,132,383
300,133,382
300,134,363
300,135,374
300,136,381
300,137,372
300,138,371
300,139,394
300,140,371
300,141,367
300,142,372
300,143,376
300,144,379
300,145,377
300,146,370
300,147,389
300,148,361
300,149,375
300,150,377
300,151,371
300,152,381
300,153,367
300,154,367
300,155,380
300,156,367
300,157,381
300,158,376
300,159,392
300,160,381
300,161,374
300,162,382
300,163,378
300,164,379
300,165,380
300,166,387
300,167,364
300,168,362
300,169,382
300,170,389
300,171,377
300,172,393
300,173,382
300,174,377
300,175,376
300,176,385
300,177,381
300,178,375
300,179,399
300,180,366
300,181,381
300,182,378
300,183,388
300,184,385
300,185,383
300,186,388
300,187,381
300,188,382
300,189,389
300,190,381
300,191,377
300,192,364
300,193,386
300,194,380
300,195,383
300,196,368
300,197,391
300,198,362
300,199,376
300,200,398
