trial,day,infections
1,1,5
1,2,17
1,3,63
1,4,175
1,5,329
1,6,371
1,7,375
1,8,366
1,9,366
1,10,389
1,11,382
1,12,374
1,13,369
1,14,381
1,15,372
1,16,374
1,17,386
1,18,389
1,19,372
1,20,377
1,21,375
1,22,378
1,23,373
1,24,375
1,25,379
1,26,363
1,27,378
1,28,378
1,29,364
1,30,376
1,31,379
1,32,378
1,33,382
1,34,374
1,35,370
1,36,377
1,37,373
1,38,377
1,39,376
1,40,362
1,41,378
1,42,377
1,43,382
1,44,373
1,45,366
1,46,354
1,47,379
1,48,384
1,49,373
1,50,381
1,51,372
1,52,382
1,53,378
1,54,381
1,55,377
1,56,382
1,57,377
1,58,369
1,59,373
1,60,378
1,61,377
1,62,374
1,63,384
1,64,364
1,65,377
1,66,382
1,67,374
1,68,374
1,69,383
1,70,372
1,71,361
1,72,379
1,73,372
1,74,368
1,75,374
1,76,379
1,77,373
1,78,381
1,79,380
1,80,376
1,81,364
1,82,366
1,83,376
1,84,372
1,85,364
1,86,359
1,87,363
1,88,363
1,89,350
1,90,382
1,91,374
1,92,374
1,93,369
1,94,370
1,95,368
1,96,361
1,97,366
1,98,383
1,99,371
1,100,368
1,101,373
1,102,367
1,103,382
1,104,358
1,105,369
1,106,369
1,107,363
1,108,383
1,109,364
1,110,372
1,111,385
1,112,380
1,113,373
1,114,382
1,115,382
1,116,370
1,117,362
1,118,369
1,119,379
1,120,369
1,121,386
1,122,369
1,123,370
1,124,366
1,125,370
1,126,375
1,127,370
1,128,379
1,129,369
1,130,369
1,131,379
1,132,378
1,133,374
1,134,388
1,135,362
1,136,373
1,137,374
1,138,388
1,139,382
1,140,363
1,141,377
1,142,384
1,143,368
1,144,354
1,145,380
1,146,369
1,147,388
1,148,381
1,149,384
1,150,356
1,151,381
1,152,373
1,153,365
1,154,376
1,155,384
1,156,370
1,157,364
1,158,383
1,159,378
1,160,369
1,161,383
1,162,373
1,163,369
1,164,360
1,165,380
1,166,372
1,167,374
1,168,364
1,169,366
1,170,372
1,171,373
1,172,392
1,173,386
1,174,379
1,175,365
1,176,365
1,177,382
1,178,369
1,179,376
1,180,379
1,181,379
1,182,370
1,183,370
1,184,376
1,185,381
1,186,366
1,187,367
1,188,379
1,189,367
1,190,373
1,191,367
1,192,371
1,193,366
1,194,380
1,195,379
1,196,381
1,197,363
1,198,365
1,199,374
1,200,375
2,1,5
2,2,27
2,3,107
2,4,272
2,5,375
2,6,369
2,7,369
2,8,364
2,9,378
2,10,382
2,11,378
2,12,374
2,13,373
2,14,372
2,15,373
2,16,362
2,17,364
2,18,389
2,19,372
2,20,373
2,21,382
2,22,391
2,23,379
2,24,374
2,25,375
2,26,371
2,27,379
2,28,374
2,29,373
2,30,370
2,31,368
2,32,374
2,33,367
2,34,374
2,35,381
2,36,368
2,37,383
2,38,367
2,39,365
2,40,372
2,41,376
2,42,382
2,43,383
2,44,366
2,45,371
2,46,370
2,47,381
2,48,355
2,49,374
2,50,362
2,51,386
2,52,366
2,53,379
2,54,367
2,55,369
2,56,377
2,57,372
2,58,379
2,59,383
2,60,379
2,61,373
2,62,379
2,63,371
2,64,379
2,65,375
2,66,366
2,67,380
2,68,381
2,69,368
2,70,380
2,71,393
2,72,378
2,73,365
2,74,384
2,75,376
2,76,372
2,77,371
2,78,371
2,79,355
2,80,372
2,81,390
2,82,372
2,83,372
2,84,382
2,85,379
2,86,376
2,87,374
2,88,386
2,89,363
2,90,364
2,91,374
2,92,375
2,93,381
2,94,380
2,95,367
2,96,360
2,97,377
2,98,390
2,99,377
2,100,379
2,101,381
2,102,384
2,103,388
2,104,382
2,105,370
2,106,368
2,107,374
2,108,380
2,109,375
2,110,369
2,111,374
2,112,371
2,113,371
2,114,382
2,115,374
2,116,377
2,117,365
2,118,380
2,119,377
2,120,377
2,121,384
2,122,383
2,123,374
2,124,368
2,125,370
2,126,370
2,127,375
2,128,367
2,129,369
2,130,368
2,131,362
2,132,373
2,133,381
2,134,360
2,135,376
2,136,373
2,137,366
2,138,373
2,139,384
2,140,391
2,141,377
2,142,376
2,143,367
2,144,363
2,145,382
2,146,373
2,147,381
2,148,379
2,149,364
2,150,375
2,151,374
2,152,385
2,153,368
2,154,372
2,155,373
2,156,383
2,157,372
2,158,375
2,159,369
2,160,386
2,161,375
2,162,375
2,163,375
2,164,368
2,165,384
2,166,374
2,167,378
2,168,377
2,169,376
2,170,377
2,171,379
2,172,374
2,173,385
2,174,378
2,175,377
2,176,371
2,177,381
2,178,383
2,179,369
2,180,387
2,181,383
2,182,379
2,183,373
2,184,369
2,185,375
2,186,367
2,187,389
2,188,373
2,189,385
2,190,375
2,191,386
2,192,377
2,193,375
2,194,382
2,195,378
2,196,381
2,197,369
2,198,376
2,199,362
2,200,378
3,1,10
3,2,37
3,3,132
3,4,315
3,5,370
3,6,379
3,7,370
3,8,373
3,9,384
3,10,382
3,11,377
3,12,377
3,13,373
3,14,377
3,15,367
3,16,360
3,17,373
3,18,375
3,19,352
3,20,377
3,21,358
3,22,376
3,23,366
3,24,379
3,25,377
3,26,374
3,27,373
3,28,368
3,29,360
3,30,368
3,31,360
3,32,382
3,33,374
3,34,379
3,35,371
3,36,382
3,37,370
3,38,366
3,39,381
3,40,379
3,41,368
3,42,379
3,43,387
3,44,375
3,45,368
3,46,383
3,47,383
3,48,392
3,49,373
3,50,373
3,51,359
3,52,373
3,53,375
3,54,380
3,55,372
3,56,370
3,57,379
3,58,373
3,59,383
3,60,375
3,61,387
3,62,391
3,63,376
3,64,378
3,65,377
3,66,372
3,67,368
3,68,374
3,69,368
3,70,366
3,71,373
3,72,375
3,73,379
3,74,363
3,75,369
3,76,367
3,77,366
3,78,378
3,79,386
3,80,373
3,81,370
3,82,371
3,83,378
3,84,388
3,85,369
3,86,374
3,87,373
3,88,389
3,89,381
3,90,371
3,91,386
3,92,376
3,93,372
3,94,376
3,95,377
3,96,386
3,97,376
3,98,367
3,99,379
3,100,382
3,101,362
3,102,367
3,103,376
3,104,368
3,105,375
3,106,388
3,107,378
3,108,374
3,109,356
3,110,372
3,111,377
3,112,365
3,113,385
3,114,368
3,115,386
3,116,376
3,117,369
3,118,360
3,119,375
3,120,373
3,121,370
3,122,367
3,123,365
3,124,376
3,125,370
3,126,373
3,127,373
3,128,373
3,129,370
3,130,381
3,131,373
3,132,370
3,133,372
3,134,374
3,135,375
3,136,366
3,137,375
3,138,369
3,139,383
3,140,366
3,141,377
3,142,379
3,143,381
3,144,368
3,145,368
3,146,369
3,147,382
3,148,378
3,149,374
3,150,364
3,151,370
3,152,384
3,153,373
3,154,369
3,155,380
3,156,373
3,157,381
3,158,384
3,159,380
3,160,382
3,161,386
3,162,384
3,163,377
3,164,374
3,165,375
3,166,370
3,167,375
3,168,374
3,169,379
3,170,382
3,171,374
3,172,375
3,173,384
3,174,361
3,175,365
3,176,381
3,177,374
3,178,368
3,179,365
3,180,376
3,181,360
3,182,383
3,183,374
3,184,364
3,185,374
3,186,379
3,187,372
3,188,379
3,189,380
3,190,378
3,191,373
3,192,372
3,193,381
3,194,379
3,195,375
3,196,368
3,197,365
3,198,372
3,199,385
3,200,382
4,1,8
4,2,36
4,3,128
4,4,276
4,5,369
4,6,373
4,7,368
4,8,362
4,9,376
4,10,378
4,11,365
4,12,371
4,13,378
4,14,373
4,15,363
4,16,368
4,17,386
4,18,369
4,19,367
4,20,379
4,21,387
4,22,382
4,23,362
4,24,361
4,25,368
4,26,374
4,27,375
4,28,379
4,29,378
4,30,372
4,31,378
4,32,393
4,33,371
4,34,367
4,35,383
4,36,380
4,37,373
4,38,363
4,39,371
4,40,370
4,41,369
4,42,387
4,43,380
4,44,374
4,45,374
4,46,378
4,47,366
4,48,380
4,49,382
4,50,365
4,51,380
4,52,371
4,53,360
4,54,371
4,55,378
4,56,375
4,57,384
4,58,364
4,59,374
4,60,382
4,61,368
4,62,368
4,63,368
4,64,379
4,65,388
4,66,370
4,67,382
4,68,381
4,69,380
4,70,369
4,71,363
4,72,376
4,73,372
4,74,383
4,75,356
4,76,380
4,77,379
4,78,364
4,79,361
4,80,366
4,81,375
4,82,377
4,83,382
4,84,383
4,85,383
4,86,387
4,87,379
4,88,377
4,89,367
4,90,362
4,91,371
4,92,364
4,93,372
4,94,369
4,95,374
4,96,358
4,97,377
4,98,366
4,99,362
4,100,368
4,101,385
4,102,363
4,103,378
4,104,373
4,105,355
4,106,386
4,107,378
4,108,366
4,109,373
4,110,358
4,111,376
4,112,378
4,113,381
4,114,369
4,115,373
4,116,381
4,117,372
4,118,371
4,119,364
4,120,369
4,121,364
4,122,375
4,123,372
4,124,371
4,125,381
4,126,360
4,127,388
4,128,384
4,129,371
4,130,374
4,131,376
4,132,370
4,133,382
4,134,374
4,135,370
4,136,361
4,137,370
4,138,377
4,139,373
4,140,376
4,141,380
4,142,386
4,143,375
4,144,378
4,145,387
4,146,384
4,147,387
4,148,378
4,149,377
4,150,361
4,151,372
4,152,385
4,153,376
4,154,361
4,155,374
4,156,366
4,157,386
4,158,375
4,159,376
4,160,379
4,161,375
4,162,379
4,163,368
4,164,375
4,165,367
4,166,368
4,167,371
4,168,381
4,169,370
4,170,375
4,171,365
4,172,371
4,173,376
4,174,359
4,175,378
4,176,377
4,177,369
4,178,361
4,179,373
4,180,381
4,181,383
4,182,368
4,183,388
4,184,391
4,185,379
4,186,385
4,187,381
4,188,374
4,189,389
4,190,371
4,191,380
4,192,379
4,193,380
4,194,381
4,195,371
4,196,372
4,197,383
4,198,380
4,199,370
4,200,378
5,1,2
5,2,11
5,3,48
5,4,173
5,5,324
5,6,369
5,7,364
5,8,376
5,9,369
5,10,375
5,11,371
5,12,376
5,13,377
5,14,371
5,15,380
5,16,355
5,17,380
5,18,368
5,19,368
5,20,364
5,21,372
5,22,380
5,23,382
5,24,377
5,25,373
5,26,363
5,27,371
5,28,387
5,29,362
5,30,381
5,31,366
5,32,381
5,33,389
5,34,382
5,35,378
5,36,364
5,37,375
5,38,376
5,39,370
5,40,388
5,41,379
5,42,379
5,43,386
5,44,362
5,45,376
5,46,385
5,47,356
5,48,377
5,49,371
5,50,368
5,51,371
5,52,371
5,53,368
5,54,375
5,55,348
5,56,377
5,57,372
5,58,371
5,59,384
5,60,377
5,61,378
5,62,375
5,63,379
5,64,382
5,65,373
5,66,377
5,67,373
5,68,373
5,69,377
5,70,379
5,71,369
5,72,367
5,73,375
5,74,375
5,75,367
5,76,372
5,77,372
5,78,379
5,79,365
5,80,373
5,81,374
5,82,379
5,83,373
5,84,371
5,85,375
5,86,373
5,87,383
5,88,372
5,89,383
5,90,369
5,91,373
5,92,387
5,93,377
5,94,380
5,95,376
5,96,381
5,97,387
5,98,372
5,99,360
5,100,369
5,101,363
5,102,371
5,103,375
5,104,375
5,105,373
5,106,366
5,107,374
5,108,369
5,109,379
5,110,386
5,111,381
5,112,370
5,113,376
5,114,374
5,115,372
5,116,373
5,117,372
5,118,368
5,119,389
5,120,370
5,121,368
5,122,383
5,123,376
5,124,374
5,125,379
5,126,375
5,127,367
5,128,364
5,129,361
5,130,374
5,131,378
5,132,380
5,133,367
5,134,381
5,135,370
5,136,387
5,137,368
5,138,373
5,139,374
5,140,369
5,141,370
5,142,366
5,143,380
5,144,387
5,145,372
5,146,375
5,147,360
5,148,364
5,149,367
5,150,355
5,151,381
5,152,382
5,153,363
5,154,381
5,155,379
5,156,366
5,157,368
5,158,367
5,159,378
5,160,370
5,161,377
5,162,378
5,163,359
5,164,380
5,165,378
5,166,377
5,167,369
5,168,367
5,169,370
5,170,366
5,171,380
5,172,379
5,173,380
5,174,374
5,175,369
5,176,364
5,177,381
5,178,379
5,179,368
5,180,369
5,181,367
5,182,377
5,183,374
5,184,365
5,185,371
5,186,373
5,187,368
5,188,384
5,189,374
5,190,381
5,191,374
5,192,387
5,193,376
5,194,375
5,195,371
5,196,385
5,197,374
5,198,370
5,199,367
5,200,392
6,1,4
6,2,12
6,3,48
6,4,160
6,5,323
6,6,367
6,7,383
6,8,370
6,9,375
6,10,375
6,11,374
6,12,374
6,13,363
6,14,371
6,15,383
6,16,373
6,17,379
6,18,379
6,19,381
6,20,376
6,21,376
6,22,376
6,23,377
6,24,369
6,25,378
6,26,373
6,27,366
6,28,377
6,29,365
6,30,386
6,31,362
6,32,368
6,33,367
6,34,367
6,35,383
6,36,363
6,37,382
6,38,384
6,39,360
6,40,360
6,41,358
6,42,383
6,43,377
6,44,351
6,45,356
6,46,375
6,47,376
6,48,378
6,49,366
6,50,369
6,51,379
6,52,369
6,53,379
6,54,372
6,55,370
6,56,368
6,57,388
6,58,362
6,59,380
6,60,383
6,61,375
6,62,374
6,63,390
6,64,364
6,65,369
6,66,370
6,67,364
6,68,375
6,69,386
6,70,366
6,71,360
6,72,383
6,73,374
6,74,362
6,75,380
6,76,365
6,77,379
6,78,376
6,79,377
6,80,371
6,81,381
6,82,368
6,83,368
6,84,361
6,85,391
6,86,370
6,87,379
6,88,380
6,89,371
6,90,369
6,91,380
6,92,381
6,93,374
6,94,374
6,95,369
6,96,385
6,97,384
6,98,383
6,99,384
6,100,372
6,101,365
6,102,372
6,103,375
6,104,384
6,105,373
6,106,369
6,107,376
6,108,372
6,109,379
6,110,369
6,111,378
6,112,378
6,113,377
6,114,366
6,115,377
6,116,364
6,117,361
6,118,376
6,119,364
6,120,385
6,121,381
6,122,389
6,123,379
6,124,377
6,125,376
6,126,370
6,127,367
6,128,377
6,129,389
6,130,376
6,131,383
6,132,357
6,133,382
6,134,381
6,135,370
6,136,374
6,137,378
6,138,369
6,139,368
6,140,370
6,141,369
6,142,376
6,143,372
6,144,380
6,145,370
6,146,376
6,147,374
6,148,380
6,149,369
6,150,373
6,151,374
6,152,365
6,153,370
6,154,376
6,155,379
6,156,373
6,157,384
6,158,377
6,159,370
6,160,372
6,161,374
6,162,381
6,163,365
6,164,362
6,165,372
6,166,371
6,167,375
6,168,372
6,169,376
6,170,363
6,171,382
6,172,382
6,173,375
6,174,365
6,175,381
6,176,362
6,177,368
6,178,374
6,179,370
6,180,377
6,181,376
6,182,374
6,183,380
6,184,377
6,185,369
6,186,380
6,187,361
6,188,364
6,189,371
6,190,379
6,191,365
6,192,385
6,193,376
6,194,375
6,195,375
6,196,365
6,197,386
6,198,366
6,199,386
6,200,378
7,1,2
7,2,10
7,3,43
7,4,145
7,5,317
7,6,373
7,7,380
7,8,380
7,9,379
7,10,376
7,11,385
7,12,392
7,13,368
7,14,377
7,15,384
7,16,364
7,17,351
7,18,383
7,19,369
7,20,364
7,21,370
7,22,373
7,23,381
7,24,381
7,25,371
7,26,379
7,27,369
7,28,351
7,29,383
7,30,378
7,31,383
7,32,371
7,33,377
7,34,377
7,35,366
7,36,378
7,37,359
7,38,368
7,39,373
7,40,385
7,41,374
7,42,379
7,43,379
7,44,384
7,45,379
7,46,383
7,47,368
7,48,388
7,49,376
7,50,376
7,51,375
7,52,364
7,53,356
7,54,365
7,55,378
7,56,374
7,57,379
7,58,380
7,59,374
7,60,374
7,61,373
7,62,377
7,63,362
7,64,371
7,65,377
7,66,357
7,67,380
7,68,379
7,69,375
7,70,359
7,71,369
7,72,382
7,73,373
7,74,370
7,75,378
7,76,378
7,77,369
7,78,368
7,79,377
7,80,378
7,81,376
7,82,381
7,83,368
7,84,353
7,85,377
7,86,386
7,87,385
7,88,368
7,89,370
7,90,360
7,91,386
7,92,371
7,93,367
7,94,362
7,95,377
7,96,369
7,97,376
7,98,377
7,99,377
7,100,381
7,101,377
7,102,373
7,103,374
7,104,379
7,105,371
7,106,381
7,107,373
7,108,361
7,109,379
7,110,384
7,111,370
7,112,366
7,113,400
7,114,372
7,115,388
7,116,377
7,117,374
7,118,376
7,119,383
7,120,371
7,121,360
7,122,388
7,123,384
7,124,367
7,125,366
7,126,376
7,127,367
7,128,387
7,129,375
7,130,360
7,131,378
7,132,367
7,133,369
7,134,379
7,135,371
7,136,377
7,137,363
7,138,359
7,139,376
7,140,370
7,141,384
7,142,383
7,143,369
7,144,384
7,145,381
7,146,376
7,147,370
7,148,382
7,149,372
7,150,377
7,151,367
7,152,376
7,153,373
7,154,380
7,155,368
7,156,381
7,157,367
7,158,386
7,159,386
7,160,386
7,161,369
7,162,375
7,163,375
7,164,367
7,165,358
7,166,357
7,167,384
7,168,380
7,169,376
7,170,383
7,171,369
7,172,377
7,173,366
7,174,377
7,175,379
7,176,366
7,177,366
7,178,388
7,179,371
7,180,367
7,181,370
7,182,377
7,183,377
7,184,385
7,185,386
7,186,374
7,187,376
7,188,376
7,189,375
7,190,376
7,191,377
7,192,378
7,193,383
7,194,381
7,195,369
7,196,382
7,197,369
7,198,389
7,199,363
7,200,383
8,1,4
8,2,14
8,3,53
8,4,156
8,5,323
8,6,380
8,7,384
8,8,379
8,9,370
8,10,377
8,11,373
8,12,367
8,13,384
8,14,380
8,15,383
8,16,364
8,17,385
8,18,370
8,19,369
8,20,369
8,21,376
8,22,362
8,23,381
8,24,375
8,25,376
8,26,372
8,27,382
8,28,372
8,29,379
8,30,373
8,31,383
8,32,368
8,33,364
8,34,382
8,35,378
8,36,369
8,37,372
8,38,378
8,39,384
8,40,376
8,41,374
8,42,366
8,43,367
8,44,370
8,45,357
8,46,366
8,47,387
8,48,375
8,49,378
8,50,387
8,51,365
8,52,385
8,53,384
8,54,372
8,55,392
8,56,368
8,57,380
8,58,371
8,59,371
8,60,375
8,61,364
8,62,380
8,63,388
8,64,367
8,65,366
8,66,364
8,67,373
8,68,386
8,69,369
8,70,383
8,71,370
8,72,374
8,73,378
8,74,378
8,75,380
8,76,370
8,77,368
8,78,374
8,79,376
8,80,368
8,81,372
8,82,378
8,83,351
8,84,363
8,85,376
8,86,386
8,87,382
8,88,387
8,89,375
8,90,378
8,91,367
8,92,377
8,93,361
8,94,367
8,95,368
8,96,387
8,97,372
8,98,366
8,99,363
8,100,362
8,101,378
8,102,362
8,103,374
8,104,379
8,105,381
8,106,371
8,107,366
8,108,367
8,109,373
8,110,378
8,111,383
8,112,385
8,113,362
8,114,363
8,115,377
8,116,378
8,117,363
8,118,375
8,119,375
8,120,383
8,121,377
8,122,380
8,123,376
8,124,369
8,125,365
8,126,379
8,127,374
8,128,367
8,129,360
8,130,369
8,131,366
8,132,387
8,133,367
8,134,371
8,135,378
8,136,381
8,137,364
8,138,360
8,139,376
8,140,360
8,141,369
8,142,374
8,143,375
8,144,374
8,145,386
8,146,370
8,147,376
8,148,378
8,149,374
8,150,373
8,151,373
8,152,375
8,153,373
8,154,380
8,155,370
8,156,376
8,157,377
8,158,381
8,159,368
8,160,381
8,161,367
8,162,380
8,163,384
8,164,379
8,165,368
8,166,380
8,167,372
8,168,373
8,169,378
8,170,378
8,171,372
8,172,377
8,173,375
8,174,377
8,175,384
8,176,383
8,177,376
8,178,362
8,179,361
8,180,373
8,181,368
8,182,376
8,183,378
8,184,376
8,185,358
8,186,368
8,187,362
8,188,372
8,189,370
8,190,381
8,191,377
8,192,384
8,193,377
8,194,383
8,195,370
8,196,382
8,197,375
8,198,369
8,199,377
8,200,384
9,1,4
9,2,26
9,3,88
9,4,244
9,5,368
9,6,387
9,7,366
9,8,377
9,9,362
9,10,370
9,11,368
9,12,354
9,13,377
9,14,379
9,15,374
9,16,364
9,17,375
9,18,367
9,19,357
9,20,380
9,21,376
9,22,381
9,23,380
9,24,378
9,25,373
9,26,379
9,27,358
9,28,386
9,29,370
9,30,367
9,31,372
9,32,378
9,33,374
9,34,370
9,35,380
9,36,372
9,37,366
9,38,366
9,39,367
9,40,367
9,41,362
9,42,365
9,43,378
9,44,389
9,45,373
9,46,375
9,47,384
9,48,375
9,49,355
9,50,374
9,51,366
9,52,376
9,53,378
9,54,384
9,55,383
9,56,377
9,57,383
9,58,372
9,59,383
9,60,383
9,61,372
9,62,366
9,63,376
9,64,373
9,65,373
9,66,356
9,67,366
9,68,365
9,69,378
9,70,372
9,71,373
9,72,373
9,73,379
9,74,366
9,75,369
9,76,376
9,77,361
9,78,383
9,79,383
9,80,383
9,81,385
9,82,375
9,83,377
9,84,372
9,85,370
9,86,380
9,87,378
9,88,374
9,89,370
9,90,373
9,91,373
9,92,385
9,93,377
9,94,373
9,95,369
9,96,361
9,97,375
9,98,372
9,99,380
9,100,378
9,101,365
9,102,383
9,103,376
9,104,388
9,105,367
9,106,368
9,107,375
9,108,370
9,109,368
9,110,372
9,111,378
9,112,382
9,113,367
9,114,376
9,115,372
9,116,389
9,117,375
9,118,377
9,119,379
9,120,381
9,121,380
9,122,386
9,123,387
9,124,394
9,125,372
9,126,378
9,127,372
9,128,376
9,129,364
9,130,378
9,131,377
9,132,382
9,133,370
9,134,365
9,135,368
9,136,371
9,137,359
9,138,379
9,139,361
9,140,377
9,141,372
9,142,387
9,143,367
9,144,379
9,145,368
9,146,375
9,147,373
9,148,379
9,149,383
9,150,383
9,151,371
9,152,368
9,153,375
9,154,385
9,155,368
9,156,365
9,157,374
9,158,381
9,159,376
9,160,366
9,161,377
9,162,361
9,163,366
9,164,373
9,165,372
9,166,391
9,167,375
9,168,369
9,169,379
9,170,379
9,171,373
9,172,374
9,173,369
9,174,382
9,175,362
9,176,369
9,177,366
9,178,378
9,179,377
9,180,374
9,181,361
9,182,378
9,183,373
9,184,380
9,185,371
9,186,388
9,187,369
9,188,377
9,189,372
9,190,377
9,191,378
9,192,375
9,193,381
9,194,375
9,195,373
9,196,379
9,197,374
9,198,368
9,199,375
9,200,383
10,1,6
10,2,20
10,3,67
10,4,198
10,5,337
10,6,363
10,7,375
10,8,361
10,9,383
10,10,390
10,11,379
10,12,374
10,13,394
10,14,379
10,15,374
10,16,390
10,17,385
10,18,374
10,19,377
10,20,368
10,21,363
10,22,383
10,23,370
10,24,376
10,25,372
10,26,373
10,27,384
10,28,357
10,29,379
10,30,370
10,31,366
10,32,361
10,33,366
10,34,372
10,35,372
10,36,387
10,37,379
10,38,374
10,39,384
10,40,387
10,41,371
10,42,371
10,43,387
10,44,386
10,45,367
10,46,361
10,47,368
10,48,372
10,49,382
10,50,364
10,51,367
10,52,381
10,53,372
10,54,373
10,55,380
10,56,373
10,57,375
10,58,377
10,59,378
10,60,374
10,61,386
10,62,370
10,63,375
10,64,387
10,65,368
10,66,379
10,67,387
10,68,382
10,69,382
10,70,377
10,71,383
10,72,379
10,73,379
10,74,375
10,75,375
10,76,377
10,77,369
10,78,365
10,79,374
10,80,371
10,81,371
10,82,374
10,83,360
10,84,387
10,85,378
10,86,365
10,87,372
10,88,373
10,89,363
10,90,374
10,91,378
10,92,376
10,93,374
10,94,382
10,95,384
10,96,379
10,97,385
10,98,364
10,99,371
10,100,368
10,101,359
10,102,371
10,103,380
10,104,376
10,105,384
10,106,377
10,107,380
10,108,368
10,109,370
10,110,368
10,111,375
10,112,366
10,113,379
10,114,379
10,115,382
10,116,377
10,117,385
10,118,368
10,119,379
10,120,374
10,121,386
10,122,373
10,123,389
10,124,377
10,125,379
10,126,367
10,127,372
10,128,372
10,129,367
10,130,360
10,131,371
10,132,371
10,133,370
10,134,368
10,135,381
10,136,374
10,137,380
10,138,374
10,139,364
10,140,368
10,141,374
10,142,372
10,143,383
10,144,388
10,145,381
10,146,379
10,147,377
10,148,378
10,149,384
10,150,386
10,151,379
10,152,378
10,153,357
10,154,373
10,155,371
10,156,376
10,157,362
10,158,366
10,159,370
10,160,373
10,161,374
10,162,374
10,163,368
10,164,374
10,165,375
10,166,374
10,167,373
10,168,368
10,169,372
10,170,366
10,171,378
10,172,364
10,173,385
10,174,360
10,175,374
10,176,372
10,177,371
10,178,378
10,179,378
10,180,373
10,181,362
10,182,379
10,183,360
10,184,373
10,185,381
10,186,387
10,187,376
10,188,375
10,189,379
10,190,360
10,191,375
10,192,373
10,193,368
10,194,367
10,195,369
10,196,371
10,197,370
10,198,358
10,199,377
10,200,382
11,1,8
11,2,36
11,3,122
11,4,281
11,5,351
11,6,383
11,7,372
11,8,371
11,9,378
11,10,369
11,11,372
11,12,375
11,13,371
11,14,370
11,15,384
11,16,364
11,17,382
11,18,355
11,19,370
11,20,380
11,21,389
11,22,370
11,23,370
11,24,374
11,25,372
11,26,366
11,27,371
11,28,379
11,29,380
11,30,374
11,31,380
11,32,374
11,33,374
11,34,378
11,35,381
11,36,374
11,37,365
11,38,367
11,39,370
11,40,366
11,41,382
11,42,373
11,43,378
11,44,353
11,45,374
11,46,379
11,47,381
11,48,372
11,49,374
11,50,374
11,51,364
11,52,374
11,53,372
11,54,375
11,55,379
11,56,377
11,57,366
11,58,379
11,59,384
11,60,381
11,61,375
11,62,366
11,63,375
11,64,372
11,65,360
11,66,369
11,67,367
11,68,373
11,69,364
11,70,375
11,71,375
11,72,379
11,73,376
11,74,371
11,75,376
11,76,373
11,77,362
11,78,367
11,79,371
11,80,379
11,81,373
11,82,380
11,83,382
11,84,373
11,85,366
11,86,378
11,87,372
11,88,368
11,89,371
11,90,378
11,91,365
11,92,360
11,93,375
11,94,374
11,95,359
11,96,376
11,97,376
11,98,376
11,99,372
11,100,375
11,101,371
11,102,370
11,103,357
11,104,376
11,105,361
11,106,368
11,107,385
11,108,374
11,109,370
11,110,368
11,111,383
11,112,363
11,113,383
11,114,392
11,115,360
11,116,374
11,117,380
11,118,378
11,119,377
11,120,365
11,121,364
11,122,391
11,123,359
11,124,378
11,125,366
11,126,381
11,127,367
11,128,389
11,129,360
11,130,378
11,131,381
11,132,371
11,133,378
11,134,370
11,135,387
11,136,371
11,137,374
11,138,381
11,139,386
11,140,369
11,141,359
11,142,364
11,143,383
11,144,368
11,145,382
11,146,363
11,147,355
11,148,372
11,149,368
11,150,378
11,151,366
11,152,367
11,153,380
11,154,376
11,155,378
11,156,370
11,157,382
11,158,354
11,159,383
11,160,375
11,161,369
11,162,371
11,163,374
11,164,368
11,165,373
11,166,391
11,167,369
11,168,376
11,169,360
11,170,368
11,171,371
11,172,378
11,173,378
11,174,370
11,175,376
11,176,379
11,177,372
11,178,368
11,179,363
11,180,372
11,181,366
11,182,396
11,183,379
11,184,371
11,185,362
11,186,381
11,187,354
11,188,380
11,189,375
11,190,373
11,191,377
11,192,381
11,193,362
11,194,372
11,195,381
11,196,376
11,197,365
11,198,384
11,199,379
11,200,378
12,1,4
12,2,12
12,3,46
12,4,162
12,5,314
12,6,362
12,7,374
12,8,369
12,9,378
12,10,384
12,11,364
12,12,379
12,13,375
12,14,370
12,15,381
12,16,369
12,17,383
12,18,363
12,19,369
12,20,367
12,21,390
12,22,378
12,23,364
12,24,384
12,25,375
12,26,366
12,27,380
12,28,367
12,29,375
12,30,376
12,31,378
12,32,379
12,33,377
12,34,372
12,35,378
12,36,371
12,37,372
12,38,361
12,39,380
12,40,376
12,41,373
12,42,377
12,43,389
12,44,380
12,45,364
12,46,372
12,47,364
12,48,377
12,49,380
12,50,377
12,51,377
12,52,386
12,53,377
12,54,373
12,55,381
12,56,377
12,57,372
12,58,357
12,59,371
12,60,372
12,61,375
12,62,370
12,63,374
12,64,377
12,65,375
12,66,373
12,67,372
12,68,371
12,69,365
12,70,383
12,71,375
12,72,375
12,73,376
12,74,380
12,75,383
12,76,371
12,77,372
12,78,374
12,79,373
12,80,375
12,81,371
12,82,376
12,83,377
12,84,373
12,85,372
12,86,378
12,87,365
12,88,371
12,89,372
12,90,363
12,91,373
12,92,373
12,93,368
12,94,372
12,95,382
12,96,368
12,97,379
12,98,380
12,99,377
12,100,387
12,101,381
12,102,380
12,103,376
12,104,375
12,105,389
12,106,376
12,107,382
12,108,385
12,109,366
12,110,364
12,111,378
12,112,380
12,113,376
12,114,378
12,115,379
12,116,362
12,117,385
12,118,377
12,119,392
12,120,375
12,121,377
12,122,366
12,123,376
12,124,380
12,125,362
12,126,391
12,127,379
12,128,353
12,129,378
12,130,378
12,131,383
12,132,373
12,133,370
12,134,373
12,135,384
12,136,368
12,137,376
12,138,371
12,139,362
12,140,379
12,141,373
12,142,378
12,143,378
12,144,363
12,145,371
12,146,385
12,147,372
12,148,375
12,149,383
12,150,372
12,151,376
12,152,378
12,153,368
12,154,374
12,155,358
12,156,376
12,157,372
12,158,381
12,159,373
12,160,373
12,161,373
12,162,370
12,163,369
12,164,376
12,165,366
12,166,367
12,167,374
12,168,377
12,169,389
12,170,379
12,171,363
12,172,378
12,173,375
12,174,370
12,175,385
12,176,367
12,177,370
12,178,382
12,179,372
12,180,377
12,181,364
12,182,377
12,183,366
12,184,365
12,185,372
12,186,375
12,187,379
12,188,373
12,189,383
12,190,374
12,191,384
12,192,379
12,193,373
12,194,368
12,195,382
12,196,374
12,197,378
12,198,383
12,199,362
12,200,381
13,1,5
13,2,14
13,3,55
13,4,174
13,5,332
13,6,366
13,7,386
13,8,377
13,9,375
13,10,372
13,11,377
13,12,367
13,13,361
13,14,378
13,15,368
13,16,365
13,17,370
13,18,381
13,19,374
13,20,377
13,21,368
13,22,363
13,23,374
13,24,366
13,25,379
13,26,370
13,27,372
13,28,369
13,29,369
13,30,377
13,31,369
13,32,377
13,33,366
13,34,365
13,35,377
13,36,374
13,37,371
13,38,379
13,39,372
13,40,383
13,41,375
13,42,356
13,43,368
13,44,371
13,45,370
13,46,368
13,47,378
13,48,374
13,49,374
13,50,383
13,51,376
13,52,382
13,53,382
13,54,369
13,55,385
13,56,376
13,57,378
13,58,369
13,59,378
13,60,361
13,61,378
13,62,380
13,63,376
13,64,370
13,65,367
13,66,377
13,67,367
13,68,371
13,69,385
13,70,386
13,71,371
13,72,380
13,73,369
13,74,377
13,75,373
13,76,394
13,77,373
13,78,369
13,79,363
13,80,363
13,81,377
13,82,373
13,83,360
13,84,372
13,85,367
13,86,374
13,87,369
13,88,381
13,89,387
13,90,385
13,91,373
13,92,369
13,93,373
13,94,370
13,95,378
13,96,365
13,97,377
13,98,371
13,99,365
13,100,364
13,101,367
13,102,375
13,103,371
13,104,372
13,105,375
13,106,372
13,107,376
13,108,381
13,109,384
13,110,378
13,111,371
13,112,376
13,113,373
13,114,365
13,115,385
13,116,383
13,117,372
13,118,385
13,119,356
13,120,380
13,121,362
13,122,380
13,123,378
13,124,372
13,125,384
13,126,375
13,127,380
13,128,365
13,129,362
13,130,384
13,131,387
13,132,376
13,133,357
13,134,363
13,135,368
13,136,365
13,137,377
13,138,360
13,139,370
13,140,367
13,141,362
13,142,372
13,143,379
13,144,362
13,145,371
13,146,371
13,147,376
13,148,373
13,149,382
13,150,364
13,151,368
13,152,384
13,153,357
13,154,375
13,155,365
13,156,372
13,157,378
13,158,368
13,159,377
13,160,366
13,161,372
13,162,383
13,163,377
13,164,382
13,165,385
13,166,395
13,167,375
13,168,363
13,169,374
13,170,371
13,171,380
13,172,383
13,173,376
13,174,372
13,175,365
13,176,373
13,177,369
13,178,377
13,179,370
13,180,376
13,181,367
13,182,387
13,183,396
13,184,372
13,185,372
13,186,380
13,187,383
13,188,379
13,189,375
13,190,376
13,191,380
13,192,383
13,193,363
13,194,376
13,195,380
13,196,385
13,197,385
13,198,378
13,199,376
13,200,383
14,1,4
14,2,12
14,3,55
14,4,172
14,5,347
14,6,376
14,7,368
14,8,376
14,9,380
14,10,365
14,11,377
14,12,369
14,13,363
14,14,362
14,15,392
14,16,383
14,17,368
14,18,382
14,19,374
14,20,380
14,21,370
14,22,386
14,23,371
14,24,365
14,25,374
14,26,372
14,27,383
14,28,373
14,29,381
14,30,381
14,31,379
14,32,361
14,33,382
14,34,380
14,35,356
14,36,366
14,37,377
14,38,372
14,39,374
14,40,375
14,41,370
14,42,379
14,43,363
14,44,378
14,45,372
14,46,380
14,47,371
14,48,362
14,49,368
14,50,383
14,51,368
14,52,369
14,53,374
14,54,374
14,55,374
14,56,356
14,57,356
14,58,376
14,59,381
14,60,375
14,61,368
14,62,368
14,63,368
14,64,378
14,65,392
14,66,382
14,67,379
14,68,380
14,69,374
14,70,381
14,71,379
14,72,390
14,73,381
14,74,377
14,75,367
14,76,375
14,77,362
14,78,378
14,79,380
14,80,364
14,81,361
14,82,379
14,83,360
14,84,382
14,85,378
14,86,376
14,87,380
14,88,363
14,89,378
14,90,367
14,91,378
14,92,379
14,93,375
14,94,381
14,95,369
14,96,370
14,97,376
14,98,374
14,99,378
14,100,367
14,101,375
14,102,375
14,103,356
14,104,359
14,105,369
14,106,377
14,107,369
14,108,380
14,109,370
14,110,368
14,111,367
14,112,383
14,113,371
14,114,379
14,115,369
14,116,378
14,117,376
14,118,371
14,119,374
14,120,378
14,121,367
14,122,372
14,123,381
14,124,375
14,125,385
14,126,370
14,127,381
14,128,372
14,129,362
14,130,372
14,131,380
14,132,374
14,133,377
14,134,375
14,135,376
14,136,372
14,137,358
14,138,384
14,139,363
14,140,366
14,141,385
14,142,369
14,143,373
14,144,372
14,145,377
14,146,359
14,147,377
14,148,373
14,149,381
14,150,365
14,151,381
14,152,376
14,153,381
14,154,379
14,155,383
14,156,367
14,157,382
14,158,371
14,159,373
14,160,385
14,161,374
14,162,380
14,163,380
14,164,374
14,165,388
14,166,374
14,167,375
14,168,371
14,169,378
14,170,383
14,171,382
14,172,373
14,173,365
14,174,360
14,175,368
14,176,374
14,177,373
14,178,375
14,179,380
14,180,375
14,181,371
14,182,378
14,183,366
14,184,366
14,185,372
14,186,377
14,187,366
14,188,376
14,189,381
14,190,370
14,191,383
14,192,389
14,193,375
14,194,371
14,195,373
14,196,381
14,197,377
14,198,377
14,199,373
14,200,364
15,1,6
15,2,23
15,3,92
15,4,242
15,5,333
15,6,363
15,7,372
15,8,361
15,9,373
15,10,381
15,11,377
15,12,382
15,13,368
15,14,380
15,15,369
15,16,377
15,17,386
15,18,371
15,19,377
15,20,377
15,21,367
15,22,374
15,23,369
15,24,367
15,25,364
15,26,377
15,27,372
15,28,379
15,29,385
15,30,374
15,31,373
15,32,382
15,33,398
15,34,377
15,35,355
15,36,374
15,37,360
15,38,391
15,39,365
15,40,377
15,41,375
15,42,369
15,43,374
15,44,387
15,45,368
15,46,371
15,47,378
15,48,386
15,49,377
15,50,387
15,51,378
15,52,382
15,53,379
15,54,372
15,55,363
15,56,384
15,57,373
15,58,376
15,59,371
15,60,363
15,61,365
15,62,375
15,63,372
15,64,378
15,65,375
15,66,379
15,67,362
15,68,367
15,69,373
15,70,385
15,71,383
15,72,365
15,73,383
15,74,369
15,75,378
15,76,360
15,77,366
15,78,375
15,79,364
15,80,359
15,81,377
15,82,373
15,83,372
15,84,386
15,85,365
15,86,367
15,87,368
15,88,375
15,89,371
15,90,375
15,91,381
15,92,373
15,93,386
15,94,388
15,95,380
15,96,372
15,97,365
15,98,372
15,99,374
15,100,381
15,101,359
15,102,365
15,103,358
15,104,372
15,105,379
15,106,369
15,107,373
15,108,388
15,109,365
15,110,361
15,111,365
15,112,359
15,113,371
15,114,378
15,115,375
15,116,366
15,117,370
15,118,366
15,119,379
15,120,385
15,121,355
15,122,366
15,123,381
15,124,368
15,125,368
15,126,366
15,127,375
15,128,364
15,129,389
15,130,383
15,131,371
15,132,370
15,133,366
15,134,378
15,135,366
15,136,367
15,137,387
15,138,385
15,139,375
15,140,376
15,141,374
15,142,373
15,143,379
15,144,381
15,145,367
15,146,365
15,147,373
15,148,378
15,149,375
15,150,372
15,151,372
15,152,386
15,153,380
15,154,373
15,155,388
15,156,384
15,157,376
15,158,376
15,159,372
15,160,384
15,161,383
15,162,369
15,163,373
15,164,369
15,165,373
15,166,380
15,167,379
15,168,379
15,169,383
15,170,374
15,171,375
15,172,377
15,173,385
15,174,386
15,175,376
15,176,372
15,177,374
15,178,363
15,179,382
15,180,374
15,181,363
15,182,379
15,183,364
15,184,362
15,185,383
15,186,378
15,187,385
15,188,360
15,189,376
15,190,386
15,191,374
15,192,360
15,193,383
15,194,381
15,195,368
15,196,376
15,197,388
15,198,374
15,199,378
15,200,376
16,1,2
16,2,11
16,3,46
16,4,153
16,5,316
16,6,369
16,7,366
16,8,363
16,9,374
16,10,373
16,11,382
16,12,371
16,13,385
16,14,385
16,15,363
16,16,368
16,17,378
16,18,385
16,19,364
16,20,379
16,21,376
16,22,382
16,23,375
16,24,374
16,25,378
16,26,368
16,27,373
16,28,376
16,29,370
16,30,370
16,31,372
16,32,368
16,33,381
16,34,372
16,35,378
16,36,368
16,37,368
16,38,375
16,39,371
16,40,371
16,41,383
16,42,388
16,43,377
16,44,361
16,45,391
16,46,386
16,47,361
16,48,379
16,49,365
16,50,391
16,51,374
16,52,371
16,53,381
16,54,382
16,55,372
16,56,370
16,57,380
16,58,375
16,59,364
16,60,378
16,61,370
16,62,374
16,63,370
16,64,373
16,65,382
16,66,369
16,67,375
16,68,367
16,69,363
16,70,369
16,71,375
16,72,361
16,73,374
16,74,371
16,75,382
16,76,376
16,77,384
16,78,373
16,79,372
16,80,384
16,81,371
16,82,382
16,83,376
16,84,381
16,85,377
16,86,369
16,87,367
16,88,373
16,89,376
16,90,367
16,91,381
16,92,375
16,93,376
16,94,373
16,95,376
16,96,396
16,97,365
16,98,386
16,99,374
16,100,374
16,101,358
16,102,370
16,103,372
16,104,373
16,105,382
16,106,376
16,107,372
16,108,379
16,109,360
16,110,377
16,111,376
16,112,361
16,113,376
16,114,375
16,115,373
16,116,375
16,117,378
16,118,375
16,119,385
16,120,371
16,121,370
16,122,377
16,123,383
16,124,370
16,125,380
16,126,388
16,127,385
16,128,385
16,129,380
16,130,387
16,131,382
16,132,384
16,133,374
16,134,372
16,135,374
16,136,369
16,137,385
16,138,368
16,139,371
16,140,377
16,141,370
16,142,388
16,143,374
16,144,382
16,145,366
16,146,371
16,147,388
16,148,367
16,149,378
16,150,384
16,151,377
16,152,372
16,153,367
16,154,379
16,155,370
16,156,355
16,157,362
16,158,372
16,159,370
16,160,385
16,161,364
16,162,376
16,163,378
16,164,377
16,165,372
16,166,386
16,167,369
16,168,377
16,169,374
16,170,355
16,171,371
16,172,373
16,173,373
16,174,378
16,175,371
16,176,370
16,177,369
16,178,360
16,179,384
16,180,377
16,181,376
16,182,369
16,183,371
16,184,376
16,185,373
16,186,373
16,187,376
16,188,371
16,189,362
16,190,374
16,191,368
16,192,377
16,193,356
16,194,376
16,195,367
16,196,373
16,197,366
16,198,378
16,199,367
16,200,369
17,1,4
17,2,15
17,3,60
17,4,179
17,5,335
17,6,367
17,7,376
17,8,379
17,9,373
17,10,382
17,11,376
17,12,379
17,13,365
17,14,359
17,15,377
17,16,375
17,17,369
17,18,372
17,19,391
17,20,372
17,21,369
17,22,378
17,23,366
17,24,379
17,25,367
17,26,374
17,27,374
17,28,363
17,29,359
17,30,356
17,31,361
17,32,377
17,33,384
17,34,377
17,35,363
17,36,379
17,37,369
17,38,375
17,39,372
17,40,382
17,41,363
17,42,368
17,43,361
17,44,372
17,45,373
17,46,371
17,47,357
17,48,368
17,49,369
17,50,378
17,51,372
17,52,369
17,53,382
17,54,363
17,55,375
17,56,382
17,57,381
17,58,371
17,59,373
17,60,382
17,61,387
17,62,376
17,63,382
17,64,372
17,65,378
17,66,373
17,67,383
17,68,369
17,69,377
17,70,369
17,71,375
17,72,367
17,73,374
17,74,378
17,75,377
17,76,374
17,77,378
17,78,380
17,79,384
17,80,372
17,81,390
17,82,375
17,83,373
17,84,377
17,85,378
17,86,371
17,87,385
17,88,375
17,89,378
17,90,373
17,91,367
17,92,373
17,93,385
17,94,371
17,95,379
17,96,369
17,97,387
17,98,372
17,99,372
17,100,374
17,101,380
17,102,378
17,103,375
17,104,379
17,105,369
17,106,368
17,107,370
17,108,383
17,109,363
17,110,377
17,111,370
17,112,370
17,113,371
17,114,376
17,115,377
17,116,376
17,117,373
17,118,370
17,119,373
17,120,365
17,121,375
17,122,373
17,123,391
17,124,385
17,125,372
17,126,378
17,127,369
17,128,374
17,129,376
17,130,383
17,131,366
17,132,361
17,133,376
17,134,375
17,135,370
17,136,369
17,137,375
17,138,365
17,139,388
17,140,376
17,141,363
17,142,375
17,143,388
17,144,371
17,145,379
17,146,381
17,147,377
17,148,377
17,149,384
17,150,379
17,151,370
17,152,377
17,153,366
17,154,358
17,155,381
17,156,381
17,157,371
17,158,371
17,159,380
17,160,374
17,161,366
17,162,369
17,163,369
17,164,381
17,165,366
17,166,373
17,167,375
17,168,374
17,169,375
17,170,371
17,171,377
17,172,378
17,173,374
17,174,363
17,175,372
17,176,393
17,177,365
17,178,384
17,179,371
17,180,374
17,181,374
17,182,371
17,183,378
17,184,374
17,185,375
17,186,380
17,187,385
17,188,391
17,189,375
17,190,371
17,191,375
17,192,364
17,193,376
17,194,380
17,195,366
17,196,361
17,197,376
17,198,380
17,199,375
17,200,376
18,1,2
18,2,4
18,3,21
18,4,83
18,5,223
18,6,349
18,7,376
18,8,377
18,9,380
18,10,376
18,11,371
18,12,367
18,13,365
18,14,374
18,15,377
18,16,374
18,17,379
18,18,373
18,19,375
18,20,377
18,21,379
18,22,364
18,23,386
18,24,368
18,25,366
18,26,363
18,27,363
18,28,375
18,29,385
18,30,389
18,31,368
18,32,376
18,33,367
18,34,384
18,35,377
18,36,370
18,37,372
18,38,376
18,39,374
18,40,365
18,41,369
18,42,386
18,43,377
18,44,369
18,45,369
18,46,367
18,47,376
18,48,369
18,49,373
18,50,362
18,51,368
18,52,371
18,53,371
18,54,376
18,55,376
18,56,387
18,57,376
18,58,379
18,59,380
18,60,379
18,61,374
18,62,375
18,63,384
18,64,371
18,65,365
18,66,373
18,67,359
18,68,370
18,69,387
18,70,363
18,71,379
18,72,385
18,73,371
18,74,378
18,75,381
18,76,363
18,77,369
18,78,379
18,79,373
18,80,382
18,81,381
18,82,363
18,83,370
18,84,381
18,85,375
18,86,360
18,87,375
18,88,374
18,89,374
18,90,371
18,91,379
18,92,359
18,93,375
18,94,379
18,95,377
18,96,378
18,97,379
18,98,372
18,99,384
18,100,373
18,101,380
18,102,368
18,103,380
18,104,373
18,105,367
18,106,376
18,107,359
18,108,369
18,109,368
18,110,364
18,111,379
18,112,385
18,113,373
18,114,366
18,115,380
18,116,377
18,117,385
18,118,362
18,119,381
18,120,377
18,121,368
18,122,366
18,123,371
18,124,380
18,125,369
18,126,386
18,127,368
18,128,365
18,129,380
18,130,380
18,131,375
18,132,381
18,133,380
18,134,369
18,135,371
18,136,373
18,137,365
18,138,383
18,139,379
18,140,373
18,141,373
18,142,375
18,143,374
18,144,372
18,145,369
18,146,373
18,147,378
18,148,384
18,149,373
18,150,367
18,151,371
18,152,366
18,153,384
18,154,387
18,155,366
18,156,372
18,157,365
18,158,371
18,159,387
18,160,379
18,161,373
18,162,381
18,163,382
18,164,376
18,165,375
18,166,369
18,167,369
18,168,367
18,169,371
18,170,380
18,171,365
18,172,386
18,173,383
18,174,380
18,175,375
18,176,389
18,177,373
18,178,379
18,179,371
18,180,373
18,181,374
18,182,388
18,183,369
18,184,375
18,185,382
18,186,385
18,187,361
18,188,372
18,189,393
18,190,370
18,191,379
18,192,375
18,193,372
18,194,365
18,195,370
18,196,374
18,197,380
18,198,381
18,199,372
18,200,371
19,1,5
19,2,21
19,3,74
19,4,200
19,5,335
19,6,365
19,7,394
19,8,382
19,9,376
19,10,373
19,11,382
19,12,374
19,13,363
19,14,364
19,15,362
19,16,376
19,17,379
19,18,379
19,19,373
19,20,376
19,21,374
19,22,375
19,23,377
19,24,375
19,25,383
19,26,368
19,27,368
19,28,368
19,29,385
19,30,368
19,31,375
19,32,375
19,33,366
19,34,376
19,35,388
19,36,382
19,37,384
19,38,367
19,39,378
19,40,377
19,41,367
19,42,369
19,43,381
19,44,374
19,45,389
19,46,373
19,47,374
19,48,370
19,49,377
19,50,371
19,51,370
19,52,385
19,53,378
19,54,379
19,55,361
19,56,372
19,57,376
19,58,385
19,59,386
19,60,379
19,61,372
19,62,369
19,63,372
19,64,375
19,65,371
19,66,376
19,67,378
19,68,371
19,69,376
19,70,372
19,71,381
19,72,353
19,73,372
19,74,363
19,75,371
19,76,361
19,77,383
19,78,376
19,79,371
19,80,373
19,81,375
19,82,372
19,83,387
19,84,381
19,85,381
19,86,372
19,87,370
19,88,376
19,89,368
19,90,360
19,91,382
19,92,369
19,93,364
19,94,376
19,95,361
19,96,366
19,97,378
19,98,379
19,99,374
19,100,377
19,101,382
19,102,375
19,103,373
19,104,370
19,105,368
19,106,369
19,107,367
19,108,376
19,109,385
19,110,370
19,111,393
19,112,383
19,113,380
19,114,377
19,115,368
19,116,355
19,117,378
19,118,374
19,119,389
19,120,379
19,121,371
19,122,365
19,123,370
19,124,377
19,125,372
19,126,366
19,127,375
19,128,374
19,129,377
19,130,371
19,131,377
19,132,386
19,133,383
19,134,381
19,135,379
19,136,386
19,137,370
19,138,371
19,139,371
19,140,367
19,141,371
19,142,371
19,143,375
19,144,379
19,145,378
19,146,372
19,147,382
19,148,367
19,149,378
19,150,371
19,151,371
19,152,356
19,153,372
19,154,368
19,155,378
19,156,360
19,157,384
19,158,373
19,159,383
19,160,372
19,161,375
19,162,378
19,163,387
19,164,369
19,165,385
19,166,374
19,167,384
19,168,371
19,169,361
19,170,376
19,171,367
19,172,385
19,173,383
19,174,372
19,175,373
19,176,387
19,177,376
19,178,382
19,179,378
19,180,371
19,181,367
19,182,369
19,183,359
19,184,373
19,185,379
19,186,372
19,187,379
19,188,365
19,189,374
19,190,369
19,191,366
19,192,389
19,193,371
19,194,374
19,195,362
19,196,369
19,197,377
19,198,362
19,199,374
19,200,380
20,1,5
20,2,14
20,3,55
20,4,174
20,5,337
20,6,369
20,7,365
20,8,379
20,9,380
20,10,366
20,11,366
20,12,376
20,13,372
20,14,371
20,15,372
20,16,367
20,17,373
20,18,374
20,19,373
20,20,379
20,21,374
20,22,375
20,23,383
20,24,367
20,25,364
20,26,369
20,27,361
20,28,366
20,29,383
20,30,375
20,31,372
20,32,379
20,33,378
20,34,374
20,35,375
20,36,373
20,37,378
20,38,372
20,39,376
20,40,365
20,41,378
20,42,371
20,43,362
20,44,369
20,45,371
20,46,378
20,47,371
20,48,380
20,49,387
20,50,376
20,51,381
20,52,390
20,53,377
20,54,373
20,55,375
20,56,362
20,57,370
20,58,391
20,59,363
20,60,368
20,61,355
20,62,381
20,63,378
20,64,381
20,65,364
20,66,365
20,67,371
20,68,378
20,69,368
20,70,364
20,71,384
20,72,372
20,73,388
20,74,376
20,75,382
20,76,383
20,77,387
20,78,376
20,79,368
20,80,384
20,81,365
20,82,371
20,83,364
20,84,373
20,85,376
20,86,378
20,87,364
20,88,367
20,89,373
20,90,370
20,91,379
20,92,369
20,93,378
20,94,359
20,95,374
20,96,381
20,97,378
20,98,383
20,99,380
20,100,377
20,101,378
20,102,386
20,103,374
20,104,370
20,105,362
20,106,379
20,107,369
20,108,367
20,109,370
20,110,372
20,111,374
20,112,372
20,113,366
20,114,392
20,115,364
20,116,377
20,117,363
20,118,388
20,119,373
20,120,374
20,121,375
20,122,372
20,123,368
20,124,379
20,125,368
20,126,372
20,127,380
20,128,373
20,129,379
20,130,383
20,131,369
20,132,372
20,133,375
20,134,370
20,135,392
20,136,357
20,137,375
20,138,373
20,139,370
20,140,380
20,141,381
20,142,366
20,143,370
20,144,377
20,145,374
20,146,371
20,147,373
20,148,386
20,149,379
20,150,377
20,151,368
20,152,370
20,153,368
20,154,367
20,155,385
20,156,373
20,157,376
20,158,383
20,159,382
20,160,379
20,161,371
20,162,379
20,163,378
20,164,359
20,165,374
20,166,370
20,167,374
20,168,366
20,169,352
20,170,386
20,171,376
20,172,377
20,173,367
20,174,377
20,175,370
20,176,384
20,177,386
20,178,363
20,179,380
20,180,373
20,181,381
20,182,372
20,183,389
20,184,376
20,185,372
20,186,381
20,187,385
20,188,379
20,189,378
20,190,372
20,191,384
20,192,373
20,193,362
20,194,360
20,195,367
20,196,361
20,197,371
20,198,373
20,199,374
20,200,373
21,1,4
21,2,18
21,3,70
21,4,215
21,5,350
21,6,374
21,7,380
21,8,375
21,9,374
21,10,380
21,11,375
21,12,364
21,13,352
21,14,374
21,15,381
21,16,382
21,17,362
21,18,370
21,19,368
21,20,386
21,21,368
21,22,369
21,23,372
21,24,374
21,25,388
21,26,376
21,27,382
21,28,367
21,29,364
21,30,371
21,31,371
21,32,364
21,33,371
21,34,373
21,35,370
21,36,386
21,37,367
21,38,381
21,39,378
21,40,386
21,41,375
21,42,379
21,43,355
21,44,371
21,45,375
21,46,379
21,47,371
21,48,374
21,49,379
21,50,375
21,51,370
21,52,365
21,53,364
21,54,363
21,55,378
21,56,375
21,57,370
21,58,381
21,59,371
21,60,371
21,61,382
21,62,384
21,63,370
21,64,370
21,65,372
21,66,369
21,67,377
21,68,367
21,69,367
21,70,383
21,71,364
21,72,372
21,73,366
21,74,366
21,75,362
21,76,376
21,77,369
21,78,365
21,79,369
21,80,356
21,81,371
21,82,375
21,83,369
21,84,374
21,85,362
21,86,371
21,87,368
21,88,372
21,89,373
21,90,381
21,91,367
21,92,380
21,93,367
21,94,379
21,95,377
21,96,360
21,97,377
21,98,365
21,99,363
21,100,368
21,101,372
21,102,384
21,103,382
21,104,379
21,105,369
21,106,378
21,107,359
21,108,368
21,109,378
21,110,361
21,111,373
21,112,379
21,113,353
21,114,365
21,115,357
21,116,378
21,117,377
21,118,378
21,119,387
21,120,381
21,121,370
21,122,380
21,123,387
21,124,375
21,125,374
21,126,371
21,127,374
21,128,379
21,129,364
21,130,384
21,131,363
21,132,367
21,133,374
21,134,371
21,135,362
21,136,394
21,137,364
21,138,374
21,139,392
21,140,373
21,141,371
21,142,378
21,143,369
21,144,385
21,145,383
21,146,388
21,147,379
21,148,383
21,149,368
21,150,363
21,151,379
21,152,369
21,153,365
21,154,389
21,155,358
21,156,376
21,157,377
21,158,382
21,159,383
21,160,378
21,161,365
21,162,355
21,163,362
21,164,388
21,165,383
21,166,372
21,167,363
21,168,395
21,169,374
21,170,381
21,171,382
21,172,363
21,173,368
21,174,381
21,175,390
21,176,358
21,177,372
21,178,375
21,179,378
21,180,372
21,181,371
21,182,375
21,183,376
21,184,357
21,185,375
21,186,377
21,187,365
21,188,374
21,189,374
21,190,376
21,191,377
21,192,374
21,193,378
21,194,372
21,195,381
21,196,385
21,197,381
21,198,377
21,199,376
21,200,366
22,1,6
22,2,23
22,3,81
22,4,237
22,5,360
22,6,376
22,7,361
22,8,360
22,9,374
22,10,369
22,11,377
22,12,388
22,13,369
22,14,373
22,15,371
22,16,368
22,17,363
22,18,375
22,19,373
22,20,380
22,21,387
22,22,366
22,23,373
22,24,376
22,25,377
22,26,369
22,27,373
22,28,373
22,29,377
22,30,371
22,31,375
22,32,376
22,33,385
22,34,386
22,35,372
22,36,363
22,37,369
22,38,381
22,39,370
22,40,378
22,41,382
22,42,364
22,43,375
22,44,388
22,45,375
22,46,371
22,47,381
22,48,372
22,49,370
22,50,369
22,51,360
22,52,368
22,53,368
22,54,375
22,55,385
22,56,376
22,57,365
22,58,374
22,59,386
22,60,382
22,61,375
22,62,378
22,63,380
22,64,386
22,65,372
22,66,379
22,67,385
22,68,380
22,69,378
22,70,376
22,71,370
22,72,369
22,73,378
22,74,379
22,75,374
22,76,370
22,77,388
22,78,376
22,79,382
22,80,368
22,81,374
22,82,377
22,83,377
22,84,371
22,85,375
22,86,378
22,87,367
22,88,363
22,89,376
22,90,365
22,91,371
22,92,370
22,93,381
22,94,374
22,95,364
22,96,374
22,97,362
22,98,359
22,99,375
22,100,375
22,101,388
22,102,382
22,103,376
22,104,364
22,105,370
22,106,356
22,107,366
22,108,377
22,109,382
22,110,365
22,111,368
22,112,381
22,113,369
22,114,375
22,115,375
22,116,383
22,117,375
22,118,377
22,119,385
22,120,368
22,121,375
22,122,360
22,123,378
22,124,362
22,125,379
22,126,376
22,127,374
22,128,361
22,129,371
22,130,385
22,131,368
22,132,376
22,133,366
22,134,367
22,135,371
22,136,371
22,137,362
22,138,384
22,139,380
22,140,368
22,141,381
22,142,368
22,143,381
22,144,374
22,145,363
22,146,366
22,147,375
22,148,366
22,149,383
22,150,373
22,151,370
22,152,372
22,153,377
22,154,390
22,155,384
22,156,368
22,157,383
22,158,367
22,159,374
22,160,378
22,161,367
22,162,370
22,163,366
22,164,375
22,165,391
22,166,373
22,167,380
22,168,372
22,169,380
22,170,391
22,171,382
22,172,358
22,173,376
22,174,381
22,175,376
22,176,373
22,177,375
22,178,383
22,179,369
22,180,379
22,181,361
22,182,372
22,183,371
22,184,364
22,185,365
22,186,371
22,187,375
22,188,370
22,189,376
22,190,387
22,191,377
22,192,371
22,193,381
22,194,378
22,195,380
22,196,362
22,197,377
22,198,372
22,199,376
22,200,391
23,1,3
23,2,10
23,3,36
23,4,135
23,5,300
23,6,349
23,7,387
23,8,386
23,9,373
23,10,377
23,11,379
23,12,373
23,13,379
23,14,368
23,15,387
23,16,381
23,17,390
23,18,385
23,19,372
23,20,378
23,21,372
23,22,387
23,23,374
23,24,380
23,25,359
23,26,380
23,27,380
23,28,369
23,29,361
23,30,373
23,31,377
23,32,373
23,33,369
23,34,366
23,35,373
23,36,365
23,37,370
23,38,361
23,39,373
23,40,370
23,41,374
23,42,376
23,43,371
23,44,374
23,45,367
23,46,380
23,47,373
23,48,369
23,49,378
23,50,382
23,51,369
23,52,360
23,53,370
23,54,368
23,55,374
23,56,355
23,57,370
23,58,370
23,59,371
23,60,383
23,61,384
23,62,376
23,63,369
23,64,377
23,65,379
23,66,380
23,67,386
23,68,379
23,69,371
23,70,376
23,71,368
23,72,374
23,73,366
23,74,385
23,75,382
23,76,366
23,77,364
23,78,375
23,79,364
23,80,375
23,81,380
23,82,390
23,83,370
23,84,376
23,85,369
23,86,383
23,87,388
23,88,380
23,89,354
23,90,384
23,91,367
23,92,371
23,93,373
23,94,370
23,95,373
23,96,379
23,97,373
23,98,377
23,99,371
23,100,366
23,101,372
23,102,371
23,103,377
23,104,387
23,105,370
23,106,379
23,107,389
23,108,383
23,109,379
23,110,371
23,111,355
23,112,375
23,113,382
23,114,379
23,115,380
23,116,370
23,117,377
23,118,373
23,119,373
23,120,367
23,121,367
23,122,375
23,123,382
23,124,375
23,125,379
23,126,364
23,127,373
23,128,375
23,129,365
23,130,379
23,131,379
23,132,376
23,133,374
23,134,381
23,135,378
23,136,376
23,137,381
23,138,384
23,139,380
23,140,374
23,141,369
23,142,370
23,143,367
23,144,385
23,145,383
23,146,362
23,147,378
23,148,376
23,149,381
23,150,369
23,151,384
23,152,373
23,153,388
23,154,371
23,155,384
23,156,362
23,157,384
23,158,370
23,159,370
23,160,364
23,161,373
23,162,383
23,163,374
23,164,368
23,165,377
23,166,376
23,167,368
23,168,362
23,169,374
23,170,380
23,171,378
23,172,374
23,173,363
23,174,386
23,175,366
23,176,372
23,177,372
23,178,373
23,179,371
23,180,377
23,181,370
23,182,363
23,183,376
23,184,372
23,185,359
23,186,378
23,187,379
23,188,369
23,189,377
23,190,363
23,191,357
23,192,365
23,193,376
23,194,372
23,195,364
23,196,370
23,197,373
23,198,374
23,199,383
23,200,367
24,1,7
24,2,26
24,3,93
24,4,248
24,5,348
24,6,381
24,7,371
24,8,384
24,9,391
24,10,383
24,11,377
24,12,374
24,13,380
24,14,389
24,15,380
24,16,378
24,17,375
24,18,363
24,19,380
24,20,366
24,21,370
24,22,384
24,23,358
24,24,379
24,25,389
24,26,375
24,27,379
24,28,367
24,29,388
24,30,366
24,31,374
24,32,372
24,33,385
24,34,374
24,35,381
24,36,374
24,37,368
24,38,369
24,39,373
24,40,373
24,41,371
24,42,383
24,43,367
24,44,374
24,45,365
24,46,370
24,47,366
24,48,374
24,49,355
24,50,381
24,51,373
24,52,369
24,53,384
24,54,382
24,55,377
24,56,364
24,57,361
24,58,376
24,59,365
24,60,370
24,61,391
24,62,374
24,63,368
24,64,376
24,65,386
24,66,372
24,67,369
24,68,364
24,69,373
24,70,365
24,71,384
24,72,372
24,73,370
24,74,364
24,75,368
24,76,369
24,77,370
24,78,379
24,79,381
24,80,362
24,81,373
24,82,375
24,83,380
24,84,362
24,85,376
24,86,386
24,87,361
24,88,380
24,89,377
24,90,380
24,91,376
24,92,365
24,93,390
24,94,378
24,95,375
24,96,365
24,97,374
24,98,367
24,99,365
24,100,374
24,101,370
24,102,373
24,103,369
24,104,373
24,105,383
24,106,384
24,107,378
24,108,367
24,109,379
24,110,375
24,111,361
24,112,383
24,113,362
24,114,378
24,115,365
24,116,375
24,117,365
24,118,373
24,119,374
24,120,363
24,121,364
24,122,379
24,123,370
24,124,378
24,125,383
24,126,396
24,127,390
24,128,377
24,129,379
24,130,359
24,131,379
24,132,375
24,133,374
24,134,367
24,135,369
24,136,370
24,137,373
24,138,363
24,139,367
24,140,381
24,141,358
24,142,376
24,143,372
24,144,381
24,145,379
24,146,362
24,147,375
24,148,361
24,149,372
24,150,381
24,151,375
24,152,382
24,153,379
24,154,377
24,155,370
24,156,368
24,157,381
24,158,375
24,159,355
24,160,373
24,161,375
24,162,373
24,163,372
24,164,372
24,165,371
24,166,382
24,167,378
24,168,381
24,169,375
24,170,372
24,171,378
24,172,393
24,173,366
24,174,384
24,175,370
24,176,372
24,177,364
24,178,369
24,179,376
24,180,376
24,181,379
24,182,378
24,183,382
24,184,374
24,185,367
24,186,364
24,187,375
24,188,388
24,189,361
24,190,387
24,191,366
24,192,372
24,193,360
24,194,362
24,195,370
24,196,384
24,197,374
24,198,373
24,199,376
24,200,376
25,1,3
25,2,9
25,3,32
25,4,117
25,5,274
25,6,359
25,7,360
25,8,379
25,9,372
25,10,368
25,11,386
25,12,377
25,13,386
25,14,364
25,15,366
25,16,379
25,17,377
25,18,378
25,19,373
25,20,367
25,21,387
25,22,380
25,23,369
25,24,382
25,25,385
25,26,380
25,27,380
25,28,366
25,29,378
25,30,369
25,31,374
25,32,373
25,33,377
25,34,363
25,35,377
25,36,375
25,37,377
25,38,371
25,39,364
25,40,371
25,41,370
25,42,381
25,43,380
25,44,377
25,45,377
25,46,390
25,47,384
25,48,374
25,49,366
25,50,383
25,51,378
25,52,387
25,53,375
25,54,384
25,55,373
25,56,377
25,57,374
25,58,383
25,59,364
25,60,380
25,61,372
25,62,370
25,63,372
25,64,378
25,65,393
25,66,368
25,67,388
25,68,378
25,69,374
25,70,371
25,71,384
25,72,364
25,73,376
25,74,365
25,75,376
25,76,361
25,77,376
25,78,381
25,79,375
25,80,373
25,81,379
25,82,366
25,83,386
25,84,374
25,85,381
25,86,374
25,87,375
25,88,376
25,89,363
25,90,373
25,91,370
25,92,369
25,93,366
25,94,372
25,95,380
25,96,369
25,97,361
25,98,380
25,99,377
25,100,382
25,101,370
25,102,388
25,103,377
25,104,365
25,105,360
25,106,376
25,107,361
25,108,387
25,109,362
25,110,367
25,111,366
25,112,377
25,113,377
25,114,371
25,115,372
25,116,383
25,117,373
25,118,369
25,119,385
25,120,381
25,121,381
25,122,366
25,123,377
25,124,397
25,125,358
25,126,376
25,127,366
25,128,379
25,129,384
25,130,367
25,131,372
25,132,375
25,133,380
25,134,378
25,135,379
25,136,374
25,137,377
25,138,382
25,139,374
25,140,358
25,141,375
25,142,374
25,143,367
25,144,369
25,145,380
25,146,379
25,147,374
25,148,379
25,149,380
25,150,371
25,151,369
25,152,372
25,153,362
25,154,375
25,155,373
25,156,375
25,157,381
25,158,376
25,159,381
25,160,350
25,161,373
25,162,366
25,163,377
25,164,375
25,165,383
25,166,381
25,167,387
25,168,376
25,169,378
25,170,382
25,171,376
25,172,379
25,173,373
25,174,367
25,175,375
25,176,389
25,177,365
25,178,375
25,179,375
25,180,375
25,181,371
25,182,369
25,183,383
25,184,364
25,185,377
25,186,383
25,187,377
25,188,386
25,189,384
25,190,370
25,191,384
25,192,390
25,193,380
25,194,377
25,195,364
25,196,375
25,197,371
25,198,371
25,199,366
25,200,373
26,1,9
26,2,38
26,3,121
26,4,301
26,5,376
26,6,381
26,7,387
26,8,393
26,9,383
26,10,371
26,11,372
26,12,385
26,13,378
26,14,371
26,15,381
26,16,382
26,17,385
26,18,386
26,19,387
26,20,376
26,21,383
26,22,356
26,23,378
26,24,369
26,25,382
26,26,371
26,27,379
26,28,373
26,29,379
26,30,363
26,31,373
26,32,375
26,33,379
26,34,381
26,35,369
26,36,379
26,37,381
26,38,365
26,39,371
26,40,379
26,41,371
26,42,381
26,43,377
26,44,359
26,45,361
26,46,364
26,47,366
26,48,365
26,49,373
26,50,376
26,51,368
26,52,384
26,53,380
26,54,380
26,55,372
26,56,386
26,57,383
26,58,378
26,59,367
26,60,372
26,61,371
26,62,370
26,63,363
26,64,379
26,65,379
26,66,377
26,67,367
26,68,376
26,69,371
26,70,361
26,71,373
26,72,366
26,73,387
26,74,375
26,75,389
26,76,376
26,77,394
26,78,372
26,79,357
26,80,374
26,81,381
26,82,367
26,83,376
26,84,370
26,85,367
26,86,376
26,87,368
26,88,371
26,89,371
26,90,384
26,91,373
26,92,378
26,93,375
26,94,373
26,95,381
26,96,369
26,97,374
26,98,356
26,99,383
26,100,377
26,101,356
26,102,369
26,103,377
26,104,369
26,105,373
26,106,370
26,107,370
26,108,382
26,109,376
26,110,359
26,111,368
26,112,368
26,113,383
26,114,358
26,115,376
26,116,387
26,117,360
26,118,375
26,119,358
26,120,379
26,121,377
26,122,384
26,123,366
26,124,375
26,125,369
26,126,374
26,127,382
26,128,367
26,129,368
26,130,386
26,131,357
26,132,375
26,133,379
26,134,368
26,135,376
26,136,366
26,137,373
26,138,394
26,139,370
26,140,386
26,141,367
26,142,371
26,143,375
26,144,367
26,145,377
26,146,390
26,147,373
26,148,365
26,149,387
26,150,372
26,151,372
26,152,373
26,153,379
26,154,368
26,155,383
26,156,381
26,157,379
26,158,380
26,159,376
26,160,378
26,161,374
26,162,378
26,163,388
26,164,389
26,165,384
26,166,374
26,167,369
26,168,381
26,169,388
26,170,372
26,171,373
26,172,377
26,173,377
26,174,376
26,175,378
26,176,383
26,177,374
26,178,374
26,179,371
26,180,367
26,181,376
26,182,375
26,183,394
26,184,382
26,185,372
26,186,376
26,187,381
26,188,371
26,189,384
26,190,368
26,191,367
26,192,374
26,193,380
26,194,388
26,195,382
26,196,376
26,197,362
26,198,372
26,199,365
26,200,374
27,1,6
27,2,31
27,3,132
27,4,307
27,5,360
27,6,372
27,7,368
27,8,369
27,9,364
27,10,371
27,11,385
27,12,366
27,13,366
27,14,374
27,15,359
27,16,377
27,17,380
27,18,380
27,19,373
27,20,371
27,21,374
27,22,390
27,23,384
27,24,361
27,25,367
27,26,377
27,27,384
27,28,374
27,29,368
27,30,381
27,31,369
27,32,373
27,33,378
27,34,376
27,35,384
27,36,368
27,37,362
27,38,370
27,39,371
27,40,368
27,41,374
27,42,371
27,43,376
27,44,369
27,45,381
27,46,377
27,47,379
27,48,378
27,49,371
27,50,376
27,51,369
27,52,370
27,53,372
27,54,382
27,55,364
27,56,369
27,57,351
27,58,377
27,59,386
27,60,378
27,61,369
27,62,370
27,63,370
27,64,377
27,65,376
27,66,372
27,67,380
27,68,377
27,69,373
27,70,370
27,71,366
27,72,386
27,73,384
27,74,373
27,75,363
27,76,384
27,77,380
27,78,389
27,79,369
27,80,378
27,81,375
27,82,388
27,83,374
27,84,375
27,85,377
27,86,377
27,87,373
27,88,363
27,89,381
27,90,370
27,91,363
27,92,375
27,93,386
27,94,367
27,95,374
27,96,375
27,97,360
27,98,364
27,99,375
27,100,369
27,101,377
27,102,365
27,103,387
27,104,366
27,105,371
27,106,380
27,107,380
27,108,371
27,109,377
27,110,377
27,111,379
27,112,362
27,113,375
27,114,373
27,115,382
27,116,384
27,117,357
27,118,373
27,119,382
27,120,374
27,121,380
27,122,366
27,123,374
27,124,371
27,125,385
27,126,382
27,127,373
27,128,381
27,129,363
27,130,377
27,131,373
27,132,374
27,133,370
27,134,361
27,135,371
27,136,364
27,137,375
27,138,383
27,139,388
27,140,384
27,141,358
27,142,370
27,143,373
27,144,366
27,145,369
27,146,374
27,147,379
27,148,385
27,149,382
27,150,374
27,151,383
27,152,381
27,153,380
27,154,370
27,155,365
27,156,379
27,157,377
27,158,380
27,159,381
27,160,382
27,161,375
27,162,384
27,163,371
27,164,359
27,165,371
27,166,382
27,167,372
27,168,376
27,169,375
27,170,373
27,171,380
27,172,367
27,173,371
27,174,375
27,175,368
27,176,381
27,177,374
27,178,380
27,179,380
27,180,363
27,181,379
27,182,360
27,183,368
27,184,377
27,185,372
27,186,364
27,187,387
27,188,376
27,189,379
27,190,372
27,191,370
27,192,370
27,193,376
27,194,367
27,195,371
27,196,384
27,197,367
27,198,376
27,199,374
27,200,372
28,1,8
28,2,38
28,3,132
28,4,295
28,5,370
28,6,369
28,7,367
28,8,369
28,9,372
28,10,386
28,11,377
28,12,384
28,13,369
28,14,377
28,15,370
28,16,366
28,17,381
28,18,378
28,19,384
28,20,369
28,21,373
28,22,364
28,23,377
28,24,365
28,25,361
28,26,368
28,27,375
28,28,373
28,29,374
28,30,368
28,31,372
28,32,373
28,33,384
28,34,377
28,35,376
28,36,367
28,37,371
28,38,380
28,39,384
28,40,364
28,41,388
28,42,386
28,43,367
28,44,379
28,45,379
28,46,374
28,47,363
28,48,374
28,49,356
28,50,370
28,51,371
28,52,388
28,53,372
28,54,388
28,55,382
28,56,357
28,57,389
28,58,359
28,59,376
28,60,368
28,61,373
28,62,365
28,63,375
28,64,377
28,65,366
28,66,374
28,67,382
28,68,373
28,69,373
28,70,369
28,71,390
28,72,371
28,73,380
28,74,380
28,75,383
28,76,378
28,77,377
28,78,368
28,79,383
28,80,359
28,81,375
28,82,377
28,83,378
28,84,377
28,85,381
28,86,383
28,87,375
28,88,367
28,89,364
28,90,368
28,91,371
28,92,359
28,93,379
28,94,381
28,95,375
28,96,363
28,97,367
28,98,371
28,99,368
28,100,388
28,101,381
28,102,369
28,103,373
28,104,376
28,105,382
28,106,382
28,107,365
28,108,370
28,109,364
28,110,362
28,111,372
28,112,383
28,113,367
28,114,366
28,115,363
28,116,368
28,117,370
28,118,377
28,119,365
28,120,359
28,121,363
28,122,369
28,123,369
28,124,378
28,125,379
28,126,380
28,127,389
28,128,389
28,129,380
28,130,375
28,131,377
28,132,373
28,133,377
28,134,377
28,135,374
28,136,355
28,137,379
28,138,363
28,139,366
28,140,376
28,141,378
28,142,379
28,143,375
28,144,366
28,145,367
28,146,382
28,147,372
28,148,371
28,149,366
28,150,363
28,151,385
28,152,380
28,153,382
28,154,364
28,155,383
28,156,368
28,157,368
28,158,382
28,159,370
28,160,381
28,161,370
28,162,376
28,163,384
28,164,385
28,165,369
28,166,381
28,167,371
28,168,377
28,169,369
28,170,375
28,171,372
28,172,375
28,173,377
28,174,377
28,175,355
28,176,371
28,177,367
28,178,361
28,179,357
28,180,366
28,181,383
28,182,365
28,183,373
28,184,381
28,185,375
28,186,386
28,187,378
28,188,367
28,189,375
28,190,387
28,191,371
28,192,369
28,193,368
28,194,380
28,195,364
28,196,375
28,197,366
28,198,363
28,199,378
28,200,382
29,1,3
29,2,13
29,3,62
29,4,198
29,5,348
29,6,376
29,7,364
29,8,385
29,9,387
29,10,376
29,11,372
29,12,369
29,13,390
29,14,382
29,15,355
29,16,371
29,17,375
29,18,363
29,19,360
29,20,382
29,21,382
29,22,369
29,23,371
29,24,390
29,25,389
29,26,370
29,27,374
29,28,375
29,29,359
29,30,381
29,31,363
29,32,372
29,33,383
29,34,384
29,35,377
29,36,376
29,37,363
29,38,373
29,39,376
29,40,369
29,41,380
29,42,373
29,43,376
29,44,379
29,45,387
29,46,374
29,47,395
29,48,362
29,49,371
29,50,373
29,51,381
29,52,358
29,53,363
29,54,374
29,55,374
29,56,377
29,57,379
29,58,377
29,59,374
29,60,371
29,61,376
29,62,377
29,63,378
29,64,373
29,65,395
29,66,355
29,67,383
29,68,376
29,69,376
29,70,375
29,71,383
29,72,374
29,73,357
29,74,364
29,75,368
29,76,383
29,77,369
29,78,362
29,79,367
29,80,373
29,81,376
29,82,373
29,83,377
29,84,360
29,85,374
29,86,372
29,87,385
29,88,374
29,89,377
29,90,376
29,91,384
29,92,376
29,93,370
29,94,379
29,95,367
29,96,388
29,97,376
29,98,376
29,99,373
29,100,375
29,101,372
29,102,385
29,103,379
29,104,361
29,105,386
29,106,375
29,107,378
29,108,368
29,109,370
29,110,365
29,111,375
29,112,376
29,113,376
29,114,367
29,115,365
29,116,378
29,117,370
29,118,373
29,119,382
29,120,367
29,121,370
29,122,361
29,123,375
29,124,375
29,125,372
29,126,372
29,127,372
29,128,366
29,129,364
29,130,363
29,131,384
29,132,383
29,133,383
29,134,377
29,135,376
29,136,380
29,137,367
29,138,363
29,139,359
29,140,379
29,141,365
29,142,366
29,143,374
29,144,366
29,145,372
29,146,367
29,147,385
29,148,372
29,149,386
29,150,370
29,151,374
29,152,379
29,153,382
29,154,383
29,155,373
29,156,374
29,157,379
29,158,381
29,159,380
29,160,380
29,161,383
29,162,372
29,163,367
29,164,369
29,165,370
29,166,383
29,167,384
29,168,371
29,169,389
29,170,374
29,171,383
29,172,384
29,173,380
29,174,366
29,175,376
29,176,375
29,177,379
29,178,364
29,179,383
29,180,365
29,181,368
29,182,382
29,183,356
29,184,371
29,185,376
29,186,372
29,187,370
29,188,378
29,189,380
29,190,373
29,191,371
29,192,371
29,193,378
29,194,372
29,195,376
29,196,372
29,197,374
29,198,373
29,199,375
29,200,371
30,1,6
30,2,30
30,3,107
30,4,254
30,5,357
30,6,384
30,7,360
30,8,374
30,9,377
30,10,379
30,11,382
30,12,361
30,13,389
30,14,363
30,15,385
30,16,361
30,17,380
30,18,371
30,19,378
30,20,377
30,21,379
30,22,384
30,23,366
30,24,369
30,25,380
30,26,378
30,27,377
30,28,361
30,29,364
30,30,382
30,31,384
30,32,374
30,33,374
30,34,359
30,35,380
30,36,371
30,37,359
30,38,376
30,39,368
30,40,371
30,41,382
30,42,369
30,43,359
30,44,371
30,45,368
30,46,376
30,47,380
30,48,368
30,49,369
30,50,376
30,51,383
30,52,377
30,53,369
30,54,383
30,55,383
30,56,387
30,57,391
30,58,368
30,59,382
30,60,382
30,61,362
30,62,379
30,63,367
30,64,383
30,65,388
30,66,382
30,67,368
30,68,397
30,69,374
30,70,375
30,71,366
30,72,381
30,73,355
30,74,368
30,75,370
30,76,364
30,77,383
30,78,373
30,79,382
30,80,372
30,81,377
30,82,364
30,83,373
30,84,366
30,85,377
30,86,367
30,87,373
30,88,379
30,89,376
30,90,368
30,91,366
30,92,380
30,93,364
30,94,380
30,95,360
30,96,372
30,97,379
30,98,372
30,99,382
30,100,373
30,101,371
30,102,378
30,103,361
30,104,371
30,105,379
30,106,372
30,107,374
30,108,381
30,109,373
30,110,372
30,111,387
30,112,373
30,113,373
30,114,369
30,115,361
30,116,361
30,117,376
30,118,370
30,119,379
30,120,390
30,121,384
30,122,380
30,123,370
30,124,363
30,125,360
30,126,376
30,127,369
30,128,363
30,129,357
30,130,359
30,131,379
30,132,373
30,133,376
30,134,375
30,135,379
30,136,373
30,137,369
30,138,371
30,139,374
30,140,370
30,141,371
30,142,366
30,143,371
30,144,380
30,145,386
30,146,371
30,147,380
30,148,371
30,149,373
30,150,382
30,151,379
30,152,371
30,153,374
30,154,381
30,155,365
30,156,379
30,157,355
30,158,365
30,159,365
30,160,375
30,161,375
30,162,388
30,163,381
30,164,383
30,165,378
30,166,371
30,167,375
30,168,381
30,169,373
30,170,385
30,171,372
30,172,371
30,173,374
30,174,369
30,175,372
30,176,387
30,177,362
30,178,382
30,179,378
30,180,390
30,181,377
30,182,369
30,183,370
30,184,368
30,185,364
30,186,363
30,187,376
30,188,386
30,189,371
30,190,388
30,191,378
30,192,371
30,193,368
30,194,371
30,195,373
30,196,375
30,197,380
30,198,384
30,199,369
30,200,375
31,1,6
31,2,26
31,3,97
31,4,253
31,5,363
31,6,373
31,7,372
31,8,375
31,9,380
31,10,375
31,11,385
31,12,379
31,13,366
31,14,385
31,15,376
31,16,389
31,17,373
31,18,380
31,19,374
31,20,356
31,21,370
31,22,371
31,23,366
31,24,376
31,25,370
31,26,379
31,27,384
31,28,368
31,29,355
31,30,376
31,31,383
31,32,372
31,33,378
31,34,375
31,35,363
31,36,370
31,37,372
31,38,382
31,39,374
31,40,380
31,41,376
31,42,368
31,43,374
31,44,382
31,45,375
31,46,373
31,47,376
31,48,384
31,49,375
31,50,363
31,51,379
31,52,366
31,53,375
31,54,382
31,55,382
31,56,379
31,57,373
31,58,370
31,59,382
31,60,380
31,61,374
31,62,371
31,63,382
31,64,375
31,65,377
31,66,373
31,67,368
31,68,371
31,69,366
31,70,373
31,71,371
31,72,369
31,73,357
31,74,383
31,75,369
31,76,367
31,77,364
31,78,377
31,79,371
31,80,366
31,81,370
31,82,371
31,83,358
31,84,364
31,85,384
31,86,361
31,87,378
31,88,368
31,89,378
31,90,360
31,91,375
31,92,367
31,93,371
31,94,373
31,95,373
31,96,368
31,97,379
31,98,370
31,99,373
31,100,362
31,101,373
31,102,364
31,103,364
31,104,371
31,105,385
31,106,363
31,107,362
31,108,368
31,109,376
31,110,387
31,111,381
31,112,383
31,113,383
31,114,369
31,115,367
31,116,373
31,117,363
31,118,373
31,119,367
31,120,373
31,121,378
31,122,360
31,123,375
31,124,366
31,125,384
31,126,385
31,127,386
31,128,371
31,129,381
31,130,371
31,131,383
31,132,382
31,133,373
31,134,374
31,135,375
31,136,367
31,137,376
31,138,380
31,139,366
31,140,362
31,141,391
31,142,385
31,143,374
31,144,367
31,145,371
31,146,390
31,147,359
31,148,373
31,149,355
31,150,352
31,151,388
31,152,385
31,153,383
31,154,382
31,155,387
31,156,378
31,157,367
31,158,370
31,159,367
31,160,373
31,161,364
31,162,365
31,163,366
31,164,360
31,165,365
31,166,370
31,167,364
31,168,368
31,169,366
31,170,387
31,171,367
31,172,366
31,173,382
31,174,378
31,175,382
31,176,387
31,177,362
31,178,385
31,179,367
31,180,363
31,181,378
31,182,374
31,183,373
31,184,377
31,185,376
31,186,385
31,187,381
31,188,366
31,189,366
31,190,379
31,191,369
31,192,370
31,193,366
31,194,371
31,195,384
31,196,373
31,197,368
31,198,382
31,199,355
31,200,377
32,1,4
32,2,21
32,3,86
32,4,243
32,5,362
32,6,385
32,7,381
32,8,383
32,9,374
32,10,373
32,11,375
32,12,375
32,13,378
32,14,379
32,15,376
32,16,373
32,17,389
32,18,367
32,19,377
32,20,372
32,21,354
32,22,369
32,23,366
32,24,383
32,25,356
32,26,395
32,27,370
32,28,364
32,29,372
32,30,375
32,31,379
32,32,372
32,33,381
32,34,384
32,35,345
32,36,373
32,37,369
32,38,375
32,39,383
32,40,374
32,41,381
32,42,379
32,43,379
32,44,382
32,45,385
32,46,374
32,47,380
32,48,375
32,49,377
32,50,390
32,51,387
32,52,350
32,53,378
32,54,360
32,55,363
32,56,383
32,57,377
32,58,372
32,59,381
32,60,383
32,61,382
32,62,372
32,63,378
32,64,383
32,65,377
32,66,379
32,67,373
32,68,375
32,69,385
32,70,371
32,71,368
32,72,376
32,73,375
32,74,380
32,75,385
32,76,375
32,77,379
32,78,361
32,79,376
32,80,383
32,81,383
32,82,370
32,83,362
32,84,373
32,85,388
32,86,372
32,87,364
32,88,368
32,89,365
32,90,374
32,91,376
32,92,388
32,93,385
32,94,378
32,95,371
32,96,372
32,97,392
32,98,382
32,99,371
32,100,379
32,101,373
32,102,367
32,103,367
32,104,380
32,105,377
32,106,384
32,107,383
32,108,378
32,109,377
32,110,371
32,111,379
32,112,371
32,113,373
32,114,370
32,115,360
32,116,369
32,117,377
32,118,386
32,119,370
32,120,365
32,121,368
32,122,378
32,123,377
32,124,375
32,125,373
32,126,374
32,127,362
32,128,373
32,129,381
32,130,379
32,131,375
32,132,372
32,133,379
32,134,380
32,135,372
32,136,377
32,137,374
32,138,367
32,139,373
32,140,380
32,141,382
32,142,365
32,143,376
32,144,374
32,145,383
32,146,377
32,147,382
32,148,366
32,149,380
32,150,366
32,151,370
32,152,377
32,153,374
32,154,379
32,155,374
32,156,378
32,157,366
32,158,382
32,159,379
32,160,377
32,161,371
32,162,372
32,163,353
32,164,369
32,165,367
32,166,371
32,167,379
32,168,375
32,169,364
32,170,371
32,171,378
32,172,378
32,173,369
32,174,376
32,175,387
32,176,373
32,177,373
32,178,388
32,179,369
32,180,380
32,181,381
32,182,366
32,183,384
32,184,374
32,185,366
32,186,366
32,187,381
32,188,372
32,189,363
32,190,380
32,191,378
32,192,374
32,193,387
32,194,376
32,195,389
32,196,379
32,197,376
32,198,381
32,199,369
32,200,378
33,1,5
33,2,26
33,3,110
33,4,275
33,5,359
33,6,370
33,7,365
33,8,359
33,9,378
33,10,374
33,11,371
33,12,383
33,13,368
33,14,383
33,15,371
33,16,376
33,17,370
33,18,364
33,19,368
33,20,368
33,21,361
33,22,365
33,23,378
33,24,381
33,25,365
33,26,380
33,27,377
33,28,365
33,29,384
33,30,367
33,31,373
33,32,373
33,33,378
33,34,374
33,35,374
33,36,379
33,37,372
33,38,375
33,39,376
33,40,368
33,41,368
33,42,366
33,43,366
33,44,374
33,45,374
33,46,375
33,47,353
33,48,369
33,49,365
33,50,369
33,51,375
33,52,386
33,53,365
33,54,385
33,55,381
33,56,378
33,57,386
33,58,374
33,59,372
33,60,372
33,61,376
33,62,368
33,63,381
33,64,364
33,65,365
33,66,371
33,67,358
33,68,363
33,69,382
33,70,377
33,71,367
33,72,372
33,73,379
33,74,376
33,75,385
33,76,367
33,77,377
33,78,383
33,79,385
33,80,387
33,81,375
33,82,376
33,83,381
33,84,379
33,85,382
33,86,364
33,87,386
33,88,375
33,89,373
33,90,365
33,91,367
33,92,361
33,93,381
33,94,374
33,95,370
33,96,376
33,97,370
33,98,362
33,99,371
33,100,371
33,101,378
33,102,378
33,103,382
33,104,378
33,105,368
33,106,374
33,107,379
33,108,380
33,109,382
33,110,376
33,111,380
33,112,375
33,113,373
33,114,362
33,115,386
33,116,368
33,117,367
33,118,375
33,119,359
33,120,369
33,121,368
33,122,387
33,123,377
33,124,365
33,125,371
33,126,376
33,127,379
33,128,371
33,129,371
33,130,371
33,131,377
33,132,380
33,133,376
33,134,369
33,135,373
33,136,357
33,137,375
33,138,371
33,139,369
33,140,364
33,141,373
33,142,385
33,143,367
33,144,372
33,145,369
33,146,375
33,147,377
33,148,370
33,149,379
33,150,373
33,151,375
33,152,364
33,153,372
33,154,358
33,155,365
33,156,375
33,157,375
33,158,382
33,159,353
33,160,369
33,161,383
33,162,372
33,163,378
33,164,384
33,165,371
33,166,376
33,167,371
33,168,370
33,169,374
33,170,382
33,171,380
33,172,381
33,173,362
33,174,371
33,175,385
33,176,368
33,177,379
33,178,374
33,179,366
33,180,380
33,181,374
33,182,375
33,183,375
33,184,376
33,185,380
33,186,376
33,187,381
33,188,369
33,189,372
33,190,388
33,191,381
33,192,372
33,193,368
33,194,361
33,195,383
33,196,369
33,197,367
33,198,377
33,199,367
33,200,350
34,1,4
34,2,19
34,3,78
34,4,224
34,5,355
34,6,374
34,7,382
34,8,377
34,9,369
34,10,365
34,11,383
34,12,371
34,13,366
34,14,379
34,15,366
34,16,378
34,17,371
34,18,377
34,19,374
34,20,368
34,21,382
34,22,382
34,23,369
34,24,373
34,25,363
34,26,383
34,27,383
34,28,377
34,29,378
34,30,375
34,31,371
34,32,358
34,33,383
34,34,377
34,35,366
34,36,381
34,37,368
34,38,366
34,39,384
34,40,374
34,41,370
34,42,378
34,43,382
34,44,370
34,45,369
34,46,375
34,47,378
34,48,395
34,49,360
34,50,388
34,51,373
34,52,376
34,53,383
34,54,363
34,55,380
34,56,387
34,57,379
34,58,381
34,59,385
34,60,368
34,61,380
34,62,379
34,63,373
34,64,367
34,65,386
34,66,374
34,67,370
34,68,376
34,69,381
34,70,389
34,71,372
34,72,379
34,73,378
34,74,363
34,75,376
34,76,373
34,77,377
34,78,364
34,79,369
34,80,369
34,81,380
34,82,374
34,83,368
34,84,369
34,85,366
34,86,383
34,87,360
34,88,367
34,89,373
34,90,389
34,91,380
34,92,376
34,93,387
34,94,379
34,95,373
34,96,371
34,97,370
34,98,382
34,99,377
34,100,373
34,101,379
34,102,373
34,103,372
34,104,385
34,105,372
34,106,377
34,107,386
34,108,360
34,109,375
34,110,368
34,111,348
34,112,372
34,113,384
34,114,371
34,115,382
34,116,378
34,117,381
34,118,366
34,119,349
34,120,361
34,121,375
34,122,368
34,123,375
34,124,373
34,125,380
34,126,377
34,127,388
34,128,372
34,129,364
34,130,380
34,131,371
34,132,385
34,133,387
34,134,380
34,135,369
34,136,379
34,137,374
34,138,369
34,139,376
34,140,369
34,141,389
34,142,374
34,143,378
34,144,366
34,145,375
34,146,379
34,147,347
34,148,363
34,149,384
34,150,369
34,151,372
34,152,372
34,153,380
34,154,374
34,155,373
34,156,374
34,157,366
34,158,366
34,159,369
34,160,367
34,161,378
34,162,337
34,163,375
34,164,370
34,165,384
34,166,377
34,167,366
34,168,359
34,169,376
34,170,361
34,171,376
34,172,373
34,173,368
34,174,373
34,175,377
34,176,384
34,177,364
34,178,363
34,179,388
34,180,381
34,181,364
34,182,357
34,183,375
34,184,375
34,185,371
34,186,380
34,187,376
34,188,385
34,189,379
34,190,375
34,191,366
34,192,379
34,193,378
34,194,382
34,195,370
34,196,379
34,197,369
34,198,376
34,199,366
34,200,376
35,1,5
35,2,17
35,3,76
35,4,222
35,5,346
35,6,390
35,7,379
35,8,376
35,9,377
35,10,369
35,11,371
35,12,372
35,13,364
35,14,365
35,15,369
35,16,384
35,17,373
35,18,375
35,19,374
35,20,383
35,21,379
35,22,375
35,23,363
35,24,370
35,25,386
35,26,380
35,27,376
35,28,366
35,29,371
35,30,374
35,31,378
35,32,368
35,33,372
35,34,374
35,35,363
35,36,366
35,37,374
35,38,371
35,39,373
35,40,366
35,41,386
35,42,371
35,43,356
35,44,379
35,45,379
35,46,367
35,47,367
35,48,380
35,49,376
35,50,367
35,51,377
35,52,372
35,53,365
35,54,376
35,55,373
35,56,374
35,57,376
35,58,376
35,59,373
35,60,359
35,61,370
35,62,374
35,63,367
35,64,385
35,65,371
35,66,382
35,67,364
35,68,369
35,69,378
35,70,366
35,71,379
35,72,389
35,73,371
35,74,373
35,75,387
35,76,368
35,77,378
35,78,373
35,79,364
35,80,370
35,81,381
35,82,345
35,83,370
35,84,378
35,85,374
35,86,378
35,87,377
35,88,369
35,89,369
35,90,368
35,91,377
35,92,380
35,93,366
35,94,368
35,95,373
35,96,381
35,97,386
35,98,373
35,99,362
35,100,380
35,101,371
35,102,370
35,103,370
35,104,379
35,105,378
35,106,377
35,107,373
35,108,366
35,109,380
35,110,387
35,111,367
35,112,385
35,113,377
35,114,380
35,115,377
35,116,379
35,117,373
35,118,368
35,119,375
35,120,369
35,121,354
35,122,363
35,123,375
35,124,377
35,125,372
35,126,368
35,127,380
35,128,362
35,129,373
35,130,370
35,131,383
35,132,370
35,133,374
35,134,379
35,135,375
35,136,363
35,137,361
35,138,386
35,139,373
35,140,383
35,141,381
35,142,368
35,143,371
35,144,374
35,145,371
35,146,374
35,147,388
35,148,360
35,149,382
35,150,380
35,151,379
35,152,368
35,153,363
35,154,364
35,155,364
35,156,373
35,157,363
35,158,363
35,159,374
35,160,369
35,161,378
35,162,383
35,163,374
35,164,379
35,165,368
35,166,357
35,167,377
35,168,376
35,169,379
35,170,363
35,171,365
35,172,377
35,173,374
35,174,374
35,175,365
35,176,373
35,177,378
35,178,375
35,179,376
35,180,371
35,181,371
35,182,370
35,183,373
35,184,377
35,185,379
35,186,375
35,187,384
35,188,368
35,189,365
35,190,354
35,191,379
35,192,377
35,193,361
35,194,370
35,195,368
35,196,357
35,197,373
35,198,388
35,199,381
35,200,375
36,1,7
36,2,26
36,3,95
36,4,261
36,5,362
36,6,375
36,7,370
36,8,367
36,9,393
36,10,382
36,11,370
36,12,368
36,13,376
36,14,377
36,15,367
36,16,375
36,17,380
36,18,386
36,19,374
36,20,377
36,21,381
36,22,387
36,23,387
36,24,362
36,25,371
36,26,372
36,27,387
36,28,373
36,29,367
36,30,371
36,31,377
36,32,374
36,33,381
36,34,379
36,35,385
36,36,370
36,37,379
36,38,371
36,39,367
36,40,380
36,41,373
36,42,360
36,43,360
36,44,391
36,45,381
36,46,372
36,47,383
36,48,359
36,49,366
36,50,374
36,51,368
36,52,376
36,53,386
36,54,370
36,55,368
36,56,372
36,57,376
36,58,388
36,59,378
36,60,373
36,61,373
36,62,376
36,63,377
36,64,379
36,65,371
36,66,378
36,67,389
36,68,368
36,69,380
36,70,373
36,71,372
36,72,373
36,73,377
36,74,386
36,75,383
36,76,370
36,77,374
36,78,389
36,79,373
36,80,371
36,81,397
36,82,379
36,83,380
36,84,365
36,85,377
36,86,378
36,87,371
36,88,386
36,89,381
36,90,379
36,91,380
36,92,372
36,93,371
36,94,382
36,95,381
36,96,359
36,97,366
36,98,376
36,99,371
36,100,370
36,101,368
36,102,378
36,103,374
36,104,365
36,105,361
36,106,377
36,107,383
36,108,385
36,109,368
36,110,372
36,111,370
36,112,372
36,113,370
36,114,379
36,115,382
36,116,367
36,117,370
36,118,372
36,119,376
36,120,390
36,121,375
36,122,378
36,123,380
36,124,364
36,125,371
36,126,377
36,127,370
36,128,368
36,129,380
36,130,363
36,131,373
36,132,376
36,133,377
36,134,373
36,135,362
36,136,370
36,137,378
36,138,376
36,139,370
36,140,374
36,141,366
36,142,380
36,143,368
36,144,363
36,145,360
36,146,377
36,147,369
36,148,365
36,149,367
36,150,370
36,151,377
36,152,377
36,153,378
36,154,377
36,155,374
36,156,369
36,157,376
36,158,382
36,159,377
36,160,377
36,161,376
36,162,373
36,163,382
36,164,375
36,165,381
36,166,373
36,167,369
36,168,387
36,169,384
36,170,366
36,171,372
36,172,375
36,173,383
36,174,378
36,175,382
36,176,377
36,177,365
36,178,371
36,179,367
36,180,360
36,181,372
36,182,375
36,183,376
36,184,369
36,185,384
36,186,379
36,187,373
36,188,376
36,189,380
36,190,378
36,191,375
36,192,379
36,193,372
36,194,386
36,195,372
36,196,386
36,197,377
36,198,377
36,199,365
36,200,376
37,1,3
37,2,8
37,3,30
37,4,105
37,5,275
37,6,361
37,7,381
37,8,369
37,9,380
37,10,382
37,11,369
37,12,367
37,13,380
37,14,383
37,15,378
37,16,371
37,17,387
37,18,376
37,19,388
37,20,377
37,21,379
37,22,381
37,23,370
37,24,381
37,25,373
37,26,380
37,27,385
37,28,375
37,29,372
37,30,378
37,31,388
37,32,372
37,33,372
37,34,378
37,35,371
37,36,379
37,37,376
37,38,380
37,39,367
37,40,379
37,41,369
37,42,380
37,43,389
37,44,376
37,45,363
37,46,373
37,47,377
37,48,385
37,49,371
37,50,373
37,51,390
37,52,373
37,53,380
37,54,363
37,55,372
37,56,369
37,57,369
37,58,363
37,59,367
37,60,370
37,61,378
37,62,359
37,63,372
37,64,388
37,65,361
37,66,375
37,67,371
37,68,361
37,69,389
37,70,384
37,71,372
37,72,371
37,73,367
37,74,374
37,75,376
37,76,371
37,77,369
37,78,377
37,79,373
37,80,375
37,81,368
37,82,370
37,83,385
37,84,373
37,85,365
37,86,368
37,87,377
37,88,384
37,89,372
37,90,390
37,91,367
37,92,379
37,93,381
37,94,380
37,95,369
37,96,370
37,97,375
37,98,394
37,99,379
37,100,382
37,101,384
37,102,364
37,103,382
37,104,376
37,105,367
37,106,377
37,107,376
37,108,391
37,109,379
37,110,367
37,111,386
37,112,387
37,113,390
37,114,387
37,115,369
37,116,380
37,117,374
37,118,381
37,119,372
37,120,372
37,121,369
37,122,374
37,123,371
37,124,375
37,125,361
37,126,367
37,127,373
37,128,374
37,129,379
37,130,379
37,131,377
37,132,374
37,133,370
37,134,375
37,135,377
37,136,368
37,137,349
37,138,368
37,139,372
37,140,390
37,141,384
37,142,378
37,143,377
37,144,373
37,145,362
37,146,370
37,147,385
37,148,377
37,149,375
37,150,371
37,151,375
37,152,387
37,153,388
37,154,377
37,155,376
37,156,382
37,157,381
37,158,378
37,159,378
37,160,371
37,161,379
37,162,385
37,163,382
37,164,371
37,165,377
37,166,371
37,167,374
37,168,375
37,169,385
37,170,368
37,171,379
37,172,370
37,173,373
37,174,395
37,175,382
37,176,374
37,177,371
37,178,367
37,179,388
37,180,366
37,181,371
37,182,371
37,183,377
37,184,371
37,185,373
37,186,369
37,187,372
37,188,358
37,189,367
37,190,386
37,191,374
37,192,383
37,193,378
37,194,372
37,195,363
37,196,364
37,197,370
37,198,373
37,199,375
37,200,368
38,1,6
38,2,30
38,3,114
38,4,284
38,5,355
38,6,377
38,7,368
38,8,374
38,9,383
38,10,376
38,11,379
38,12,371
38,13,368
38,14,356
38,15,369
38,16,378
38,17,366
38,18,375
38,19,383
38,20,373
38,21,377
38,22,382
38,23,368
38,24,384
38,25,369
38,26,376
38,27,384
38,28,375
38,29,378
38,30,380
38,31,376
38,32,369
38,33,367
38,34,383
38,35,377
38,36,379
38,37,372
38,38,378
38,39,381
38,40,360
38,41,382
38,42,367
38,43,370
38,44,378
38,45,371
38,46,378
38,47,366
38,48,377
38,49,366
38,50,385
38,51,369
38,52,366
38,53,382
38,54,367
38,55,387
38,56,380
38,57,369
38,58,375
38,59,366
38,60,381
38,61,376
38,62,372
38,63,360
38,64,370
38,65,368
38,66,376
38,67,376
38,68,377
38,69,376
38,70,375
38,71,377
38,72,373
38,73,368
38,74,371
38,75,370
38,76,370
38,77,381
38,78,394
38,79,380
38,80,383
38,81,375
38,82,364
38,83,370
38,84,368
38,85,378
38,86,375
38,87,368
38,88,380
38,89,386
38,90,374
38,91,381
38,92,384
38,93,377
38,94,377
38,95,378
38,96,369
38,97,374
38,98,372
38,99,379
38,100,373
38,101,375
38,102,375
38,103,368
38,104,366
38,105,370
38,106,380
38,107,363
38,108,372
38,109,372
38,110,381
38,111,378
38,112,370
38,113,367
38,114,373
38,115,386
38,116,371
38,117,376
38,118,376
38,119,372
38,120,375
38,121,374
38,122,373
38,123,373
38,124,379
38,125,373
38,126,367
38,127,360
38,128,360
38,129,356
38,130,368
38,131,371
38,132,373
38,133,368
38,134,371
38,135,374
38,136,367
38,137,369
38,138,370
38,139,378
38,140,357
38,141,370
38,142,376
38,143,374
38,144,375
38,145,374
38,146,370
38,147,382
38,148,360
38,149,374
38,150,368
38,151,378
38,152,374
38,153,369
38,154,378
38,155,370
38,156,383
38,157,365
38,158,376
38,159,370
38,160,373
38,161,385
38,162,375
38,163,380
38,164,376
38,165,360
38,166,382
38,167,369
38,168,379
38,169,383
38,170,370
38,171,382
38,172,361
38,173,370
38,174,354
38,175,372
38,176,388
38,177,366
38,178,369
38,179,372
38,180,370
38,181,379
38,182,363
38,183,386
38,184,367
38,185,360
38,186,366
38,187,377
38,188,376
38,189,384
38,190,368
38,191,375
38,192,373
38,193,366
38,194,377
38,195,374
38,196,372
38,197,360
38,198,372
38,199,371
38,200,376
39,1,3
39,2,12
39,3,52
39,4,172
39,5,324
39,6,369
39,7,370
39,8,372
39,9,367
39,10,374
39,11,382
39,12,372
39,13,387
39,14,365
39,15,378
39,16,376
39,17,385
39,18,364
39,19,384
39,20,372
39,21,363
39,22,380
39,23,376
39,24,376
39,25,369
39,26,366
39,27,366
39,28,361
39,29,386
39,30,369
39,31,367
39,32,370
39,33,381
39,34,375
39,35,381
39,36,375
39,37,385
39,38,388
39,39,367
39,40,365
39,41,373
39,42,369
39,43,383
39,44,368
39,45,377
39,46,381
39,47,378
39,48,367
39,49,382
39,50,389
39,51,369
39,52,382
39,53,375
39,54,375
39,55,375
39,56,387
39,57,369
39,58,358
39,59,363
39,60,376
39,61,390
39,62,374
39,63,383
39,64,376
39,65,366
39,66,375
39,67,376
39,68,370
39,69,389
39,70,382
39,71,381
39,72,376
39,73,370
39,74,369
39,75,370
39,76,368
39,77,379
39,78,374
39,79,368
39,80,366
39,81,363
39,82,373
39,83,376
39,84,372
39,85,384
39,86,379
39,87,370
39,88,380
39,89,361
39,90,375
39,91,375
39,92,383
39,93,367
39,94,385
39,95,380
39,96,381
39,97,374
39,98,361
39,99,369
39,100,357
39,101,360
39,102,365
39,103,381
39,104,376
39,105,384
39,106,384
39,107,374
39,108,372
39,109,359
39,110,371
39,111,361
39,112,375
39,113,368
39,114,380
39,115,377
39,116,375
39,117,368
39,118,381
39,119,382
39,120,370
39,121,360
39,122,367
39,123,369
39,124,370
39,125,372
39,126,377
39,127,378
39,128,376
39,129,375
39,130,382
39,131,380
39,132,374
39,133,362
39,134,371
39,135,377
39,136,353
39,137,376
39,138,374
39,139,366
39,140,370
39,141,371
39,142,380
39,143,370
39,144,374
39,145,374
39,146,385
39,147,376
39,148,372
39,149,379
39,150,387
39,151,377
39,152,375
39,153,358
39,154,364
39,155,375
39,156,379
39,157,387
39,158,375
39,159,355
39,160,372
39,161,376
39,162,379
39,163,379
39,164,368
39,165,382
39,166,368
39,167,380
39,168,365
39,169,383
39,170,380
39,171,379
39,172,370
39,173,374
39,174,374
39,175,367
39,176,377
39,177,377
39,178,395
39,179,385
39,180,382
39,181,378
39,182,373
39,183,374
39,184,382
39,185,383
39,186,366
39,187,372
39,188,358
39,189,377
39,190,360
39,191,383
39,192,378
39,193,378
39,194,371
39,195,381
39,196,374
39,197,368
39,198,367
39,199,369
39,200,379
40,1,3
40,2,17
40,3,78
40,4,222
40,5,355
40,6,365
40,7,375
40,8,378
40,9,371
40,10,366
40,11,379
40,12,373
40,13,382
40,14,386
40,15,384
40,16,366
40,17,364
40,18,384
40,19,375
40,20,356
40,21,377
40,22,376
40,23,381
40,24,376
40,25,383
40,26,380
40,27,375
40,28,386
40,29,378
40,30,367
40,31,372
40,32,375
40,33,385
40,34,384
40,35,390
40,36,371
40,37,376
40,38,364
40,39,370
40,40,366
40,41,368
40,42,379
40,43,380
40,44,376
40,45,385
40,46,383
40,47,366
40,48,382
40,49,375
40,50,366
40,51,360
40,52,374
40,53,363
40,54,371
40,55,379
40,56,369
40,57,376
40,58,374
40,59,365
40,60,374
40,61,372
40,62,392
40,63,369
40,64,374
40,65,389
40,66,371
40,67,376
40,68,383
40,69,359
40,70,369
40,71,379
40,72,361
40,73,369
40,74,373
40,75,371
40,76,373
40,77,377
40,78,370
40,79,362
40,80,368
40,81,390
40,82,370
40,83,379
40,84,371
40,85,368
40,86,384
40,87,369
40,88,385
40,89,383
40,90,382
40,91,373
40,92,376
40,93,368
40,94,381
40,95,365
40,96,378
40,97,386
40,98,373
40,99,383
40,100,379
40,101,379
40,102,364
40,103,381
40,104,369
40,105,394
40,106,373
40,107,375
40,108,391
40,109,362
40,110,379
40,111,367
40,112,372
40,113,381
40,114,375
40,115,380
40,116,368
40,117,368
40,118,387
40,119,382
40,120,375
40,121,379
40,122,375
40,123,378
40,124,376
40,125,371
40,126,373
40,127,380
40,128,376
40,129,375
40,130,376
40,131,375
40,132,383
40,133,371
40,134,394
40,135,376
40,136,368
40,137,369
40,138,364
40,139,367
40,140,371
40,141,370
40,142,374
40,143,379
40,144,374
40,145,371
40,146,367
40,147,376
40,148,371
40,149,370
40,150,361
40,151,368
40,152,374
40,153,365
40,154,373
40,155,370
40,156,373
40,157,377
40,158,367
40,159,378
40,160,377
40,161,368
40,162,375
40,163,369
40,164,381
40,165,378
40,166,362
40,167,376
40,168,379
40,169,368
40,170,367
40,171,375
40,172,368
40,173,374
40,174,381
40,175,366
40,176,373
40,177,360
40,178,377
40,179,369
40,180,372
40,181,386
40,182,375
40,183,367
40,184,383
40,185,366
40,186,367
40,187,372
40,188,364
40,189,387
40,190,373
40,191,377
40,192,377
40,193,370
40,194,379
40,195,370
40,196,372
40,197,385
40,198,371
40,199,379
40,200,377
41,1,6
41,2,28
41,3,97
41,4,251
41,5,358
41,6,364
41,7,386
41,8,368
41,9,378
41,10,385
41,11,368
41,12,373
41,13,375
41,14,369
41,15,377
41,16,380
41,17,376
41,18,375
41,19,367
41,20,371
41,21,370
41,22,378
41,23,362
41,24,376
41,25,364
41,26,378
41,27,370
41,28,371
41,29,382
41,30,375
41,31,373
41,32,378
41,33,376
41,34,373
41,35,373
41,36,371
41,37,379
41,38,365
41,39,368
41,40,383
41,41,378
41,42,380
41,43,376
41,44,379
41,45,377
41,46,371
41,47,363
41,48,378
41,49,376
41,50,391
41,51,374
41,52,382
41,53,372
41,54,374
41,55,377
41,56,369
41,57,372
41,58,385
41,59,373
41,60,377
41,61,370
41,62,385
41,63,384
41,64,372
41,65,381
41,66,369
41,67,376
41,68,375
41,69,377
41,70,378
41,71,380
41,72,383
41,73,381
41,74,388
41,75,377
41,76,353
41,77,378
41,78,362
41,79,370
41,80,365
41,81,373
41,82,369
41,83,367
41,84,373
41,85,396
41,86,373
41,87,388
41,88,378
41,89,384
41,90,375
41,91,368
41,92,359
41,93,371
41,94,365
41,95,369
41,96,370
41,97,382
41,98,377
41,99,372
41,100,364
41,101,369
41,102,373
41,103,375
41,104,377
41,105,381
41,106,381
41,107,376
41,108,376
41,109,383
41,110,371
41,111,385
41,112,369
41,113,377
41,114,378
41,115,375
41,116,373
41,117,374
41,118,378
41,119,378
41,120,364
41,121,366
41,122,371
41,123,359
41,124,370
41,125,387
41,126,375
41,127,375
41,128,374
41,129,373
41,130,365
41,131,384
41,132,381
41,133,367
41,134,373
41,135,384
41,136,373
41,137,375
41,138,367
41,139,392
41,140,373
41,141,369
41,142,378
41,143,377
41,144,355
41,145,367
41,146,372
41,147,379
41,148,372
41,149,383
41,150,360
41,151,363
41,152,380
41,153,385
41,154,382
41,155,377
41,156,370
41,157,368
41,158,378
41,159,384
41,160,365
41,161,387
41,162,373
41,163,388
41,164,363
41,165,374
41,166,381
41,167,383
41,168,378
41,169,376
41,170,374
41,171,379
41,172,380
41,173,364
41,174,381
41,175,390
41,176,368
41,177,374
41,178,375
41,179,373
41,180,362
41,181,381
41,182,369
41,183,378
41,184,364
41,185,380
41,186,377
41,187,366
41,188,388
41,189,388
41,190,381
41,191,373
41,192,363
41,193,368
41,194,370
41,195,373
41,196,367
41,197,366
41,198,386
41,199,370
41,200,371
42,1,6
42,2,24
42,3,93
42,4,258
42,5,375
42,6,389
42,7,389
42,8,389
42,9,374
42,10,381
42,11,376
42,12,363
42,13,366
42,14,370
42,15,361
42,16,370
42,17,382
42,18,372
42,19,372
42,20,370
42,21,392
42,22,380
42,23,360
42,24,362
42,25,370
42,26,381
42,27,387
42,28,374
42,29,391
42,30,373
42,31,375
42,32,379
42,33,373
42,34,382
42,35,360
42,36,371
42,37,383
42,38,381
42,39,377
42,40,366
42,41,372
42,42,367
42,43,377
42,44,364
42,45,382
42,46,363
42,47,368
42,48,366
42,49,372
42,50,377
42,51,370
42,52,358
42,53,371
42,54,401
42,55,374
42,56,381
42,57,364
42,58,388
42,59,366
42,60,377
42,61,363
42,62,374
42,63,369
42,64,369
42,65,372
42,66,376
42,67,358
42,68,370
42,69,384
42,70,381
42,71,382
42,72,387
42,73,376
42,74,377
42,75,377
42,76,378
42,77,379
42,78,376
42,79,380
42,80,372
42,81,367
42,82,379
42,83,368
42,84,370
42,85,373
42,86,387
42,87,378
42,88,372
42,89,380
42,90,374
42,91,364
42,92,390
42,93,381
42,94,365
42,95,368
42,96,385
42,97,385
42,98,382
42,99,377
42,100,363
42,101,383
42,102,381
42,103,377
42,104,371
42,105,367
42,106,375
42,107,392
42,108,377
42,109,381
42,110,369
42,111,378
42,112,378
42,113,385
42,114,378
42,115,368
42,116,394
42,117,377
42,118,373
42,119,378
42,120,384
42,121,382
42,122,381
42,123,363
42,124,377
42,125,375
42,126,386
42,127,366
42,128,376
42,129,375
42,130,374
42,131,373
42,132,379
42,133,390
42,134,383
42,135,370
42,136,364
42,137,365
42,138,382
42,139,382
42,140,373
42,141,367
42,142,394
42,143,368
42,144,373
42,145,362
42,146,383
42,147,377
42,148,377
42,149,379
42,150,378
42,151,377
42,152,369
42,153,382
42,154,361
42,155,372
42,156,375
42,157,364
42,158,385
42,159,374
42,160,379
42,161,389
42,162,375
42,163,378
42,164,362
42,165,380
42,166,369
42,167,386
42,168,368
42,169,374
42,170,370
42,171,360
42,172,379
42,173,375
42,174,378
42,175,369
42,176,387
42,177,381
42,178,377
42,179,380
42,180,379
42,181,387
42,182,382
42,183,367
42,184,368
42,185,370
42,186,374
42,187,371
42,188,377
42,189,378
42,190,375
42,191,382
42,192,368
42,193,385
42,194,379
42,195,374
42,196,371
42,197,365
42,198,370
42,199,385
42,200,369
43,1,3
43,2,12
43,3,59
43,4,187
43,5,339
43,6,367
43,7,385
43,8,377
43,9,375
43,10,365
43,11,380
43,12,367
43,13,385
43,14,378
43,15,383
43,16,359
43,17,377
43,18,380
43,19,381
43,20,381
43,21,383
43,22,375
43,23,372
43,24,379
43,25,387
43,26,377
43,27,365
43,28,377
43,29,363
43,30,371
43,31,365
43,32,373
43,33,379
43,34,376
43,35,368
43,36,366
43,37,366
43,38,374
43,39,377
43,40,383
43,41,382
43,42,369
43,43,380
43,44,388
43,45,375
43,46,376
43,47,379
43,48,370
43,49,372
43,50,378
43,51,374
43,52,363
43,53,374
43,54,367
43,55,366
43,56,363
43,57,370
43,58,375
43,59,365
43,60,378
43,61,374
43,62,365
43,63,376
43,64,380
43,65,376
43,66,360
43,67,381
43,68,376
43,69,386
43,70,373
43,71,389
43,72,380
43,73,384
43,74,384
43,75,375
43,76,365
43,77,367
43,78,382
43,79,376
43,80,378
43,81,367
43,82,361
43,83,383
43,84,360
43,85,377
43,86,374
43,87,372
43,88,372
43,89,381
43,90,369
43,91,371
43,92,367
43,93,378
43,94,371
43,95,380
43,96,384
43,97,369
43,98,376
43,99,363
43,100,366
43,101,373
43,102,371
43,103,371
43,104,380
43,105,385
43,106,375
43,107,376
43,108,380
43,109,370
43,110,364
43,111,360
43,112,359
43,113,383
43,114,378
43,115,374
43,116,370
43,117,368
43,118,372
43,119,371
43,120,377
43,121,366
43,122,370
43,123,371
43,124,375
43,125,372
43,126,372
43,127,373
43,128,377
43,129,359
43,130,370
43,131,376
43,132,375
43,133,355
43,134,381
43,135,373
43,136,378
43,137,385
43,138,372
43,139,380
43,140,367
43,141,376
43,142,379
43,143,379
43,144,377
43,145,365
43,146,374
43,147,373
43,148,379
43,149,370
43,150,373
43,151,382
43,152,374
43,153,378
43,154,386
43,155,378
43,156,367
43,157,377
43,158,375
43,159,366
43,160,371
43,161,384
43,162,387
43,163,361
43,164,368
43,165,370
43,166,375
43,167,370
43,168,381
43,169,380
43,170,376
43,171,377
43,172,375
43,173,378
43,174,378
43,175,376
43,176,368
43,177,357
43,178,380
43,179,366
43,180,368
43,181,386
43,182,378
43,183,375
43,184,374
43,185,388
43,186,383
43,187,373
43,188,380
43,189,380
43,190,374
43,191,376
43,192,382
43,193,365
43,194,376
43,195,360
43,196,369
43,197,369
43,198,377
43,199,380
43,200,377
44,1,8
44,2,35
44,3,122
44,4,297
44,5,364
44,6,373
44,7,385
44,8,383
44,9,384
44,10,373
44,11,371
44,12,376
44,13,369
44,14,367
44,15,373
44,16,380
44,17,386
44,18,369
44,19,374
44,20,364
44,21,367
44,22,375
44,23,380
44,24,372
44,25,370
44,26,373
44,27,378
44,28,388
44,29,383
44,30,367
44,31,375
44,32,371
44,33,388
44,34,370
44,35,366
44,36,389
44,37,370
44,38,364
44,39,383
44,40,387
44,41,366
44,42,379
44,43,363
44,44,382
44,45,383
44,46,362
44,47,385
44,48,375
44,49,375
44,50,372
44,51,388
44,52,382
44,53,368
44,54,374
44,55,372
44,56,372
44,57,372
44,58,374
44,59,371
44,60,363
44,61,371
44,62,370
44,63,369
44,64,375
44,65,366
44,66,384
44,67,371
44,68,372
44,69,372
44,70,377
44,71,371
44,72,372
44,73,369
44,74,381
44,75,370
44,76,380
44,77,361
44,78,359
44,79,385
44,80,366
44,81,372
44,82,368
44,83,376
44,84,375
44,85,366
44,86,372
44,87,375
44,88,371
44,89,373
44,90,377
44,91,384
44,92,371
44,93,380
44,94,361
44,95,374
44,96,380
44,97,375
44,98,363
44,99,366
44,100,362
44,101,381
44,102,369
44,103,382
44,104,360
44,105,378
44,106,373
44,107,395
44,108,374
44,109,377
44,110,374
44,111,379
44,112,376
44,113,370
44,114,380
44,115,358
44,116,378
44,117,374
44,118,378
44,119,392
44,120,369
44,121,382
44,122,380
44,123,387
44,124,383
44,125,368
44,126,370
44,127,363
44,128,381
44,129,367
44,130,365
44,131,374
44,132,382
44,133,378
44,134,367
44,135,375
44,136,377
44,137,383
44,138,397
44,139,390
44,140,382
44,141,374
44,142,379
44,143,367
44,144,377
44,145,384
44,146,368
44,147,380
44,148,378
44,149,383
44,150,368
44,151,382
44,152,379
44,153,374
44,154,375
44,155,375
44,156,380
44,157,369
44,158,381
44,159,379
44,160,357
44,161,378
44,162,380
44,163,370
44,164,362
44,165,370
44,166,376
44,167,371
44,168,359
44,169,370
44,170,373
44,171,386
44,172,367
44,173,372
44,174,375
44,175,365
44,176,369
44,177,384
44,178,373
44,179,377
44,180,375
44,181,364
44,182,370
44,183,368
44,184,368
44,185,376
44,186,377
44,187,381
44,188,377
44,189,377
44,190,380
44,191,373
44,192,374
44,193,384
44,194,385
44,195,374
44,196,375
44,197,374
44,198,378
44,199,375
44,200,371
45,1,6
45,2,27
45,3,105
45,4,269
45,5,368
45,6,369
45,7,369
45,8,365
45,9,363
45,10,377
45,11,367
45,12,380
45,13,372
45,14,379
45,15,374
45,16,367
45,17,370
45,18,368
45,19,371
45,20,365
45,21,378
45,22,374
45,23,364
45,24,363
45,25,376
45,26,380
45,27,368
45,28,381
45,29,370
45,30,378
45,31,385
45,32,357
45,33,389
45,34,380
45,35,363
45,36,369
45,37,372
45,38,385
45,39,383
45,40,364
45,41,370
45,42,373
45,43,374
45,44,374
45,45,384
45,46,378
45,47,379
45,48,373
45,49,368
45,50,368
45,51,382
45,52,383
45,53,382
45,54,368
45,55,363
45,56,367
45,57,367
45,58,378
45,59,379
45,60,379
45,61,370
45,62,375
45,63,374
45,64,367
45,65,374
45,66,392
45,67,363
45,68,370
45,69,377
45,70,370
45,71,375
45,72,373
45,73,370
45,74,368
45,75,377
45,76,378
45,77,385
45,78,388
45,79,373
45,80,360
45,81,362
45,82,351
45,83,371
45,84,386
45,85,377
45,86,373
45,87,375
45,88,378
45,89,374
45,90,371
45,91,371
45,92,357
45,93,378
45,94,368
45,95,366
45,96,372
45,97,375
45,98,377
45,99,381
45,100,362
45,101,375
45,102,374
45,103,364
45,104,377
45,105,372
45,106,378
45,107,367
45,108,359
45,109,376
45,110,375
45,111,381
45,112,383
45,113,379
45,114,367
45,115,370
45,116,379
45,117,375
45,118,365
45,119,362
45,120,371
45,121,366
45,122,373
45,123,367
45,124,381
45,125,367
45,126,378
45,127,366
45,128,366
45,129,359
45,130,369
45,131,361
45,132,372
45,133,367
45,134,372
45,135,377
45,136,375
45,137,371
45,138,379
45,139,377
45,140,383
45,141,387
45,142,372
45,143,365
45,144,364
45,145,380
45,146,378
45,147,377
45,148,368
45,149,377
45,150,381
45,151,363
45,152,372
45,153,369
45,154,377
45,155,375
45,156,377
45,157,374
45,158,377
45,159,367
45,160,355
45,161,381
45,162,369
45,163,377
45,164,368
45,165,379
45,166,373
45,167,363
45,168,381
45,169,374
45,170,383
45,171,382
45,172,377
45,173,376
45,174,368
45,175,376
45,176,367
45,177,368
45,178,362
45,179,376
45,180,375
45,181,378
45,182,379
45,183,368
45,184,382
45,185,374
45,186,387
45,187,361
45,188,388
45,189,371
45,190,370
45,191,367
45,192,359
45,193,363
45,194,382
45,195,377
45,196,368
45,197,369
45,198,379
45,199,378
45,200,383
46,1,6
46,2,17
46,3,64
46,4,196
46,5,337
46,6,363
46,7,363
46,8,376
46,9,375
46,10,389
46,11,374
46,12,365
46,13,377
46,14,375
46,15,369
46,16,387
46,17,377
46,18,384
46,19,361
46,20,383
46,21,369
46,22,374
46,23,381
46,24,356
46,25,362
46,26,365
46,27,366
46,28,378
46,29,371
46,30,375
46,31,380
46,32,379
46,33,378
46,34,370
46,35,379
46,36,387
46,37,382
46,38,371
46,39,368
46,40,380
46,41,365
46,42,381
46,43,374
46,44,387
46,45,385
46,46,370
46,47,365
46,48,377
46,49,390
46,50,381
46,51,371
46,52,385
46,53,374
46,54,369
46,55,390
46,56,376
46,57,358
46,58,370
46,59,371
46,60,371
46,61,374
46,62,372
46,63,366
46,64,359
46,65,369
46,66,385
46,67,375
46,68,377
46,69,381
46,70,355
46,71,367
46,72,376
46,73,363
46,74,380
46,75,378
46,76,376
46,77,381
46,78,379
46,79,359
46,80,373
46,81,377
46,82,386
46,83,390
46,84,381
46,85,373
46,86,369
46,87,378
46,88,384
46,89,384
46,90,365
46,91,374
46,92,366
46,93,366
46,94,378
46,95,365
46,96,381
46,97,385
46,98,378
46,99,378
46,100,372
46,101,366
46,102,371
46,103,373
46,104,369
46,105,382
46,106,382
46,107,364
46,108,373
46,109,373
46,110,366
46,111,388
46,112,388
46,113,375
46,114,385
46,115,375
46,116,375
46,117,372
46,118,366
46,119,373
46,120,375
46,121,390
46,122,375
46,123,375
46,124,384
46,125,381
46,126,368
46,127,368
46,128,372
46,129,369
46,130,367
46,131,380
46,132,377
46,133,387
46,134,384
46,135,379
46,136,377
46,137,386
46,138,364
46,139,362
46,140,372
46,141,384
46,142,367
46,143,371
46,144,378
46,145,372
46,146,374
46,147,380
46,148,384
46,149,360
46,150,383
46,151,380
46,152,379
46,153,374
46,154,371
46,155,375
46,156,371
46,157,381
46,158,376
46,159,371
46,160,366
46,161,376
46,162,379
46,163,375
46,164,389
46,165,374
46,166,374
46,167,378
46,168,381
46,169,376
46,170,378
46,171,369
46,172,366
46,173,366
46,174,376
46,175,373
46,176,387
46,177,371
46,178,370
46,179,384
46,180,375
46,181,365
46,182,376
46,183,363
46,184,364
46,185,371
46,186,372
46,187,393
46,188,380
46,189,372
46,190,372
46,191,378
46,192,371
46,193,375
46,194,376
46,195,370
46,196,375
46,197,375
46,198,370
46,199,367
46,200,381
47,1,4
47,2,12
47,3,58
47,4,181
47,5,328
47,6,371
47,7,373
47,8,382
47,9,371
47,10,371
47,11,376
47,12,378
47,13,368
47,14,388
47,15,363
47,16,378
47,17,376
47,18,364
47,19,381
47,20,386
47,21,364
47,22,374
47,23,363
47,24,382
47,25,377
47,26,366
47,27,366
47,28,375
47,29,382
47,30,374
47,31,373
47,32,369
47,33,382
47,34,376
47,35,376
47,36,378
47,37,369
47,38,385
47,39,394
47,40,370
47,41,383
47,42,379
47,43,372
47,44,374
47,45,359
47,46,371
47,47,380
47,48,378
47,49,374
47,50,364
47,51,370
47,52,365
47,53,378
47,54,387
47,55,373
47,56,374
47,57,378
47,58,377
47,59,378
47,60,366
47,61,364
47,62,382
47,63,373
47,64,394
47,65,361
47,66,360
47,67,379
47,68,372
47,69,376
47,70,384
47,71,373
47,72,371
47,73,371
47,74,364
47,75,365
47,76,373
47,77,360
47,78,385
47,79,361
47,80,376
47,81,382
47,82,377
47,83,360
47,84,378
47,85,372
47,86,368
47,87,378
47,88,393
47,89,362
47,90,376
47,91,371
47,92,383
47,93,379
47,94,380
47,95,376
47,96,386
47,97,387
47,98,378
47,99,373
47,100,370
47,101,373
47,102,387
47,103,380
47,104,377
47,105,380
47,106,370
47,107,381
47,108,372
47,109,366
47,110,367
47,111,374
47,112,361
47,113,368
47,114,375
47,115,384
47,116,370
47,117,361
47,118,387
47,119,381
47,120,385
47,121,374
47,122,371
47,123,378
47,124,383
47,125,385
47,126,363
47,127,388
47,128,389
47,129,380
47,130,378
47,131,367
47,132,372
47,133,374
47,134,373
47,135,386
47,136,381
47,137,375
47,138,378
47,139,381
47,140,367
47,141,371
47,142,367
47,143,372
47,144,371
47,145,361
47,146,377
47,147,372
47,148,385
47,149,368
47,150,359
47,151,373
47,152,357
47,153,367
47,154,387
47,155,384
47,156,386
47,157,378
47,158,381
47,159,365
47,160,367
47,161,376
47,162,370
47,163,376
47,164,377
47,165,376
47,166,375
47,167,375
47,168,362
47,169,384
47,170,370
47,171,379
47,172,385
47,173,382
47,174,364
47,175,386
47,176,374
47,177,362
47,178,377
47,179,371
47,180,380
47,181,369
47,182,378
47,183,370
47,184,371
47,185,361
47,186,369
47,187,374
47,188,375
47,189,381
47,190,376
47,191,360
47,192,367
47,193,372
47,194,374
47,195,374
47,196,377
47,197,376
47,198,373
47,199,363
47,200,367
48,1,5
48,2,16
48,3,70
48,4,199
48,5,322
48,6,362
48,7,388
48,8,379
48,9,385
48,10,376
48,11,371
48,12,372
48,13,374
48,14,368
48,15,379
48,16,367
48,17,367
48,18,369
48,19,370
48,20,384
48,21,394
48,22,379
48,23,374
48,24,364
48,25,381
48,26,381
48,27,386
48,28,381
48,29,378
48,30,384
48,31,383
48,32,375
48,33,357
48,34,369
48,35,377
48,36,372
48,37,375
48,38,376
48,39,368
48,40,373
48,41,364
48,42,377
48,43,377
48,44,374
48,45,372
48,46,377
48,47,358
48,48,372
48,49,384
48,50,377
48,51,375
48,52,379
48,53,357
48,54,384
48,55,367
48,56,371
48,57,391
48,58,361
48,59,363
48,60,387
48,61,377
48,62,354
48,63,364
48,64,377
48,65,372
48,66,389
48,67,369
48,68,381
48,69,374
48,70,375
48,71,361
48,72,375
48,73,372
48,74,384
48,75,371
48,76,369
48,77,388
48,78,370
48,79,360
48,80,377
48,81,383
48,82,358
48,83,377
48,84,367
48,85,369
48,86,367
48,87,364
48,88,377
48,89,379
48,90,392
48,91,369
48,92,364
48,93,380
48,94,375
48,95,369
48,96,378
48,97,373
48,98,367
48,99,389
48,100,367
48,101,384
48,102,369
48,103,372
48,104,372
48,105,378
48,106,370
48,107,368
48,108,358
48,109,360
48,110,371
48,111,377
48,112,369
48,113,375
48,114,371
48,115,384
48,116,366
48,117,369
48,118,375
48,119,365
48,120,365
48,121,368
48,122,373
48,123,368
48,124,376
48,125,381
48,126,379
48,127,365
48,128,368
48,129,374
48,130,377
48,131,378
48,132,383
48,133,364
48,134,365
48,135,375
48,136,356
48,137,376
48,138,385
48,139,373
48,140,372
48,141,368
48,142,370
48,143,374
48,144,369
48,145,382
48,146,388
48,147,373
48,148,374
48,149,372
48,150,376
48,151,360
48,152,367
48,153,384
48,154,384
48,155,379
48,156,383
48,157,365
48,158,385
48,159,371
48,160,364
48,161,372
48,162,376
48,163,378
48,164,377
48,165,372
48,166,378
48,167,379
48,168,379
48,169,377
48,170,379
48,171,374
48,172,368
48,173,371
48,174,377
48,175,365
48,176,387
48,177,368
48,178,377
48,179,375
48,180,369
48,181,375
48,182,369
48,183,380
48,184,375
48,185,373
48,186,366
48,187,370
48,188,362
48,189,380
48,190,376
48,191,366
48,192,381
48,193,381
48,194,372
48,195,383
48,196,367
48,197,367
48,198,399
48,199,389
48,200,374
49,1,6
49,2,24
49,3,88
49,4,252
49,5,342
49,6,368
49,7,389
49,8,380
49,9,374
49,10,384
49,11,379
49,12,375
49,13,361
49,14,384
49,15,390
49,16,381
49,17,374
49,18,378
49,19,381
49,20,383
49,21,378
49,22,394
49,23,380
49,24,382
49,25,385
49,26,371
49,27,360
49,28,387
49,29,375
49,30,365
49,31,382
49,32,380
49,33,383
49,34,380
49,35,380
49,36,371
49,37,365
49,38,381
49,39,375
49,40,378
49,41,370
49,42,379
49,43,350
49,44,381
49,45,372
49,46,371
49,47,390
49,48,380
49,49,373
49,50,377
49,51,364
49,52,380
49,53,371
49,54,375
49,55,383
49,56,370
49,57,366
49,58,385
49,59,374
49,60,395
49,61,376
49,62,376
49,63,379
49,64,362
49,65,373
49,66,361
49,67,382
49,68,362
49,69,378
49,70,366
49,71,380
49,72,383
49,73,374
49,74,379
49,75,366
49,76,372
49,77,370
49,78,362
49,79,361
49,80,370
49,81,377
49,82,358
49,83,365
49,84,362
49,85,375
49,86,380
49,87,381
49,88,370
49,89,381
49,90,370
49,91,373
49,92,383
49,93,369
49,94,362
49,95,381
49,96,369
49,97,367
49,98,369
49,99,373
49,100,374
49,101,369
49,102,379
49,103,375
49,104,377
49,105,371
49,106,377
49,107,363
49,108,373
49,109,388
49,110,378
49,111,364
49,112,373
49,113,379
49,114,366
49,115,367
49,116,373
49,117,374
49,118,383
49,119,369
49,120,379
49,121,375
49,122,377
49,123,371
49,124,378
49,125,363
49,126,377
49,127,366
49,128,390
49,129,373
49,130,388
49,131,376
49,132,379
49,133,378
49,134,370
49,135,372
49,136,379
49,137,377
49,138,372
49,139,368
49,140,383
49,141,378
49,142,374
49,143,372
49,144,377
49,145,372
49,146,377
49,147,361
49,148,369
49,149,373
49,150,375
49,151,383
49,152,374
49,153,371
49,154,384
49,155,370
49,156,369
49,157,379
49,158,382
49,159,369
49,160,375
49,161,373
49,162,388
49,163,369
49,164,367
49,165,382
49,166,381
49,167,384
49,168,370
49,169,368
49,170,373
49,171,375
49,172,383
49,173,370
49,174,373
49,175,373
49,176,376
49,177,382
49,178,373
49,179,375
49,180,383
49,181,381
49,182,371
49,183,377
49,184,374
49,185,386
49,186,380
49,187,374
49,188,375
49,189,368
49,190,367
49,191,373
49,192,369
49,193,370
49,194,365
49,195,373
49,196,374
49,197,380
49,198,371
49,199,379
49,200,369
50,1,5
50,2,15
50,3,54
50,4,165
50,5,318
50,6,371
50,7,380
50,8,363
50,9,372
50,10,376
50,11,368
50,12,371
50,13,361
50,14,384
50,15,361
50,16,375
50,17,373
50,18,380
50,19,377
50,20,369
50,21,360
50,22,375
50,23,381
50,24,391
50,25,377
50,26,377
50,27,372
50,28,376
50,29,377
50,30,367
50,31,376
50,32,384
50,33,373
50,34,359
50,35,361
50,36,384
50,37,384
50,38,384
50,39,373
50,40,365
50,41,369
50,42,374
50,43,380
50,44,373
50,45,369
50,46,369
50,47,382
50,48,372
50,49,376
50,50,380
50,51,370
50,52,392
50,53,378
50,54,378
50,55,376
50,56,376
50,57,386
50,58,366
50,59,387
50,60,366
50,61,397
50,62,374
50,63,377
50,64,374
50,65,378
50,66,376
50,67,365
50,68,383
50,69,383
50,70,366
50,71,382
50,72,372
50,73,379
50,74,368
50,75,371
50,76,364
50,77,376
50,78,383
50,79,380
50,80,363
50,81,390
50,82,353
50,83,386
50,84,371
50,85,381
50,86,378
50,87,376
50,88,371
50,89,361
50,90,368
50,91,371
50,92,376
50,93,369
50,94,378
50,95,372
50,96,369
50,97,365
50,98,393
50,99,374
50,100,386
50,101,384
50,102,369
50,103,378
50,104,376
50,105,366
50,106,364
50,107,377
50,108,372
50,109,381
50,110,391
50,111,368
50,112,364
50,113,378
50,114,374
50,115,378
50,116,372
50,117,379
50,118,365
50,119,371
50,120,378
50,121,365
50,122,372
50,123,376
50,124,373
50,125,374
50,126,371
50,127,366
50,128,373
50,129,380
50,130,367
50,131,370
50,132,377
50,133,367
50,134,379
50,135,371
50,136,377
50,137,383
50,138,381
50,139,382
50,140,365
50,141,365
50,142,376
50,143,371
50,144,381
50,145,371
50,146,387
50,147,365
50,148,372
50,149,375
50,150,379
50,151,377
50,152,376
50,153,371
50,154,364
50,155,378
50,156,373
50,157,384
50,158,377
50,159,367
50,160,365
50,161,366
50,162,378
50,163,381
50,164,374
50,165,369
50,166,389
50,167,367
50,168,376
50,169,365
50,170,373
50,171,370
50,172,371
50,173,381
50,174,372
50,175,384
50,176,377
50,177,369
50,178,372
50,179,371
50,180,386
50,181,380
50,182,384
50,183,373
50,184,363
50,185,379
50,186,363
50,187,383
50,188,363
50,189,378
50,190,388
50,191,376
50,192,373
50,193,379
50,194,374
50,195,378
50,196,369
50,197,378
50,198,362
50,199,366
50,200,362
51,1,6
51,2,26
51,3,98
51,4,257
51,5,353
51,6,371
51,7,379
51,8,378
51,9,366
51,10,369
51,11,386
51,12,378
51,13,376
51,14,384
51,15,385
51,16,396
51,17,358
51,18,369
51,19,372
51,20,380
51,21,368
51,22,378
51,23,377
51,24,387
51,25,368
51,26,388
51,27,360
51,28,374
51,29,381
51,30,377
51,31,375
51,32,384
51,33,369
51,34,374
51,35,379
51,36,370
51,37,381
51,38,364
51,39,375
51,40,383
51,41,371
51,42,374
51,43,383
51,44,382
51,45,376
51,46,374
51,47,363
51,48,371
51,49,384
51,50,374
51,51,371
51,52,376
51,53,374
51,54,372
51,55,383
51,56,379
51,57,378
51,58,367
51,59,374
51,60,379
51,61,357
51,62,373
51,63,369
51,64,368
51,65,381
51,66,363
51,67,373
51,68,361
51,69,365
51,70,388
51,71,375
51,72,369
51,73,378
51,74,376
51,75,372
51,76,379
51,77,381
51,78,375
51,79,376
51,80,368
51,81,380
51,82,381
51,83,375
51,84,364
51,85,383
51,86,379
51,87,367
51,88,367
51,89,381
51,90,377
51,91,371
51,92,369
51,93,374
51,94,388
51,95,375
51,96,368
51,97,371
51,98,363
51,99,375
51,100,382
51,101,365
51,102,390
51,103,394
51,104,373
51,105,381
51,106,380
51,107,376
51,108,370
51,109,365
51,110,379
51,111,385
51,112,377
51,113,366
51,114,376
51,115,357
51,116,378
51,117,371
51,118,373
51,119,373
51,120,385
51,121,379
51,122,377
51,123,374
51,124,371
51,125,385
51,126,372
51,127,370
51,128,365
51,129,385
51,130,370
51,131,380
51,132,369
51,133,365
51,134,371
51,135,359
51,136,350
51,137,391
51,138,382
51,139,378
51,140,375
51,141,379
51,142,374
51,143,380
51,144,373
51,145,370
51,146,373
51,147,362
51,148,375
51,149,384
51,150,371
51,151,391
51,152,374
51,153,374
51,154,363
51,155,377
51,156,376
51,157,377
51,158,369
51,159,370
51,160,368
51,161,376
51,162,364
51,163,385
51,164,382
51,165,361
51,166,374
51,167,376
51,168,395
51,169,358
51,170,363
51,171,371
51,172,366
51,173,385
51,174,357
51,175,392
51,176,369
51,177,372
51,178,382
51,179,383
51,180,375
51,181,377
51,182,387
51,183,367
51,184,369
51,185,380
51,186,369
51,187,375
51,188,365
51,189,377
51,190,379
51,191,380
51,192,388
51,193,378
51,194,380
51,195,375
51,196,364
51,197,373
51,198,371
51,199,366
51,200,373
52,1,5
52,2,17
52,3,49
52,4,181
52,5,355
52,6,369
52,7,372
52,8,371
52,9,377
52,10,361
52,11,373
52,12,379
52,13,380
52,14,376
52,15,375
52,16,379
52,17,359
52,18,386
52,19,377
52,20,386
52,21,371
52,22,368
52,23,377
52,24,368
52,25,369
52,26,381
52,27,364
52,28,370
52,29,360
52,30,375
52,31,361
52,32,379
52,33,371
52,34,366
52,35,383
52,36,380
52,37,364
52,38,376
52,39,379
52,40,352
52,41,378
52,42,381
52,43,377
52,44,367
52,45,366
52,46,373
52,47,377
52,48,380
52,49,370
52,50,375
52,51,365
52,52,370
52,53,381
52,54,385
52,55,376
52,56,358
52,57,376
52,58,371
52,59,375
52,60,366
52,61,373
52,62,381
52,63,375
52,64,371
52,65,370
52,66,382
52,67,371
52,68,373
52,69,371
52,70,364
52,71,374
52,72,383
52,73,375
52,74,365
52,75,379
52,76,369
52,77,373
52,78,368
52,79,392
52,80,372
52,81,374
52,82,364
52,83,371
52,84,367
52,85,375
52,86,376
52,87,375
52,88,370
52,89,382
52,90,365
52,91,361
52,92,371
52,93,386
52,94,375
52,95,352
52,96,383
52,97,367
52,98,367
52,99,366
52,100,368
52,101,369
52,102,365
52,103,363
52,104,365
52,105,360
52,106,374
52,107,376
52,108,372
52,109,369
52,110,378
52,111,376
52,112,379
52,113,362
52,114,367
52,115,364
52,116,380
52,117,376
52,118,387
52,119,372
52,120,378
52,121,370
52,122,378
52,123,380
52,124,368
52,125,377
52,126,375
52,127,388
52,128,380
52,129,372
52,130,376
52,131,377
52,132,381
52,133,368
52,134,365
52,135,387
52,136,381
52,137,379
52,138,383
52,139,368
52,140,369
52,141,371
52,142,367
52,143,377
52,144,375
52,145,368
52,146,379
52,147,371
52,148,383
52,149,378
52,150,377
52,151,380
52,152,384
52,153,364
52,154,374
52,155,378
52,156,382
52,157,371
52,158,379
52,159,359
52,160,376
52,161,370
52,162,371
52,163,374
52,164,378
52,165,371
52,166,364
52,167,367
52,168,376
52,169,387
52,170,379
52,171,380
52,172,386
52,173,372
52,174,378
52,175,376
52,176,369
52,177,368
52,178,366
52,179,370
52,180,368
52,181,381
52,182,389
52,183,370
52,184,380
52,185,362
52,186,383
52,187,380
52,188,381
52,189,380
52,190,374
52,191,366
52,192,373
52,193,377
52,194,374
52,195,369
52,196,367
52,197,371
52,198,382
52,199,381
52,200,373
53,1,5
53,2,19
53,3,65
53,4,203
53,5,343
53,6,369
53,7,366
53,8,380
53,9,368
53,10,368
53,11,388
53,12,369
53,13,374
53,14,375
53,15,383
53,16,374
53,17,380
53,18,377
53,19,385
53,20,383
53,21,364
53,22,383
53,23,378
53,24,369
53,25,376
53,26,367
53,27,366
53,28,368
53,29,379
53,30,371
53,31,374
53,32,376
53,33,376
53,34,376
53,35,381
53,36,374
53,37,368
53,38,373
53,39,366
53,40,373
53,41,369
53,42,380
53,43,355
53,44,380
53,45,369
53,46,373
53,47,374
53,48,371
53,49,364
53,50,374
53,51,372
53,52,373
53,53,380
53,54,369
53,55,376
53,56,377
53,57,375
53,58,371
53,59,370
53,60,365
53,61,369
53,62,385
53,63,380
53,64,370
53,65,370
53,66,383
53,67,386
53,68,370
53,69,375
53,70,370
53,71,374
53,72,366
53,73,372
53,74,386
53,75,371
53,76,361
53,77,374
53,78,370
53,79,368
53,80,377
53,81,368
53,82,370
53,83,375
53,84,387
53,85,377
53,86,381
53,87,367
53,88,370
53,89,365
53,90,373
53,91,377
53,92,371
53,93,379
53,94,381
53,95,374
53,96,368
53,97,371
53,98,365
53,99,378
53,100,367
53,101,380
53,102,373
53,103,371
53,104,365
53,105,364
53,106,373
53,107,370
53,108,369
53,109,372
53,110,373
53,111,361
53,112,384
53,113,363
53,114,370
53,115,377
53,116,363
53,117,370
53,118,362
53,119,365
53,120,359
53,121,369
53,122,381
53,123,388
53,124,367
53,125,362
53,126,372
53,127,380
53,128,370
53,129,370
53,130,381
53,131,366
53,132,370
53,133,383
53,134,369
53,135,368
53,136,380
53,137,372
53,138,376
53,139,376
53,140,361
53,141,385
53,142,380
53,143,376
53,144,366
53,145,373
53,146,372
53,147,377
53,148,375
53,149,382
53,150,369
53,151,372
53,152,367
53,153,368
53,154,369
53,155,368
53,156,380
53,157,379
53,158,371
53,159,365
53,160,377
53,161,378
53,162,383
53,163,380
53,164,379
53,165,379
53,166,380
53,167,382
53,168,373
53,169,375
53,170,380
53,171,383
53,172,374
53,173,371
53,174,370
53,175,377
53,176,370
53,177,369
53,178,380
53,179,390
53,180,377
53,181,366
53,182,374
53,183,369
53,184,368
53,185,376
53,186,381
53,187,364
53,188,372
53,189,370
53,190,362
53,191,373
53,192,377
53,193,390
53,194,380
53,195,393
53,196,377
53,197,366
53,198,380
53,199,371
53,200,372
54,1,4
54,2,15
54,3,56
54,4,169
54,5,334
54,6,363
54,7,374
54,8,371
54,9,386
54,10,374
54,11,367
54,12,374
54,13,389
54,14,377
54,15,371
54,16,392
54,17,381
54,18,379
54,19,374
54,20,378
54,21,386
54,22,383
54,23,375
54,24,371
54,25,372
54,26,365
54,27,365
54,28,372
54,29,386
54,30,362
54,31,360
54,32,376
54,33,377
54,34,385
54,35,372
54,36,382
54,37,371
54,38,372
54,39,371
54,40,375
54,41,378
54,42,377
54,43,369
54,44,368
54,45,373
54,46,379
54,47,376
54,48,357
54,49,377
54,50,373
54,51,374
54,52,377
54,53,377
54,54,370
54,55,360
54,56,376
54,57,378
54,58,381
54,59,369
54,60,387
54,61,371
54,62,369
54,63,366
54,64,368
54,65,376
54,66,373
54,67,364
54,68,376
54,69,380
54,70,376
54,71,378
54,72,377
54,73,361
54,74,365
54,75,372
54,76,377
54,77,381
54,78,377
54,79,394
54,80,371
54,81,364
54,82,363
54,83,378
54,84,374
54,85,373
54,86,382
54,87,381
54,88,367
54,89,373
54,90,365
54,91,382
54,92,381
54,93,369
54,94,376
54,95,379
54,96,376
54,97,380
54,98,373
54,99,379
54,100,361
54,101,362
54,102,393
54,103,375
54,104,390
54,105,371
54,106,371
54,107,359
54,108,379
54,109,376
54,110,374
54,111,363
54,112,367
54,113,378
54,114,373
54,115,380
54,116,385
54,117,376
54,118,378
54,119,377
54,120,375
54,121,369
54,122,366
54,123,375
54,124,384
54,125,374
54,126,375
54,127,370
54,128,370
54,129,389
54,130,378
54,131,368
54,132,380
54,133,375
54,134,367
54,135,366
54,136,371
54,137,371
54,138,381
54,139,371
54,140,379
54,141,372
54,142,369
54,143,368
54,144,372
54,145,381
54,146,371
54,147,373
54,148,371
54,149,392
54,150,378
54,151,376
54,152,379
54,153,380
54,154,380
54,155,393
54,156,370
54,157,388
54,158,378
54,159,391
54,160,378
54,161,379
54,162,367
54,163,362
54,164,379
54,165,373
54,166,380
54,167,369
54,168,370
54,169,369
54,170,377
54,171,373
54,172,359
54,173,382
54,174,372
54,175,377
54,176,379
54,177,374
54,178,387
54,179,371
54,180,365
54,181,372
54,182,370
54,183,370
54,184,376
54,185,366
54,186,369
54,187,367
54,188,363
54,189,376
54,190,376
54,191,378
54,192,375
54,193,368
54,194,387
54,195,356
54,196,378
54,197,376
54,198,365
54,199,381
54,200,373
55,1,4
55,2,17
55,3,72
55,4,197
55,5,354
55,6,372
55,7,379
55,8,376
55,9,375
55,10,379
55,11,386
55,12,368
55,13,374
55,14,369
55,15,376
55,16,379
55,17,374
55,18,379
55,19,368
55,20,375
55,21,373
55,22,379
55,23,378
55,24,379
55,25,383
55,26,381
55,27,376
55,28,378
55,29,380
55,30,379
55,31,362
55,32,375
55,33,377
55,34,368
55,35,366
55,36,378
55,37,366
55,38,367
55,39,379
55,40,381
55,41,373
55,42,373
55,43,378
55,44,364
55,45,364
55,46,378
55,47,375
55,48,361
55,49,375
55,50,374
55,51,379
55,52,376
55,53,374
55,54,374
55,55,367
55,56,361
55,57,362
55,58,388
55,59,368
55,60,383
55,61,387
55,62,366
55,63,373
55,64,379
55,65,382
55,66,369
55,67,369
55,68,369
55,69,381
55,70,380
55,71,383
55,72,387
55,73,383
55,74,375
55,75,390
55,76,371
55,77,380
55,78,379
55,79,378
55,80,369
55,81,372
55,82,367
55,83,374
55,84,378
55,85,374
55,86,379
55,87,379
55,88,373
55,89,378
55,90,389
55,91,371
55,92,371
55,93,373
55,94,385
55,95,377
55,96,376
55,97,373
55,98,364
55,99,369
55,100,363
55,101,375
55,102,366
55,103,368
55,104,378
55,105,367
55,106,384
55,107,367
55,108,381
55,109,369
55,110,382
55,111,367
55,112,382
55,113,380
55,114,381
55,115,377
55,116,371
55,117,375
55,118,368
55,119,391
55,120,379
55,121,380
55,122,366
55,123,388
55,124,367
55,125,385
55,126,369
55,127,386
55,128,375
55,129,370
55,130,375
55,131,378
55,132,366
55,133,369
55,134,382
55,135,378
55,136,377
55,137,376
55,138,381
55,139,378
55,140,367
55,141,381
55,142,362
55,143,376
55,144,367
55,145,365
55,146,384
55,147,378
55,148,359
55,149,379
55,150,366
55,151,377
55,152,378
55,153,385
55,154,374
55,155,355
55,156,390
55,157,367
55,158,383
55,159,378
55,160,378
55,161,373
55,162,370
55,163,377
55,164,369
55,165,391
55,166,377
55,167,379
55,168,363
55,169,355
55,170,374
55,171,376
55,172,372
55,173,375
55,174,376
55,175,384
55,176,388
55,177,367
55,178,385
55,179,369
55,180,370
55,181,374
55,182,383
55,183,386
55,184,371
55,185,393
55,186,377
55,187,388
55,188,383
55,189,371
55,190,382
55,191,368
55,192,370
55,193,368
55,194,374
55,195,355
55,196,369
55,197,363
55,198,377
55,199,377
55,200,369
56,1,5
56,2,30
56,3,107
56,4,256
56,5,352
56,6,382
56,7,383
56,8,386
56,9,377
56,10,365
56,11,373
56,12,376
56,13,382
56,14,367
56,15,384
56,16,389
56,17,386
56,18,360
56,19,389
56,20,366
56,21,371
56,22,376
56,23,381
56,24,364
56,25,363
56,26,374
56,27,360
56,28,369
56,29,369
56,30,377
56,31,379
56,32,371
56,33,375
56,34,377
56,35,371
56,36,382
56,37,371
56,38,381
56,39,373
56,40,362
56,41,370
56,42,370
56,43,384
56,44,373
56,45,376
56,46,371
56,47,379
56,48,373
56,49,383
56,50,375
56,51,374
56,52,373
56,53,374
56,54,373
56,55,367
56,56,379
56,57,365
56,58,364
56,59,376
56,60,375
56,61,378
56,62,360
56,63,377
56,64,365
56,65,378
56,66,377
56,67,378
56,68,382
56,69,383
56,70,380
56,71,380
56,72,374
56,73,370
56,74,373
56,75,372
56,76,379
56,77,370
56,78,377
56,79,376
56,80,367
56,81,374
56,82,369
56,83,364
56,84,378
56,85,367
56,86,374
56,87,374
56,88,371
56,89,378
56,90,382
56,91,364
56,92,364
56,93,373
56,94,366
56,95,379
56,96,386
56,97,367
56,98,368
56,99,381
56,100,361
56,101,365
56,102,360
56,103,363
56,104,364
56,105,384
56,106,372
56,107,369
56,108,385
56,109,385
56,110,374
56,111,378
56,112,374
56,113,365
56,114,368
56,115,391
56,116,365
56,117,377
56,118,380
56,119,378
56,120,372
56,121,378
56,122,366
56,123,372
56,124,371
56,125,387
56,126,373
56,127,381
56,128,378
56,129,381
56,130,379
56,131,377
56,132,362
56,133,371
56,134,373
56,135,376
56,136,384
56,137,376
56,138,387
56,139,381
56,140,377
56,141,380
56,142,368
56,143,372
56,144,368
56,145,374
56,146,380
56,147,381
56,148,374
56,149,371
56,150,375
56,151,370
56,152,366
56,153,367
56,154,357
56,155,379
56,156,384
56,157,380
56,158,377
56,159,368
56,160,362
56,161,374
56,162,376
56,163,375
56,164,381
56,165,374
56,166,361
56,167,378
56,168,379
56,169,391
56,170,377
56,171,380
56,172,388
56,173,382
56,174,380
56,175,379
56,176,365
56,177,379
56,178,379
56,179,379
56,180,377
56,181,381
56,182,372
56,183,362
56,184,377
56,185,377
56,186,383
56,187,387
56,188,376
56,189,372
56,190,370
56,191,385
56,192,377
56,193,383
56,194,372
56,195,363
56,196,377
56,197,377
56,198,375
56,199,371
56,200,378
57,1,10
57,2,45
57,3,154
57,4,330
57,5,366
57,6,374
57,7,384
57,8,377
57,9,382
57,10,383
57,11,366
57,12,386
57,13,384
57,14,371
57,15,381
57,16,381
57,17,372
57,18,369
57,19,359
57,20,383
57,21,375
57,22,379
57,23,380
57,24,380
57,25,381
57,26,368
57,27,370
57,28,373
57,29,367
57,30,375
57,31,382
57,32,387
57,33,378
57,34,374
57,35,382
57,36,383
57,37,387
57,38,369
57,39,370
57,40,378
57,41,379
57,42,377
57,43,387
57,44,368
57,45,385
57,46,384
57,47,372
57,48,364
57,49,363
57,50,390
57,51,380
57,52,379
57,53,369
57,54,376
57,55,387
57,56,361
57,57,373
57,58,385
57,59,384
57,60,372
57,61,385
57,62,364
57,63,375
57,64,376
57,65,379
57,66,393
57,67,369
57,68,367
57,69,368
57,70,378
57,71,379
57,72,375
57,73,365
57,74,386
57,75,377
57,76,371
57,77,381
57,78,385
57,79,369
57,80,361
57,81,383
57,82,364
57,83,387
57,84,375
57,85,386
57,86,379
57,87,368
57,88,372
57,89,363
57,90,369
57,91,376
57,92,375
57,93,381
57,94,365
57,95,375
57,96,389
57,97,379
57,98,375
57,99,382
57,100,385
57,101,352
57,102,375
57,103,379
57,104,364
57,105,384
57,106,378
57,107,386
57,108,369
57,109,386
57,110,373
57,111,362
57,112,374
57,113,395
57,114,363
57,115,372
57,116,371
57,117,374
57,118,389
57,119,370
57,120,367
57,121,382
57,122,384
57,123,383
57,124,371
57,125,374
57,126,375
57,127,358
57,128,369
57,129,387
57,130,375
57,131,379
57,132,375
57,133,366
57,134,386
57,135,371
57,136,353
57,137,373
57,138,372
57,139,380
57,140,370
57,141,376
57,142,386
57,143,362
57,144,369
57,145,380
57,146,378
57,147,365
57,148,366
57,149,368
57,150,371
57,151,393
57,152,381
57,153,372
57,154,377
57,155,377
57,156,376
57,157,360
57,158,374
57,159,373
57,160,361
57,161,371
57,162,377
57,163,372
57,164,366
57,165,387
57,166,383
57,167,362
57,168,372
57,169,370
57,170,384
57,171,372
57,172,374
57,173,367
57,174,369
57,175,387
57,176,373
57,177,372
57,178,372
57,179,382
57,180,368
57,181,370
57,182,381
57,183,364
57,184,368
57,185,378
57,186,373
57,187,376
57,188,375
57,189,363
57,190,377
57,191,374
57,192,365
57,193,355
57,194,368
57,195,372
57,196,381
57,197,377
57,198,397
57,199,383
57,200,370
58,1,6
58,2,17
58,3,60
58,4,186
58,5,323
58,6,376
58,7,382
58,8,370
58,9,366
58,10,372
58,11,377
58,12,389
58,13,377
58,14,379
58,15,363
58,16,378
58,17,369
58,18,377
58,19,374
58,20,354
58,21,385
58,22,383
58,23,361
58,24,373
58,25,371
58,26,367
58,27,379
58,28,374
58,29,368
58,30,374
58,31,369
58,32,375
58,33,380
58,34,372
58,35,375
58,36,375
58,37,374
58,38,367
58,39,370
58,40,369
58,41,376
58,42,370
58,43,373
58,44,387
58,45,373
58,46,365
58,47,357
58,48,367
58,49,381
58,50,368
58,51,363
58,52,367
58,53,352
58,54,375
58,55,379
58,56,366
58,57,377
58,58,385
58,59,385
58,60,373
58,61,378
58,62,368
58,63,382
58,64,389
58,65,379
58,66,390
58,67,367
58,68,385
58,69,383
58,70,362
58,71,375
58,72,370
58,73,383
58,74,375
58,75,373
58,76,378
58,77,374
58,78,384
58,79,375
58,80,376
58,81,365
58,82,374
58,83,358
58,84,374
58,85,374
58,86,379
58,87,367
58,88,378
58,89,389
58,90,365
58,91,370
58,92,373
58,93,363
58,94,359
58,95,371
58,96,377
58,97,360
58,98,370
58,99,369
58,100,367
58,101,377
58,102,376
58,103,365
58,104,372
58,105,385
58,106,382
58,107,379
58,108,382
58,109,377
58,110,374
58,111,360
58,112,376
58,113,380
58,114,377
58,115,385
58,116,376
58,117,382
58,118,382
58,119,377
58,120,372
58,121,382
58,122,384
58,123,373
58,124,373
58,125,371
58,126,386
58,127,380
58,128,391
58,129,366
58,130,370
58,131,379
58,132,373
58,133,384
58,134,373
58,135,374
58,136,376
58,137,372
58,138,372
58,139,378
58,140,381
58,141,393
58,142,371
58,143,385
58,144,368
58,145,381
58,146,377
58,147,386
58,148,372
58,149,373
58,150,381
58,151,373
58,152,380
58,153,373
58,154,370
58,155,375
58,156,380
58,157,377
58,158,370
58,159,370
58,160,372
58,161,390
58,162,373
58,163,371
58,164,381
58,165,386
58,166,372
58,167,374
58,168,380
58,169,368
58,170,371
58,171,382
58,172,371
58,173,364
58,174,375
58,175,381
58,176,360
58,177,358
58,178,368
58,179,369
58,180,383
58,181,374
58,182,378
58,183,373
58,184,367
58,185,381
58,186,366
58,187,359
58,188,382
58,189,376
58,190,374
58,191,364
58,192,364
58,193,377
58,194,373
58,195,369
58,196,373
58,197,380
58,198,373
58,199,361
58,200,386
59,1,5
59,2,16
59,3,59
59,4,186
59,5,323
59,6,361
59,7,385
59,8,385
59,9,369
59,10,370
59,11,372
59,12,368
59,13,376
59,14,376
59,15,387
59,16,366
59,17,383
59,18,363
59,19,370
59,20,372
59,21,381
59,22,373
59,23,368
59,24,379
59,25,364
59,26,373
59,27,382
59,28,372
59,29,366
59,30,363
59,31,382
59,32,383
59,33,373
59,34,357
59,35,380
59,36,366
59,37,375
59,38,368
59,39,375
59,40,373
59,41,375
59,42,379
59,43,383
59,44,370
59,45,361
59,46,373
59,47,370
59,48,364
59,49,379
59,50,381
59,51,392
59,52,374
59,53,368
59,54,365
59,55,370
59,56,373
59,57,379
59,58,380
59,59,390
59,60,369
59,61,361
59,62,371
59,63,369
59,64,374
59,65,379
59,66,387
59,67,366
59,68,371
59,69,361
59,70,379
59,71,366
59,72,389
59,73,366
59,74,378
59,75,372
59,76,372
59,77,374
59,78,370
59,79,370
59,80,371
59,81,376
59,82,382
59,83,375
59,84,372
59,85,368
59,86,378
59,87,384
59,88,373
59,89,372
59,90,377
59,91,370
59,92,380
59,93,373
59,94,374
59,95,374
59,96,374
59,97,388
59,98,379
59,99,373
59,100,377
59,101,373
59,102,376
59,103,379
59,104,371
59,105,361
59,106,355
59,107,361
59,108,386
59,109,381
59,110,373
59,111,370
59,112,365
59,113,372
59,114,380
59,115,370
59,116,382
59,117,375
59,118,385
59,119,388
59,120,356
59,121,372
59,122,369
59,123,368
59,124,370
59,125,365
59,126,364
59,127,378
59,128,366
59,129,365
59,130,385
59,131,370
59,132,369
59,133,379
59,134,377
59,135,382
59,136,362
59,137,373
59,138,383
59,139,385
59,140,377
59,141,380
59,142,391
59,143,370
59,144,381
59,145,375
59,146,379
59,147,377
59,148,368
59,149,378
59,150,356
59,151,367
59,152,372
59,153,375
59,154,371
59,155,375
59,156,382
59,157,363
59,158,366
59,159,371
59,160,375
59,161,391
59,162,388
59,163,369
59,164,379
59,165,380
59,166,376
59,167,379
59,168,390
59,169,384
59,170,379
59,171,377
59,172,377
59,173,390
59,174,371
59,175,371
59,176,368
59,177,383
59,178,377
59,179,376
59,180,373
59,181,373
59,182,372
59,183,375
59,184,373
59,185,374
59,186,373
59,187,373
59,188,380
59,189,357
59,190,372
59,191,372
59,192,380
59,193,379
59,194,367
59,195,367
59,196,374
59,197,385
59,198,381
59,199,370
59,200,373
60,1,2
60,2,8
60,3,33
60,4,110
60,5,280
60,6,369
60,7,378
60,8,369
60,9,376
60,10,380
60,11,379
60,12,382
60,13,376
60,14,374
60,15,375
60,16,365
60,17,367
60,18,382
60,19,376
60,20,376
60,21,387
60,22,374
60,23,381
60,24,375
60,25,372
60,26,382
60,27,376
60,28,371
60,29,392
60,30,378
60,31,374
60,32,392
60,33,372
60,34,376
60,35,379
60,36,379
60,37,369
60,38,365
60,39,361
60,40,384
60,41,379
60,42,373
60,43,385
60,44,369
60,45,388
60,46,380
60,47,380
60,48,372
60,49,371
60,50,386
60,51,379
60,52,379
60,53,372
60,54,378
60,55,369
60,56,374
60,57,387
60,58,376
60,59,364
60,60,372
60,61,365
60,62,375
60,63,362
60,64,372
60,65,385
60,66,377
60,67,374
60,68,377
60,69,373
60,70,366
60,71,390
60,72,381
60,73,377
60,74,383
60,75,372
60,76,359
60,77,366
60,78,371
60,79,378
60,80,371
60,81,381
60,82,376
60,83,373
60,84,379
60,85,369
60,86,375
60,87,361
60,88,377
60,89,369
60,90,381
60,91,376
60,92,384
60,93,373
60,94,375
60,95,374
60,96,381
60,97,372
60,98,377
60,99,390
60,100,366
60,101,384
60,102,378
60,103,384
60,104,379
60,105,382
60,106,375
60,107,370
60,108,370
60,109,374
60,110,383
60,111,368
60,112,380
60,113,377
60,114,388
60,115,373
60,116,384
60,117,379
60,118,374
60,119,396
60,120,381
60,121,373
60,122,379
60,123,377
60,124,359
60,125,386
60,126,381
60,127,388
60,128,371
60,129,377
60,130,365
60,131,393
60,132,384
60,133,380
60,134,365
60,135,364
60,136,364
60,137,367
60,138,374
60,139,371
60,140,386
60,141,372
60,142,374
60,143,373
60,144,371
60,145,376
60,146,377
60,147,373
60,148,374
60,149,361
60,150,377
60,151,367
60,152,375
60,153,383
60,154,366
60,155,376
60,156,377
60,157,382
60,158,378
60,159,380
60,160,371
60,161,381
60,162,382
60,163,369
60,164,380
60,165,376
60,166,390
60,167,378
60,168,368
60,169,367
60,170,381
60,171,383
60,172,370
60,173,361
60,174,395
60,175,363
60,176,375
60,177,375
60,178,378
60,179,373
60,180,378
60,181,378
60,182,369
60,183,385
60,184,380
60,185,375
60,186,374
60,187,383
60,188,373
60,189,374
60,190,371
60,191,383
60,192,390
60,193,373
60,194,386
60,195,384
60,196,379
60,197,372
60,198,361
60,199,370
60,200,374
61,1,4
61,2,15
61,3,50
61,4,164
61,5,308
61,6,359
61,7,373
61,8,366
61,9,362
61,10,375
61,11,376
61,12,374
61,13,382
61,14,375
61,15,380
61,16,372
61,17,373
61,18,381
61,19,377
61,20,381
61,21,367
61,22,381
61,23,365
61,24,374
61,25,382
61,26,383
61,27,372
61,28,386
61,29,381
61,30,382
61,31,373
61,32,367
61,33,387
61,34,378
61,35,385
61,36,377
61,37,375
61,38,380
61,39,378
61,40,375
61,41,375
61,42,380
61,43,392
61,44,384
61,45,383
61,46,361
61,47,372
61,48,393
61,49,369
61,50,383
61,51,386
61,52,362
61,53,375
61,54,374
61,55,367
61,56,366
61,57,378
61,58,371
61,59,370
61,60,376
61,61,372
61,62,372
61,63,363
61,64,376
61,65,385
61,66,373
61,67,370
61,68,368
61,69,372
61,70,379
61,71,359
61,72,378
61,73,375
61,74,373
61,75,381
61,76,370
61,77,379
61,78,380
61,79,378
61,80,381
61,81,364
61,82,372
61,83,374
61,84,366
61,85,376
61,86,380
61,87,373
61,88,376
61,89,369
61,90,371
61,91,389
61,92,369
61,93,367
61,94,365
61,95,364
61,96,387
61,97,370
61,98,368
61,99,384
61,100,367
61,101,368
61,102,373
61,103,380
61,104,377
61,105,380
61,106,368
61,107,375
61,108,369
61,109,370
61,110,387
61,111,357
61,112,377
61,113,372
61,114,361
61,115,381
61,116,384
61,117,371
61,118,375
61,119,373
61,120,367
61,121,378
61,122,378
61,123,370
61,124,381
61,125,378
61,126,375
61,127,385
61,128,370
61,129,371
61,130,383
61,131,378
61,132,369
61,133,373
61,134,371
61,135,380
61,136,371
61,137,371
61,138,364
61,139,363
61,140,382
61,141,366
61,142,362
61,143,375
61,144,359
61,145,386
61,146,379
61,147,381
61,148,373
61,149,383
61,150,378
61,151,382
61,152,384
61,153,370
61,154,368
61,155,382
61,156,378
61,157,377
61,158,385
61,159,374
61,160,378
61,161,364
61,162,387
61,163,361
61,164,371
61,165,380
61,166,367
61,167,371
61,168,375
61,169,382
61,170,359
61,171,380
61,172,384
61,173,376
61,174,377
61,175,366
61,176,375
61,177,376
61,178,373
61,179,373
61,180,381
61,181,373
61,182,378
61,183,364
61,184,371
61,185,359
61,186,378
61,187,378
61,188,371
61,189,373
61,190,376
61,191,367
61,192,382
61,193,386
61,194,372
61,195,363
61,196,364
61,197,374
61,198,388
61,199,387
61,200,373
62,1,5
62,2,19
62,3,76
62,4,204
62,5,338
62,6,361
62,7,375
62,8,374
62,9,385
62,10,367
62,11,380
62,12,375
62,13,360
62,14,373
62,15,373
62,16,365
62,17,378
62,18,361
62,19,390
62,20,387
62,21,379
62,22,354
62,23,361
62,24,378
62,25,378
62,26,372
62,27,382
62,28,389
62,29,389
62,30,380
62,31,382
62,32,391
62,33,380
62,34,377
62,35,388
62,36,373
62,37,368
62,38,374
62,39,382
62,40,380
62,41,374
62,42,372
62,43,376
62,44,376
62,45,361
62,46,376
62,47,361
62,48,375
62,49,366
62,50,386
62,51,372
62,52,369
62,53,367
62,54,377
62,55,387
62,56,366
62,57,374
62,58,375
62,59,377
62,60,391
62,61,366
62,62,370
62,63,369
62,64,371
62,65,363
62,66,375
62,67,368
62,68,379
62,69,378
62,70,374
62,71,382
62,72,375
62,73,366
62,74,378
62,75,388
62,76,374
62,77,367
62,78,374
62,79,372
62,80,381
62,81,371
62,82,387
62,83,382
62,84,375
62,85,374
62,86,362
62,87,389
62,88,368
62,89,361
62,90,375
62,91,375
62,92,371
62,93,371
62,94,368
62,95,376
62,96,372
62,97,360
62,98,373
62,99,390
62,100,377
62,101,382
62,102,368
62,103,359
62,104,362
62,105,383
62,106,386
62,107,372
62,108,361
62,109,385
62,110,373
62,111,371
62,112,380
62,113,367
62,114,363
62,115,372
62,116,369
62,117,363
62,118,374
62,119,362
62,120,378
62,121,359
62,122,378
62,123,366
62,124,379
62,125,383
62,126,382
62,127,371
62,128,372
62,129,376
62,130,365
62,131,366
62,132,381
62,133,381
62,134,375
62,135,372
62,136,368
62,137,373
62,138,377
62,139,375
62,140,379
62,141,382
62,142,377
62,143,350
62,144,369
62,145,379
62,146,374
62,147,371
62,148,382
62,149,369
62,150,373
62,151,388
62,152,385
62,153,383
62,154,367
62,155,366
62,156,379
62,157,370
62,158,377
62,159,386
62,160,381
62,161,369
62,162,367
62,163,367
62,164,383
62,165,377
62,166,379
62,167,377
62,168,369
62,169,379
62,170,384
62,171,374
62,172,373
62,173,386
62,174,382
62,175,378
62,176,370
62,177,361
62,178,355
62,179,374
62,180,389
62,181,368
62,182,379
62,183,379
62,184,373
62,185,369
62,186,388
62,187,395
62,188,383
62,189,370
62,190,374
62,191,375
62,192,380
62,193,389
62,194,357
62,195,382
62,196,376
62,197,360
62,198,363
62,199,376
62,200,372
63,1,9
63,2,39
63,3,122
63,4,285
63,5,372
63,6,376
63,7,379
63,8,384
63,9,362
63,10,368
63,11,374
63,12,378
63,13,375
63,14,369
63,15,371
63,16,379
63,17,362
63,18,366
63,19,382
63,20,366
63,21,378
63,22,375
63,23,366
63,24,370
63,25,383
63,26,369
63,27,359
63,28,367
63,29,380
63,30,373
63,31,369
63,32,389
63,33,371
63,34,386
63,35,367
63,36,366
63,37,376
63,38,377
63,39,376
63,40,381
63,41,369
63,42,390
63,43,374
63,44,370
63,45,383
63,46,376
63,47,381
63,48,389
63,49,390
63,50,390
63,51,378
63,52,385
63,53,387
63,54,364
63,55,386
63,56,386
63,57,385
63,58,385
63,59,381
63,60,372
63,61,373
63,62,380
63,63,379
63,64,379
63,65,370
63,66,369
63,67,356
63,68,376
63,69,368
63,70,364
63,71,372
63,72,376
63,73,368
63,74,376
63,75,367
63,76,370
63,77,378
63,78,376
63,79,389
63,80,381
63,81,365
63,82,370
63,83,361
63,84,367
63,85,364
63,86,379
63,87,373
63,88,362
63,89,370
63,90,371
63,91,370
63,92,366
63,93,382
63,94,372
63,95,364
63,96,381
63,97,384
63,98,374
63,99,368
63,100,383
63,101,371
63,102,382
63,103,372
63,104,369
63,105,373
63,106,373
63,107,366
63,108,368
63,109,364
63,110,383
63,111,378
63,112,379
63,113,374
63,114,372
63,115,372
63,116,376
63,117,383
63,118,381
63,119,370
63,120,372
63,121,372
63,122,368
63,123,383
63,124,375
63,125,360
63,126,379
63,127,365
63,128,369
63,129,375
63,130,374
63,131,377
63,132,365
63,133,354
63,134,364
63,135,365
63,136,384
63,137,382
63,138,380
63,139,365
63,140,356
63,141,371
63,142,369
63,143,375
63,144,374
63,145,369
63,146,376
63,147,371
63,148,374
63,149,368
63,150,368
63,151,373
63,152,387
63,153,369
63,154,359
63,155,370
63,156,367
63,157,375
63,158,361
63,159,365
63,160,381
63,161,368
63,162,364
63,163,369
63,164,382
63,165,367
63,166,386
63,167,387
63,168,378
63,169,374
63,170,379
63,171,382
63,172,377
63,173,367
63,174,375
63,175,374
63,176,373
63,177,369
63,178,376
63,179,368
63,180,382
63,181,371
63,182,374
63,183,378
63,184,378
63,185,383
63,186,386
63,187,375
63,188,364
63,189,371
63,190,372
63,191,380
63,192,377
63,193,366
63,194,373
63,195,369
63,196,381
63,197,375
63,198,385
63,199,351
63,200,394
64,1,4
64,2,21
64,3,92
64,4,236
64,5,344
64,6,365
64,7,380
64,8,374
64,9,375
64,10,388
64,11,382
64,12,365
64,13,384
64,14,377
64,15,368
64,16,375
64,17,376
64,18,376
64,19,378
64,20,361
64,21,385
64,22,383
64,23,381
64,24,364
64,25,387
64,26,376
64,27,372
64,28,365
64,29,373
64,30,373
64,31,360
64,32,373
64,33,372
64,34,367
64,35,370
64,36,368
64,37,376
64,38,372
64,39,374
64,40,374
64,41,373
64,42,367
64,43,370
64,44,374
64,45,388
64,46,374
64,47,381
64,48,375
64,49,384
64,50,381
64,51,376
64,52,382
64,53,359
64,54,382
64,55,389
64,56,378
64,57,377
64,58,368
64,59,368
64,60,379
64,61,400
64,62,362
64,63,374
64,64,371
64,65,368
64,66,376
64,67,379
64,68,391
64,69,372
64,70,384
64,71,377
64,72,364
64,73,373
64,74,365
64,75,366
64,76,378
64,77,375
64,78,371
64,79,367
64,80,394
64,81,367
64,82,382
64,83,374
64,84,377
64,85,381
64,86,370
64,87,387
64,88,380
64,89,379
64,90,392
64,91,377
64,92,368
64,93,362
64,94,378
64,95,376
64,96,390
64,97,376
64,98,369
64,99,378
64,100,371
64,101,382
64,102,375
64,103,378
64,104,379
64,105,387
64,106,377
64,107,375
64,108,369
64,109,370
64,110,373
64,111,381
64,112,382
64,113,368
64,114,357
64,115,375
64,116,368
64,117,375
64,118,363
64,119,374
64,120,374
64,121,374
64,122,376
64,123,369
64,124,383
64,125,359
64,126,375
64,127,360
64,128,371
64,129,365
64,130,365
64,131,374
64,132,373
64,133,373
64,134,377
64,135,368
64,136,376
64,137,361
64,138,377
64,139,378
64,140,383
64,141,378
64,142,376
64,143,367
64,144,379
64,145,371
64,146,373
64,147,365
64,148,379
64,149,372
64,150,371
64,151,363
64,152,380
64,153,387
64,154,360
64,155,381
64,156,379
64,157,377
64,158,369
64,159,362
64,160,370
64,161,377
64,162,363
64,163,358
64,164,375
64,165,377
64,166,383
64,167,361
64,168,390
64,169,377
64,170,370
64,171,378
64,172,373
64,173,368
64,174,379
64,175,369
64,176,373
64,177,373
64,178,381
64,179,380
64,180,382
64,181,386
64,182,377
64,183,357
64,184,375
64,185,364
64,186,371
64,187,382
64,188,375
64,189,364
64,190,378
64,191,365
64,192,360
64,193,386
64,194,387
64,195,381
64,196,364
64,197,367
64,198,370
64,199,372
64,200,377
65,1,1
65,2,3
65,3,13
65,4,58
65,5,171
65,6,340
65,7,369
65,8,358
65,9,365
65,10,377
65,11,378
65,12,364
65,13,384
65,14,377
65,15,372
65,16,373
65,17,377
65,18,363
65,19,365
65,20,380
65,21,371
65,22,385
65,23,372
65,24,388
65,25,378
65,26,368
65,27,371
65,28,366
65,29,375
65,30,373
65,31,377
65,32,371
65,33,378
65,34,380
65,35,387
65,36,373
65,37,375
65,38,352
65,39,370
65,40,382
65,41,368
65,42,366
65,43,367
65,44,373
65,45,387
65,46,373
65,47,367
65,48,377
65,49,361
65,50,371
65,51,381
65,52,380
65,53,382
65,54,380
65,55,353
65,56,376
65,57,374
65,58,371
65,59,379
65,60,374
65,61,374
65,62,386
65,63,375
65,64,365
65,65,365
65,66,362
65,67,368
65,68,371
65,69,375
65,70,366
65,71,380
65,72,371
65,73,366
65,74,364
65,75,380
65,76,382
65,77,370
65,78,364
65,79,381
65,80,384
65,81,372
65,82,377
65,83,370
65,84,356
65,85,368
65,86,374
65,87,375
65,88,371
65,89,376
65,90,366
65,91,382
65,92,365
65,93,381
65,94,385
65,95,381
65,96,379
65,97,385
65,98,360
65,99,377
65,100,385
65,101,377
65,102,378
65,103,380
65,104,382
65,105,368
65,106,378
65,107,379
65,108,370
65,109,361
65,110,374
65,111,379
65,112,382
65,113,383
65,114,385
65,115,377
65,116,375
65,117,368
65,118,389
65,119,369
65,120,386
65,121,367
65,122,373
65,123,371
65,124,376
65,125,369
65,126,370
65,127,368
65,128,376
65,129,374
65,130,375
65,131,371
65,132,356
65,133,379
65,134,377
65,135,353
65,136,380
65,137,388
65,138,379
65,139,375
65,140,379
65,141,382
65,142,376
65,143,370
65,144,372
65,145,371
65,146,373
65,147,365
65,148,371
65,149,380
65,150,382
65,151,378
65,152,373
65,153,374
65,154,385
65,155,372
65,156,369
65,157,378
65,158,367
65,159,383
65,160,373
65,161,367
65,162,371
65,163,366
65,164,356
65,165,367
65,166,383
65,167,364
65,168,371
65,169,383
65,170,367
65,171,374
65,172,365
65,173,383
65,174,356
65,175,377
65,176,368
65,177,378
65,178,376
65,179,377
65,180,382
65,181,357
65,182,373
65,183,372
65,184,375
65,185,381
65,186,361
65,187,379
65,188,379
65,189,380
65,190,359
65,191,370
65,192,383
65,193,378
65,194,361
65,195,377
65,196,381
65,197,361
65,198,360
65,199,382
65,200,368
66,1,6
66,2,21
66,3,70
66,4,213
66,5,346
66,6,375
66,7,383
66,8,374
66,9,376
66,10,375
66,11,368
66,12,367
66,13,368
66,14,369
66,15,375
66,16,371
66,17,370
66,18,371
66,19,383
66,20,385
66,21,373
66,22,381
66,23,386
66,24,379
66,25,377
66,26,383
66,27,384
66,28,385
66,29,385
66,30,374
66,31,378
66,32,379
66,33,381
66,34,392
66,35,373
66,36,379
66,37,386
66,38,377
66,39,377
66,40,384
66,41,375
66,42,384
66,43,373
66,44,366
66,45,363
66,46,381
66,47,374
66,48,373
66,49,358
66,50,371
66,51,371
66,52,374
66,53,383
66,54,366
66,55,380
66,56,359
66,57,373
66,58,362
66,59,365
66,60,361
66,61,371
66,62,373
66,63,389
66,64,388
66,65,368
66,66,366
66,67,374
66,68,364
66,69,381
66,70,366
66,71,370
66,72,368
66,73,371
66,74,383
66,75,364
66,76,369
66,77,387
66,78,372
66,79,383
66,80,378
66,81,371
66,82,385
66,83,396
66,84,373
66,85,377
66,86,376
66,87,374
66,88,384
66,89,383
66,90,377
66,91,383
66,92,385
66,93,362
66,94,370
66,95,381
66,96,376
66,97,367
66,98,370
66,99,373
66,100,373
66,101,363
66,102,365
66,103,379
66,104,367
66,105,362
66,106,371
66,107,387
66,108,373
66,109,376
66,110,382
66,111,381
66,112,363
66,113,369
66,114,369
66,115,376
66,116,388
66,117,393
66,118,375
66,119,366
66,120,366
66,121,365
66,122,358
66,123,371
66,124,382
66,125,383
66,126,371
66,127,383
66,128,372
66,129,380
66,130,378
66,131,365
66,132,368
66,133,384
66,134,372
66,135,383
66,136,368
66,137,380
66,138,374
66,139,380
66,140,365
66,141,381
66,142,385
66,143,373
66,144,374
66,145,369
66,146,382
66,147,383
66,148,379
66,149,374
66,150,373
66,151,380
66,152,367
66,153,391
66,154,382
66,155,367
66,156,375
66,157,372
66,158,375
66,159,383
66,160,366
66,161,372
66,162,373
66,163,381
66,164,369
66,165,374
66,166,379
66,167,370
66,168,383
66,169,380
66,170,373
66,171,379
66,172,391
66,173,374
66,174,386
66,175,377
66,176,370
66,177,360
66,178,385
66,179,378
66,180,379
66,181,376
66,182,370
66,183,379
66,184,366
66,185,365
66,186,375
66,187,391
66,188,378
66,189,368
66,190,376
66,191,384
66,192,383
66,193,379
66,194,378
66,195,380
66,196,386
66,197,371
66,198,387
66,199,379
66,200,369
67,1,4
67,2,10
67,3,32
67,4,100
67,5,243
67,6,339
67,7,363
67,8,365
67,9,358
67,10,379
67,11,375
67,12,368
67,13,370
67,14,387
67,15,379
67,16,373
67,17,387
67,18,372
67,19,374
67,20,376
67,21,374
67,22,371
67,23,374
67,24,377
67,25,366
67,26,364
67,27,372
67,28,374
67,29,392
67,30,380
67,31,371
67,32,371
67,33,393
67,34,377
67,35,364
67,36,370
67,37,382
67,38,378
67,39,369
67,40,372
67,41,364
67,42,373
67,43,367
67,44,385
67,45,370
67,46,366
67,47,382
67,48,370
67,49,368
67,50,368
67,51,375
67,52,371
67,53,358
67,54,365
67,55,373
67,56,374
67,57,380
67,58,365
67,59,371
67,60,371
67,61,371
67,62,368
67,63,382
67,64,379
67,65,377
67,66,392
67,67,366
67,68,382
67,69,373
67,70,375
67,71,375
67,72,376
67,73,366
67,74,380
67,75,374
67,76,369
67,77,377
67,78,378
67,79,360
67,80,375
67,81,373
67,82,384
67,83,377
67,84,383
67,85,371
67,86,372
67,87,371
67,88,375
67,89,364
67,90,367
67,91,371
67,92,363
67,93,377
67,94,367
67,95,373
67,96,377
67,97,366
67,98,369
67,99,376
67,100,360
67,101,369
67,102,378
67,103,374
67,104,366
67,105,368
67,106,382
67,107,372
67,108,378
67,109,374
67,110,369
67,111,372
67,112,376
67,113,375
67,114,373
67,115,365
67,116,370
67,117,371
67,118,380
67,119,376
67,120,369
67,121,369
67,122,383
67,123,378
67,124,366
67,125,373
67,126,369
67,127,376
67,128,370
67,129,376
67,130,380
67,131,368
67,132,385
67,133,379
67,134,365
67,135,377
67,136,380
67,137,371
67,138,380
67,139,378
67,140,378
67,141,379
67,142,367
67,143,381
67,144,380
67,145,369
67,146,366
67,147,373
67,148,384
67,149,372
67,150,364
67,151,375
67,152,365
67,153,382
67,154,369
67,155,367
67,156,371
67,157,376
67,158,394
67,159,389
67,160,365
67,161,379
67,162,369
67,163,370
67,164,373
67,165,380
67,166,385
67,167,389
67,168,380
67,169,374
67,170,374
67,171,374
67,172,374
67,173,369
67,174,367
67,175,378
67,176,361
67,177,372
67,178,373
67,179,370
67,180,354
67,181,380
67,182,365
67,183,390
67,184,358
67,185,384
67,186,381
67,187,390
67,188,370
67,189,380
67,190,368
67,191,369
67,192,354
67,193,371
67,194,369
67,195,379
67,196,378
67,197,373
67,198,379
67,199,375
67,200,380
68,1,4
68,2,8
68,3,34
68,4,126
68,5,303
68,6,362
68,7,372
68,8,373
68,9,393
68,10,377
68,11,384
68,12,385
68,13,377
68,14,376
68,15,381
68,16,370
68,17,375
68,18,380
68,19,367
68,20,370
68,21,382
68,22,379
68,23,379
68,24,385
68,25,379
68,26,374
68,27,377
68,28,405
68,29,382
68,30,378
68,31,372
68,32,381
68,33,383
68,34,376
68,35,389
68,36,376
68,37,372
68,38,371
68,39,385
68,40,372
68,41,387
68,42,365
68,43,382
68,44,375
68,45,367
68,46,379
68,47,369
68,48,375
68,49,371
68,50,384
68,51,381
68,52,359
68,53,388
68,54,371
68,55,380
68,56,382
68,57,386
68,58,372
68,59,385
68,60,384
68,61,379
68,62,371
68,63,376
68,64,381
68,65,369
68,66,382
68,67,378
68,68,382
68,69,377
68,70,383
68,71,367
68,72,359
68,73,380
68,74,374
68,75,379
68,76,366
68,77,369
68,78,376
68,79,372
68,80,376
68,81,377
68,82,378
68,83,365
68,84,383
68,85,374
68,86,382
68,87,380
68,88,371
68,89,374
68,90,374
68,91,381
68,92,381
68,93,376
68,94,377
68,95,385
68,96,374
68,97,379
68,98,385
68,99,367
68,100,378
68,101,380
68,102,374
68,103,376
68,104,377
68,105,377
68,106,373
68,107,373
68,108,369
68,109,371
68,110,385
68,111,366
68,112,366
68,113,375
68,114,357
68,115,389
68,116,367
68,117,366
68,118,371
68,119,382
68,120,382
68,121,377
68,122,379
68,123,378
68,124,367
68,125,373
68,126,381
68,127,382
68,128,387
68,129,387
68,130,378
68,131,373
68,132,384
68,133,383
68,134,382
68,135,362
68,136,388
68,137,375
68,138,374
68,139,376
68,140,372
68,141,373
68,142,372
68,143,374
68,144,384
68,145,377
68,146,364
68,147,376
68,148,377
68,149,362
68,150,379
68,151,380
68,152,371
68,153,371
68,154,367
68,155,357
68,156,367
68,157,376
68,158,377
68,159,363
68,160,373
68,161,380
68,162,372
68,163,371
68,164,382
68,165,384
68,166,371
68,167,376
68,168,372
68,169,369
68,170,373
68,171,371
68,172,366
68,173,372
68,174,377
68,175,363
68,176,364
68,177,368
68,178,367
68,179,377
68,180,382
68,181,358
68,182,366
68,183,379
68,184,374
68,185,390
68,186,373
68,187,378
68,188,373
68,189,378
68,190,384
68,191,359
68,192,379
68,193,376
68,194,374
68,195,377
68,196,364
68,197,375
68,198,371
68,199,378
68,200,372
69,1,6
69,2,27
69,3,94
69,4,246
69,5,358
69,6,370
69,7,387
69,8,374
69,9,378
69,10,381
69,11,366
69,12,379
69,13,367
69,14,361
69,15,362
69,16,370
69,17,378
69,18,375
69,19,370
69,20,360
69,21,364
69,22,397
69,23,384
69,24,362
69,25,371
69,26,358
69,27,367
69,28,378
69,29,375
69,30,382
69,31,376
69,32,373
69,33,377
69,34,371
69,35,370
69,36,373
69,37,384
69,38,378
69,39,375
69,40,390
69,41,365
69,42,378
69,43,379
69,44,377
69,45,368
69,46,370
69,47,373
69,48,376
69,49,376
69,50,379
69,51,366
69,52,363
69,53,379
69,54,366
69,55,364
69,56,372
69,57,362
69,58,369
69,59,375
69,60,364
69,61,359
69,62,374
69,63,372
69,64,368
69,65,385
69,66,368
69,67,380
69,68,362
69,69,367
69,70,379
69,71,367
69,72,371
69,73,364
69,74,382
69,75,385
69,76,369
69,77,371
69,78,376
69,79,391
69,80,385
69,81,353
69,82,377
69,83,374
69,84,369
69,85,376
69,86,375
69,87,374
69,88,363
69,89,378
69,90,360
69,91,359
69,92,379
69,93,379
69,94,372
69,95,373
69,96,376
69,97,377
69,98,378
69,99,368
69,100,364
69,101,375
69,102,354
69,103,369
69,104,378
69,105,386
69,106,367
69,107,381
69,108,376
69,109,378
69,110,379
69,111,380
69,112,379
69,113,361
69,114,386
69,115,382
69,116,362
69,117,371
69,118,383
69,119,389
69,120,379
69,121,377
69,122,358
69,123,367
69,124,379
69,125,376
69,126,356
69,127,385
69,128,382
69,129,377
69,130,364
69,131,361
69,132,359
69,133,384
69,134,371
69,135,377
69,136,376
69,137,374
69,138,373
69,139,372
69,140,376
69,141,376
69,142,384
69,143,385
69,144,381
69,145,383
69,146,380
69,147,374
69,148,366
69,149,370
69,150,368
69,151,373
69,152,369
69,153,374
69,154,380
69,155,381
69,156,376
69,157,370
69,158,378
69,159,375
69,160,368
69,161,369
69,162,367
69,163,382
69,164,386
69,165,371
69,166,374
69,167,388
69,168,368
69,169,380
69,170,365
69,171,380
69,172,370
69,173,377
69,174,386
69,175,361
69,176,372
69,177,373
69,178,383
69,179,378
69,180,362
69,181,370
69,182,371
69,183,377
69,184,373
69,185,376
69,186,382
69,187,378
69,188,378
69,189,376
69,190,374
69,191,380
69,192,379
69,193,388
69,194,387
69,195,376
69,196,371
69,197,371
69,198,382
69,199,389
69,200,384
70,1,6
70,2,27
70,3,115
70,4,279
70,5,376
70,6,388
70,7,380
70,8,371
70,9,364
70,10,375
70,11,378
70,12,391
70,13,378
70,14,376
70,15,373
70,16,372
70,17,382
70,18,383
70,19,376
70,20,382
70,21,370
70,22,365
70,23,368
70,24,372
70,25,372
70,26,374
70,27,371
70,28,371
70,29,374
70,30,387
70,31,383
70,32,378
70,33,371
70,34,371
70,35,387
70,36,369
70,37,376
70,38,358
70,39,378
70,40,371
70,41,378
70,42,376
70,43,382
70,44,371
70,45,364
70,46,357
70,47,376
70,48,389
70,49,378
70,50,385
70,51,361
70,52,375
70,53,368
70,54,359
70,55,366
70,56,373
70,57,382
70,58,381
70,59,375
70,60,378
70,61,366
70,62,374
70,63,379
70,64,362
70,65,375
70,66,377
70,67,373
70,68,361
70,69,374
70,70,378
70,71,376
70,72,373
70,73,380
70,74,372
70,75,372
70,76,375
70,77,388
70,78,373
70,79,379
70,80,377
70,81,379
70,82,369
70,83,377
70,84,364
70,85,380
70,86,365
70,87,382
70,88,377
70,89,359
70,90,381
70,91,375
70,92,383
70,93,387
70,94,382
70,95,369
70,96,371
70,97,372
70,98,378
70,99,366
70,100,373
70,101,387
70,102,379
70,103,381
70,104,370
70,105,376
70,106,370
70,107,370
70,108,376
70,109,384
70,110,373
70,111,371
70,112,373
70,113,374
70,114,377
70,115,375
70,116,377
70,117,370
70,118,374
70,119,380
70,120,376
70,121,367
70,122,367
70,123,373
70,124,382
70,125,374
70,126,375
70,127,378
70,128,367
70,129,368
70,130,371
70,131,374
70,132,386
70,133,365
70,134,383
70,135,378
70,136,373
70,137,370
70,138,371
70,139,366
70,140,388
70,141,368
70,142,368
70,143,377
70,144,356
70,145,386
70,146,379
70,147,387
70,148,376
70,149,363
70,150,375
70,151,384
70,152,379
70,153,381
70,154,370
70,155,379
70,156,379
70,157,359
70,158,388
70,159,382
70,160,383
70,161,366
70,162,374
70,163,375
70,164,378
70,165,375
70,166,368
70,167,373
70,168,361
70,169,376
70,170,382
70,171,375
70,172,363
70,173,380
70,174,371
70,175,366
70,176,381
70,177,385
70,178,375
70,179,373
70,180,370
70,181,383
70,182,365
70,183,377
70,184,385
70,185,374
70,186,381
70,187,371
70,188,377
70,189,379
70,190,379
70,191,369
70,192,376
70,193,366
70,194,369
70,195,372
70,196,379
70,197,365
70,198,376
70,199,389
70,200,366
71,1,8
71,2,48
71,3,148
71,4,326
71,5,352
71,6,381
71,7,363
71,8,372
71,9,378
71,10,381
71,11,372
71,12,377
71,13,384
71,14,372
71,15,375
71,16,385
71,17,374
71,18,378
71,19,380
71,20,364
71,21,379
71,22,367
71,23,378
71,24,374
71,25,374
71,26,362
71,27,371
71,28,369
71,29,382
71,30,374
71,31,375
71,32,374
71,33,368
71,34,379
71,35,382
71,36,384
71,37,368
71,38,368
71,39,367
71,40,385
71,41,360
71,42,381
71,43,371
71,44,375
71,45,372
71,46,374
71,47,376
71,48,386
71,49,358
71,50,393
71,51,373
71,52,376
71,53,375
71,54,373
71,55,363
71,56,382
71,57,368
71,58,374
71,59,367
71,60,379
71,61,377
71,62,377
71,63,392
71,64,367
71,65,379
71,66,372
71,67,373
71,68,365
71,69,385
71,70,372
71,71,378
71,72,374
71,73,372
71,74,376
71,75,372
71,76,367
71,77,379
71,78,374
71,79,366
71,80,380
71,81,378
71,82,372
71,83,384
71,84,367
71,85,376
71,86,383
71,87,354
71,88,387
71,89,364
71,90,361
71,91,376
71,92,395
71,93,371
71,94,378
71,95,372
71,96,368
71,97,365
71,98,372
71,99,378
71,100,368
71,101,360
71,102,375
71,103,366
71,104,371
71,105,385
71,106,377
71,107,385
71,108,368
71,109,382
71,110,379
71,111,379
71,112,388
71,113,383
71,114,376
71,115,368
71,116,370
71,117,371
71,118,376
71,119,385
71,120,383
71,121,367
71,122,373
71,123,380
71,124,369
71,125,379
71,126,380
71,127,371
71,128,383
71,129,376
71,130,375
71,131,386
71,132,387
71,133,368
71,134,377
71,135,381
71,136,362
71,137,371
71,138,375
71,139,372
71,140,375
71,141,374
71,142,373
71,143,366
71,144,388
71,145,390
71,146,374
71,147,375
71,148,383
71,149,384
71,150,366
71,151,366
71,152,384
71,153,368
71,154,375
71,155,366
71,156,378
71,157,371
71,158,383
71,159,366
71,160,379
71,161,384
71,162,374
71,163,386
71,164,370
71,165,378
71,166,369
71,167,362
71,168,388
71,169,381
71,170,367
71,171,375
71,172,377
71,173,384
71,174,381
71,175,368
71,176,383
71,177,369
71,178,375
71,179,378
71,180,376
71,181,366
71,182,371
71,183,387
71,184,376
71,185,377
71,186,376
71,187,372
71,188,383
71,189,374
71,190,384
71,191,367
71,192,371
71,193,381
71,194,368
71,195,375
71,196,367
71,197,370
71,198,386
71,199,368
71,200,365
72,1,4
72,2,12
72,3,43
72,4,142
72,5,301
72,6,360
72,7,373
72,8,362
72,9,369
72,10,376
72,11,389
72,12,372
72,13,374
72,14,362
72,15,378
72,16,375
72,17,381
72,18,376
72,19,386
72,20,360
72,21,367
72,22,378
72,23,373
72,24,369
72,25,361
72,26,374
72,27,362
72,28,359
72,29,370
72,30,367
72,31,390
72,32,376
72,33,388
72,34,374
72,35,368
72,36,374
72,37,371
72,38,386
72,39,375
72,40,377
72,41,379
72,42,365
72,43,375
72,44,383
72,45,381
72,46,377
72,47,386
72,48,387
72,49,394
72,50,366
72,51,374
72,52,355
72,53,372
72,54,374
72,55,380
72,56,371
72,57,382
72,58,369
72,59,388
72,60,379
72,61,370
72,62,375
72,63,371
72,64,373
72,65,377
72,66,382
72,67,382
72,68,386
72,69,387
72,70,375
72,71,378
72,72,374
72,73,356
72,74,361
72,75,365
72,76,368
72,77,379
72,78,389
72,79,372
72,80,377
72,81,366
72,82,359
72,83,378
72,84,369
72,85,368
72,86,368
72,87,377
72,88,381
72,89,378
72,90,373
72,91,369
72,92,377
72,93,388
72,94,358
72,95,378
72,96,375
72,97,375
72,98,371
72,99,376
72,100,386
72,101,374
72,102,371
72,103,373
72,104,371
72,105,376
72,106,379
72,107,382
72,108,371
72,109,377
72,110,360
72,111,363
72,112,377
72,113,378
72,114,374
72,115,372
72,116,391
72,117,375
72,118,379
72,119,374
72,120,377
72,121,363
72,122,377
72,123,372
72,124,384
72,125,377
72,126,376
72,127,362
72,128,382
72,129,379
72,130,377
72,131,380
72,132,365
72,133,378
72,134,394
72,135,376
72,136,372
72,137,366
72,138,369
72,139,390
72,140,369
72,141,368
72,142,378
72,143,365
72,144,379
72,145,380
72,146,373
72,147,366
72,148,380
72,149,376
72,150,378
72,151,368
72,152,378
72,153,366
72,154,379
72,155,381
72,156,371
72,157,377
72,158,379
72,159,362
72,160,364
72,161,371
72,162,383
72,163,378
72,164,378
72,165,366
72,166,374
72,167,365
72,168,375
72,169,376
72,170,369
72,171,377
72,172,380
72,173,383
72,174,364
72,175,373
72,176,367
72,177,375
72,178,378
72,179,367
72,180,368
72,181,365
72,182,366
72,183,363
72,184,367
72,185,365
72,186,371
72,187,367
72,188,372
72,189,381
72,190,373
72,191,365
72,192,374
72,193,351
72,194,367
72,195,390
72,196,377
72,197,367
72,198,381
72,199,357
72,200,370
73,1,5
73,2,31
73,3,125
73,4,293
73,5,369
73,6,370
73,7,373
73,8,381
73,9,361
73,10,381
73,11,383
73,12,375
73,13,378
73,14,375
73,15,368
73,16,363
73,17,372
73,18,366
73,19,369
73,20,366
73,21,386
73,22,368
73,23,376
73,24,384
73,25,386
73,26,384
73,27,379
73,28,375
73,29,377
73,30,366
73,31,372
73,32,372
73,33,378
73,34,383
73,35,366
73,36,368
73,37,365
73,38,380
73,39,370
73,40,397
73,41,366
73,42,382
73,43,383
73,44,376
73,45,385
73,46,381
73,47,370
73,48,365
73,49,382
73,50,385
73,51,380
73,52,371
73,53,365
73,54,379
73,55,372
73,56,361
73,57,376
73,58,368
73,59,375
73,60,364
73,61,388
73,62,369
73,63,369
73,64,367
73,65,373
73,66,382
73,67,373
73,68,380
73,69,373
73,70,366
73,71,377
73,72,374
73,73,373
73,74,385
73,75,362
73,76,374
73,77,379
73,78,377
73,79,380
73,80,386
73,81,375
73,82,373
73,83,370
73,84,361
73,85,370
73,86,374
73,87,377
73,88,368
73,89,367
73,90,370
73,91,380
73,92,363
73,93,371
73,94,366
73,95,387
73,96,380
73,97,353
73,98,369
73,99,373
73,100,377
73,101,385
73,102,373
73,103,359
73,104,378
73,105,380
73,106,369
73,107,382
73,108,366
73,109,387
73,110,381
73,111,373
73,112,365
73,113,376
73,114,371
73,115,367
73,116,365
73,117,364
73,118,366
73,119,386
73,120,366
73,121,368
73,122,367
73,123,372
73,124,369
73,125,367
73,126,375
73,127,359
73,128,367
73,129,383
73,130,368
73,131,372
73,132,379
73,133,374
73,134,370
73,135,376
73,136,385
73,137,369
73,138,379
73,139,367
73,140,363
73,141,375
73,142,373
73,143,367
73,144,368
73,145,386
73,146,365
73,147,373
73,148,368
73,149,370
73,150,368
73,151,366
73,152,379
73,153,371
73,154,374
73,155,373
73,156,363
73,157,376
73,158,379
73,159,376
73,160,382
73,161,386
73,162,384
73,163,371
73,164,366
73,165,382
73,166,372
73,167,364
73,168,385
73,169,368
73,170,375
73,171,386
73,172,363
73,173,371
73,174,356
73,175,373
73,176,375
73,177,373
73,178,375
73,179,389
73,180,385
73,181,379
73,182,374
73,183,367
73,184,370
73,185,374
73,186,370
73,187,364
73,188,376
73,189,376
73,190,367
73,191,376
73,192,367
73,193,365
73,194,386
73,195,373
73,196,375
73,197,390
73,198,369
73,199,375
73,200,376
74,1,5
74,2,24
74,3,84
74,4,246
74,5,366
74,6,365
74,7,378
74,8,383
74,9,377
74,10,376
74,11,385
74,12,373
74,13,370
74,14,366
74,15,367
74,16,371
74,17,389
74,18,376
74,19,385
74,20,374
74,21,374
74,22,369
74,23,390
74,24,374
74,25,371
74,26,373
74,27,378
74,28,362
74,29,359
74,30,369
74,31,387
74,32,380
74,33,380
74,34,393
74,35,378
74,36,366
74,37,373
74,38,390
74,39,369
74,40,369
74,41,376
74,42,366
74,43,379
74,44,392
74,45,381
74,46,371
74,47,366
74,48,365
74,49,379
74,50,390
74,51,362
74,52,371
74,53,376
74,54,376
74,55,370
74,56,379
74,57,388
74,58,377
74,59,368
74,60,378
74,61,371
74,62,381
74,63,364
74,64,370
74,65,373
74,66,362
74,67,362
74,68,372
74,69,384
74,70,384
74,71,357
74,72,377
74,73,374
74,74,375
74,75,376
74,76,375
74,77,364
74,78,383
74,79,384
74,80,380
74,81,379
74,82,359
74,83,367
74,84,380
74,85,380
74,86,370
74,87,376
74,88,388
74,89,381
74,90,372
74,91,378
74,92,383
74,93,374
74,94,372
74,95,377
74,96,362
74,97,379
74,98,375
74,99,382
74,100,380
74,101,380
74,102,368
74,103,373
74,104,389
74,105,372
74,106,378
74,107,384
74,108,374
74,109,367
74,110,372
74,111,375
74,112,391
74,113,372
74,114,374
74,115,370
74,116,358
74,117,374
74,118,388
74,119,377
74,120,378
74,121,371
74,122,375
74,123,379
74,124,363
74,125,369
74,126,374
74,127,364
74,128,362
74,129,380
74,130,374
74,131,377
74,132,386
74,133,390
74,134,370
74,135,375
74,136,375
74,137,376
74,138,373
74,139,372
74,140,368
74,141,376
74,142,362
74,143,374
74,144,388
74,145,362
74,146,370
74,147,372
74,148,383
74,149,373
74,150,380
74,151,365
74,152,370
74,153,373
74,154,365
74,155,364
74,156,378
74,157,371
74,158,376
74,159,380
74,160,372
74,161,368
74,162,366
74,163,374
74,164,372
74,165,368
74,166,380
74,167,363
74,168,382
74,169,362
74,170,363
74,171,376
74,172,370
74,173,379
74,174,395
74,175,373
74,176,374
74,177,377
74,178,387
74,179,381
74,180,362
74,181,376
74,182,382
74,183,367
74,184,376
74,185,376
74,186,379
74,187,370
74,188,383
74,189,369
74,190,366
74,191,368
74,192,365
74,193,383
74,194,374
74,195,385
74,196,371
74,197,370
74,198,379
74,199,376
74,200,377
75,1,3
75,2,14
75,3,46
75,4,148
75,5,301
75,6,375
75,7,373
75,8,376
75,9,369
75,10,369
75,11,365
75,12,360
75,13,370
75,14,381
75,15,374
75,16,380
75,17,376
75,18,387
75,19,373
75,20,377
75,21,369
75,22,363
75,23,379
75,24,385
75,25,369
75,26,378
75,27,388
75,28,379
75,29,364
75,30,381
75,31,382
75,32,362
75,33,357
75,34,360
75,35,361
75,36,366
75,37,367
75,38,361
75,39,370
75,40,377
75,41,388
75,42,376
75,43,387
75,44,384
75,45,378
75,46,372
75,47,374
75,48,377
75,49,370
75,50,381
75,51,375
75,52,378
75,53,371
75,54,377
75,55,368
75,56,381
75,57,378
75,58,371
75,59,370
75,60,371
75,61,380
75,62,388
75,63,363
75,64,381
75,65,375
75,66,369
75,67,382
75,68,367
75,69,374
75,70,386
75,71,372
75,72,379
75,73,365
75,74,389
75,75,386
75,76,366
75,77,371
75,78,372
75,79,361
75,80,365
75,81,380
75,82,384
75,83,373
75,84,367
75,85,360
75,86,378
75,87,367
75,88,373
75,89,385
75,90,375
75,91,369
75,92,375
75,93,375
75,94,376
75,95,361
75,96,372
75,97,369
75,98,360
75,99,389
75,100,370
75,101,390
75,102,384
75,103,377
75,104,377
75,105,380
75,106,379
75,107,379
75,108,379
75,109,372
75,110,379
75,111,359
75,112,375
75,113,386
75,114,372
75,115,364
75,116,366
75,117,379
75,118,389
75,119,376
75,120,375
75,121,369
75,122,368
75,123,362
75,124,378
75,125,380
75,126,373
75,127,374
75,128,362
75,129,374
75,130,369
75,131,371
75,132,366
75,133,378
75,134,371
75,135,386
75,136,374
75,137,379
75,138,384
75,139,368
75,140,364
75,141,377
75,142,376
75,143,370
75,144,380
75,145,380
75,146,368
75,147,379
75,148,373
75,149,352
75,150,373
75,151,368
75,152,376
75,153,368
75,154,366
75,155,361
75,156,379
75,157,362
75,158,373
75,159,375
75,160,367
75,161,374
75,162,370
75,163,376
75,164,361
75,165,371
75,166,365
75,167,370
75,168,372
75,169,372
75,170,387
75,171,363
75,172,368
75,173,375
75,174,368
75,175,382
75,176,378
75,177,367
75,178,370
75,179,379
75,180,371
75,181,380
75,182,381
75,183,372
75,184,383
75,185,390
75,186,381
75,187,368
75,188,371
75,189,380
75,190,374
75,191,383
75,192,382
75,193,373
75,194,383
75,195,373
75,196,369
75,197,375
75,198,383
75,199,381
75,200,363
76,1,5
76,2,25
76,3,110
76,4,288
76,5,364
76,6,372
76,7,369
76,8,374
76,9,380
76,10,387
76,11,380
76,12,371
76,13,364
76,14,362
76,15,379
76,16,381
76,17,381
76,18,374
76,19,362
76,20,371
76,21,375
76,22,377
76,23,360
76,24,369
76,25,390
76,26,384
76,27,382
76,28,374
76,29,367
76,30,376
76,31,379
76,32,377
76,33,374
76,34,379
76,35,373
76,36,372
76,37,375
76,38,379
76,39,372
76,40,365
76,41,364
76,42,366
76,43,376
76,44,380
76,45,378
76,46,386
76,47,385
76,48,392
76,49,367
76,50,379
76,51,389
76,52,372
76,53,367
76,54,377
76,55,394
76,56,386
76,57,379
76,58,372
76,59,387
76,60,371
76,61,375
76,62,386
76,63,373
76,64,368
76,65,374
76,66,374
76,67,374
76,68,377
76,69,382
76,70,366
76,71,369
76,72,367
76,73,382
76,74,377
76,75,369
76,76,381
76,77,378
76,78,366
76,79,382
76,80,364
76,81,377
76,82,373
76,83,370
76,84,354
76,85,376
76,86,385
76,87,379
76,88,354
76,89,375
76,90,390
76,91,382
76,92,372
76,93,380
76,94,373
76,95,373
76,96,367
76,97,371
76,98,367
76,99,362
76,100,381
76,101,379
76,102,367
76,103,373
76,104,371
76,105,383
76,106,363
76,107,371
76,108,378
76,109,381
76,110,386
76,111,374
76,112,365
76,113,384
76,114,379
76,115,378
76,116,375
76,117,359
76,118,379
76,119,362
76,120,372
76,121,372
76,122,363
76,123,381
76,124,377
76,125,381
76,126,376
76,127,365
76,128,376
76,129,381
76,130,377
76,131,381
76,132,375
76,133,374
76,134,364
76,135,378
76,136,367
76,137,373
76,138,375
76,139,377
76,140,366
76,141,372
76,142,363
76,143,378
76,144,375
76,145,374
76,146,382
76,147,378
76,148,376
76,149,371
76,150,381
76,151,384
76,152,360
76,153,367
76,154,372
76,155,387
76,156,379
76,157,372
76,158,374
76,159,374
76,160,381
76,161,374
76,162,371
76,163,375
76,164,383
76,165,371
76,166,379
76,167,378
76,168,386
76,169,382
76,170,377
76,171,376
76,172,358
76,173,362
76,174,374
76,175,367
76,176,364
76,177,375
76,178,381
76,179,390
76,180,371
76,181,381
76,182,385
76,183,364
76,184,387
76,185,355
76,186,368
76,187,357
76,188,380
76,189,379
76,190,380
76,191,379
76,192,363
76,193,364
76,194,359
76,195,373
76,196,372
76,197,365
76,198,383
76,199,358
76,200,372
77,1,5
77,2,24
77,3,92
77,4,252
77,5,355
77,6,369
77,7,381
77,8,380
77,9,372
77,10,378
77,11,368
77,12,390
77,13,377
77,14,386
77,15,382
77,16,383
77,17,383
77,18,375
77,19,374
77,20,377
77,21,364
77,22,387
77,23,367
77,24,365
77,25,378
77,26,369
77,27,378
77,28,368
77,29,371
77,30,372
77,31,384
77,32,388
77,33,389
77,34,363
77,35,371
77,36,371
77,37,366
77,38,377
77,39,387
77,40,377
77,41,375
77,42,377
77,43,375
77,44,386
77,45,364
77,46,364
77,47,368
77,48,373
77,49,366
77,50,359
77,51,376
77,52,369
77,53,363
77,54,377
77,55,373
77,56,365
77,57,368
77,58,366
77,59,371
77,60,373
77,61,382
77,62,379
77,63,376
77,64,373
77,65,368
77,66,364
77,67,380
77,68,376
77,69,370
77,70,377
77,71,383
77,72,391
77,73,373
77,74,371
77,75,371
77,76,374
77,77,385
77,78,370
77,79,373
77,80,377
77,81,355
77,82,373
77,83,370
77,84,380
77,85,373
77,86,365
77,87,362
77,88,377
77,89,364
77,90,378
77,91,373
77,92,382
77,93,380
77,94,376
77,95,379
77,96,376
77,97,378
77,98,366
77,99,368
77,100,367
77,101,380
77,102,377
77,103,392
77,104,381
77,105,374
77,106,365
77,107,376
77,108,363
77,109,364
77,110,384
77,111,371
77,112,382
77,113,383
77,114,385
77,115,374
77,116,376
77,117,370
77,118,366
77,119,385
77,120,369
77,121,381
77,122,366
77,123,364
77,124,370
77,125,374
77,126,376
77,127,379
77,128,367
77,129,367
77,130,382
77,131,379
77,132,361
77,133,358
77,134,363
77,135,372
77,136,370
77,137,363
77,138,362
77,139,380
77,140,370
77,141,368
77,142,362
77,143,372
77,144,375
77,145,377
77,146,382
77,147,360
77,148,380
77,149,382
77,150,375
77,151,377
77,152,369
77,153,382
77,154,367
77,155,379
77,156,372
77,157,364
77,158,369
77,159,368
77,160,374
77,161,365
77,162,374
77,163,368
77,164,367
77,165,378
77,166,365
77,167,372
77,168,387
77,169,371
77,170,379
77,171,369
77,172,383
77,173,375
77,174,371
77,175,382
77,176,375
77,177,378
77,178,376
77,179,364
77,180,373
77,181,376
77,182,388
77,183,363
77,184,367
77,185,388
77,186,367
77,187,370
77,188,374
77,189,385
77,190,371
77,191,356
77,192,371
77,193,365
77,194,379
77,195,368
77,196,378
77,197,373
77,198,377
77,199,370
77,200,367
78,1,6
78,2,24
78,3,84
78,4,223
78,5,354
78,6,368
78,7,379
78,8,372
78,9,377
78,10,365
78,11,366
78,12,386
78,13,378
78,14,378
78,15,371
78,16,375
78,17,369
78,18,372
78,19,369
78,20,377
78,21,377
78,22,364
78,23,376
78,24,376
78,25,375
78,26,376
78,27,382
78,28,377
78,29,361
78,30,391
78,31,370
78,32,370
78,33,372
78,34,380
78,35,370
78,36,373
78,37,368
78,38,379
78,39,385
78,40,386
78,41,376
78,42,376
78,43,369
78,44,370
78,45,365
78,46,362
78,47,379
78,48,377
78,49,380
78,50,387
78,51,372
78,52,381
78,53,380
78,54,373
78,55,379
78,56,367
78,57,359
78,58,364
78,59,375
78,60,378
78,61,374
78,62,396
78,63,375
78,64,370
78,65,380
78,66,388
78,67,382
78,68,369
78,69,386
78,70,377
78,71,382
78,72,365
78,73,370
78,74,378
78,75,363
78,76,377
78,77,378
78,78,379
78,79,371
78,80,390
78,81,382
78,82,382
78,83,372
78,84,377
78,85,388
78,86,374
78,87,383
78,88,364
78,89,375
78,90,367
78,91,361
78,92,385
78,93,373
78,94,375
78,95,388
78,96,366
78,97,372
78,98,379
78,99,385
78,100,370
78,101,371
78,102,375
78,103,392
78,104,378
78,105,381
78,106,375
78,107,366
78,108,390
78,109,379
78,110,379
78,111,371
78,112,370
78,113,386
78,114,362
78,115,372
78,116,357
78,117,368
78,118,375
78,119,370
78,120,362
78,121,377
78,122,388
78,123,376
78,124,380
78,125,372
78,126,396
78,127,373
78,128,384
78,129,366
78,130,366
78,131,372
78,132,376
78,133,385
78,134,389
78,135,386
78,136,380
78,137,386
78,138,360
78,139,380
78,140,378
78,141,387
78,142,372
78,143,354
78,144,384
78,145,380
78,146,354
78,147,381
78,148,371
78,149,367
78,150,369
78,151,362
78,152,394
78,153,376
78,154,379
78,155,368
78,156,368
78,157,378
78,158,361
78,159,375
78,160,377
78,161,383
78,162,370
78,163,374
78,164,379
78,165,379
78,166,377
78,167,376
78,168,374
78,169,385
78,170,377
78,171,396
78,172,372
78,173,367
78,174,381
78,175,366
78,176,369
78,177,383
78,178,376
78,179,377
78,180,386
78,181,371
78,182,366
78,183,366
78,184,374
78,185,373
78,186,370
78,187,382
78,188,385
78,189,361
78,190,384
78,191,386
78,192,377
78,193,377
78,194,376
78,195,370
78,196,372
78,197,365
78,198,368
78,199,375
78,200,382
79,1,4
79,2,17
79,3,65
79,4,198
79,5,339
79,6,372
79,7,364
79,8,363
79,9,368
79,10,365
79,11,364
79,12,363
79,13,365
79,14,364
79,15,371
79,16,379
79,17,383
79,18,377
79,19,380
79,20,381
79,21,394
79,22,387
79,23,390
79,24,374
79,25,384
79,26,394
79,27,389
79,28,382
79,29,381
79,30,360
79,31,376
79,32,379
79,33,370
79,34,374
79,35,372
79,36,371
79,37,375
79,38,366
79,39,375
79,40,388
79,41,375
79,42,377
79,43,378
79,44,388
79,45,363
79,46,382
79,47,374
79,48,377
79,49,383
79,50,387
79,51,385
79,52,384
79,53,362
79,54,369
79,55,375
79,56,372
79,57,372
79,58,374
79,59,369
79,60,377
79,61,376
79,62,373
79,63,370
79,64,378
79,65,377
79,66,377
79,67,385
79,68,389
79,69,362
79,70,374
79,71,363
79,72,363
79,73,375
79,74,377
79,75,380
79,76,368
79,77,375
79,78,370
79,79,366
79,80,365
79,81,362
79,82,370
79,83,367
79,84,371
79,85,380
79,86,377
79,87,384
79,88,378
79,89,374
79,90,371
79,91,373
79,92,376
79,93,376
79,94,374
79,95,381
79,96,381
79,97,387
79,98,377
79,99,363
79,100,382
79,101,378
79,102,381
79,103,382
79,104,372
79,105,378
79,106,364
79,107,357
79,108,378
79,109,378
79,110,376
79,111,355
79,112,378
79,113,375
79,114,373
79,115,376
79,116,374
79,117,390
79,118,383
79,119,377
79,120,371
79,121,371
79,122,372
79,123,385
79,124,369
79,125,368
79,126,369
79,127,374
79,128,395
79,129,366
79,130,376
79,131,373
79,132,371
79,133,381
79,134,368
79,135,386
79,136,382
79,137,365
79,138,377
79,139,372
79,140,371
79,141,364
79,142,387
79,143,379
79,144,381
79,145,384
79,146,374
79,147,375
79,148,375
79,149,361
79,150,382
79,151,373
79,152,379
79,153,379
79,154,373
79,155,374
79,156,383
79,157,371
79,158,381
79,159,386
79,160,373
79,161,370
79,162,373
79,163,381
79,164,381
79,165,373
79,166,382
79,167,380
79,168,375
79,169,368
79,170,367
79,171,373
79,172,367
79,173,374
79,174,379
79,175,365
79,176,379
79,177,384
79,178,374
79,179,374
79,180,375
79,181,383
79,182,371
79,183,367
79,184,379
79,185,371
79,186,360
79,187,370
79,188,373
79,189,385
79,190,359
79,191,375
79,192,376
79,193,381
79,194,384
79,195,365
79,196,384
79,197,364
79,198,373
79,199,375
79,200,393
80,1,7
80,2,24
80,3,90
80,4,234
80,5,356
80,6,376
80,7,376
80,8,377
80,9,389
80,10,365
80,11,353
80,12,354
80,13,357
80,14,384
80,15,370
80,16,381
80,17,371
80,18,370
80,19,376
80,20,380
80,21,371
80,22,385
80,23,371
80,24,377
80,25,365
80,26,379
80,27,379
80,28,358
80,29,389
80,30,381
80,31,360
80,32,369
80,33,378
80,34,363
80,35,372
80,36,367
80,37,380
80,38,380
80,39,384
80,40,377
80,41,383
80,42,377
80,43,370
80,44,370
80,45,364
80,46,361
80,47,367
80,48,391
80,49,366
80,50,373
80,51,364
80,52,377
80,53,378
80,54,373
80,55,379
80,56,373
80,57,378
80,58,375
80,59,372
80,60,370
80,61,365
80,62,365
80,63,386
80,64,374
80,65,383
80,66,386
80,67,362
80,68,363
80,69,368
80,70,385
80,71,390
80,72,375
80,73,366
80,74,375
80,75,382
80,76,371
80,77,386
80,78,369
80,79,356
80,80,363
80,81,365
80,82,368
80,83,371
80,84,379
80,85,377
80,86,388
80,87,379
80,88,384
80,89,372
80,90,370
80,91,373
80,92,375
80,93,373
80,94,385
80,95,371
80,96,365
80,97,366
80,98,374
80,99,364
80,100,369
80,101,373
80,102,377
80,103,357
80,104,379
80,105,385
80,106,377
80,107,366
80,108,375
80,109,382
80,110,388
80,111,382
80,112,373
80,113,372
80,114,377
80,115,389
80,116,379
80,117,377
80,118,373
80,119,379
80,120,392
80,121,375
80,122,383
80,123,390
80,124,358
80,125,379
80,126,366
80,127,360
80,128,377
80,129,381
80,130,380
80,131,372
80,132,362
80,133,385
80,134,379
80,135,376
80,136,387
80,137,372
80,138,367
80,139,376
80,140,365
80,141,367
80,142,376
80,143,372
80,144,374
80,145,374
80,146,361
80,147,393
80,148,376
80,149,364
80,150,369
80,151,376
80,152,371
80,153,381
80,154,385
80,155,372
80,156,372
80,157,362
80,158,385
80,159,381
80,160,377
80,161,369
80,162,382
80,163,376
80,164,371
80,165,371
80,166,371
80,167,384
80,168,376
80,169,386
80,170,375
80,171,382
80,172,376
80,173,382
80,174,381
80,175,379
80,176,369
80,177,365
80,178,381
80,179,374
80,180,370
80,181,367
80,182,377
80,183,390
80,184,374
80,185,378
80,186,370
80,187,375
80,188,368
80,189,365
80,190,370
80,191,384
80,192,373
80,193,358
80,194,374
80,195,371
80,196,360
80,197,372
80,198,375
80,199,379
80,200,376
81,1,4
81,2,18
81,3,74
81,4,211
81,5,339
81,6,368
81,7,357
81,8,378
81,9,368
81,10,370
81,11,369
81,12,378
81,13,365
81,14,371
81,15,374
81,16,381
81,17,383
81,18,380
81,19,374
81,20,375
81,21,377
81,22,379
81,23,373
81,24,387
81,25,382
81,26,380
81,27,378
81,28,370
81,29,374
81,30,380
81,31,375
81,32,378
81,33,376
81,34,376
81,35,372
81,36,376
81,37,381
81,38,383
81,39,362
81,40,384
81,41,379
81,42,378
81,43,376
81,44,379
81,45,375
81,46,371
81,47,377
81,48,360
81,49,379
81,50,374
81,51,373
81,52,365
81,53,369
81,54,371
81,55,376
81,56,364
81,57,377
81,58,382
81,59,378
81,60,380
81,61,373
81,62,376
81,63,380
81,64,377
81,65,371
81,66,376
81,67,366
81,68,376
81,69,373
81,70,375
81,71,381
81,72,388
81,73,385
81,74,383
81,75,381
81,76,374
81,77,366
81,78,383
81,79,381
81,80,377
81,81,378
81,82,375
81,83,367
81,84,382
81,85,372
81,86,386
81,87,371
81,88,379
81,89,384
81,90,368
81,91,363
81,92,353
81,93,368
81,94,365
81,95,382
81,96,388
81,97,371
81,98,370
81,99,378
81,100,381
81,101,370
81,102,365
81,103,357
81,104,367
81,105,349
81,106,371
81,107,369
81,108,375
81,109,366
81,110,377
81,111,373
81,112,366
81,113,372
81,114,363
81,115,376
81,116,380
81,117,382
81,118,376
81,119,382
81,120,366
81,121,374
81,122,361
81,123,369
81,124,370
81,125,379
81,126,375
81,127,380
81,128,371
81,129,373
81,130,373
81,131,381
81,132,362
81,133,360
81,134,368
81,135,376
81,136,376
81,137,370
81,138,371
81,139,362
81,140,381
81,141,373
81,142,373
81,143,375
81,144,381
81,145,372
81,146,385
81,147,367
81,148,377
81,149,373
81,150,368
81,151,372
81,152,381
81,153,379
81,154,380
81,155,379
81,156,375
81,157,368
81,158,370
81,159,362
81,160,380
81,161,371
81,162,373
81,163,380
81,164,374
81,165,374
81,166,385
81,167,383
81,168,381
81,169,381
81,170,386
81,171,370
81,172,357
81,173,369
81,174,381
81,175,367
81,176,381
81,177,374
81,178,378
81,179,389
81,180,385
81,181,371
81,182,390
81,183,372
81,184,380
81,185,372
81,186,373
81,187,368
81,188,373
81,189,359
81,190,380
81,191,375
81,192,370
81,193,372
81,194,370
81,195,371
81,196,378
81,197,372
81,198,376
81,199,381
81,200,377
82,1,5
82,2,19
82,3,68
82,4,198
82,5,333
82,6,379
82,7,383
82,8,365
82,9,385
82,10,363
82,11,372
82,12,363
82,13,362
82,14,368
82,15,373
82,16,369
82,17,369
82,18,381
82,19,381
82,20,380
82,21,369
82,22,379
82,23,365
82,24,368
82,25,388
82,26,361
82,27,383
82,28,380
82,29,373
82,30,377
82,31,373
82,32,370
82,33,381
82,34,383
82,35,376
82,36,382
82,37,364
82,38,385
82,39,368
82,40,375
82,41,375
82,42,390
82,43,380
82,44,363
82,45,378
82,46,369
82,47,372
82,48,371
82,49,384
82,50,370
82,51,388
82,52,371
82,53,390
82,54,384
82,55,372
82,56,374
82,57,374
82,58,374
82,59,377
82,60,378
82,61,369
82,62,386
82,63,374
82,64,362
82,65,385
82,66,374
82,67,379
82,68,364
82,69,383
82,70,381
82,71,376
82,72,380
82,73,386
82,74,382
82,75,383
82,76,365
82,77,376
82,78,375
82,79,371
82,80,371
82,81,385
82,82,382
82,83,379
82,84,376
82,85,367
82,86,379
82,87,377
82,88,379
82,89,365
82,90,397
82,91,374
82,92,396
82,93,385
82,94,372
82,95,375
82,96,366
82,97,382
82,98,357
82,99,378
82,100,353
82,101,379
82,102,387
82,103,381
82,104,383
82,105,377
82,106,375
82,107,372
82,108,360
82,109,365
82,110,366
82,111,363
82,112,381
82,113,371
82,114,363
82,115,382
82,116,392
82,117,364
82,118,377
82,119,375
82,120,375
82,121,368
82,122,384
82,123,387
82,124,369
82,125,365
82,126,374
82,127,379
82,128,376
82,129,385
82,130,368
82,131,370
82,132,375
82,133,377
82,134,371
82,135,376
82,136,380
82,137,365
82,138,384
82,139,383
82,140,368
82,141,368
82,142,367
82,143,378
82,144,378
82,145,376
82,146,360
82,147,375
82,148,369
82,149,386
82,150,370
82,151,387
82,152,403
82,153,371
82,154,372
82,155,375
82,156,346
82,157,374
82,158,387
82,159,376
82,160,372
82,161,377
82,162,391
82,163,385
82,164,379
82,165,383
82,166,368
82,167,374
82,168,386
82,169,374
82,170,378
82,171,371
82,172,374
82,173,371
82,174,378
82,175,375
82,176,369
82,177,378
82,178,384
82,179,379
82,180,375
82,181,376
82,182,369
82,183,368
82,184,369
82,185,385
82,186,369
82,187,378
82,188,376
82,189,384
82,190,371
82,191,380
82,192,374
82,193,377
82,194,370
82,195,384
82,196,394
82,197,376
82,198,371
82,199,388
82,200,371
83,1,5
83,2,29
83,3,115
83,4,269
83,5,352
83,6,371
83,7,379
83,8,371
83,9,365
83,10,378
83,11,375
83,12,378
83,13,360
83,14,378
83,15,385
83,16,386
83,17,362
83,18,374
83,19,374
83,20,368
83,21,376
83,22,372
83,23,384
83,24,375
83,25,380
83,26,369
83,27,379
83,28,381
83,29,383
83,30,379
83,31,385
83,32,368
83,33,366
83,34,370
83,35,380
83,36,375
83,37,386
83,38,375
83,39,369
83,40,376
83,41,377
83,42,379
83,43,372
83,44,372
83,45,371
83,46,369
83,47,383
83,48,372
83,49,376
83,50,366
83,51,387
83,52,369
83,53,363
83,54,372
83,55,365
83,56,369
83,57,375
83,58,377
83,59,377
83,60,369
83,61,366
83,62,382
83,63,366
83,64,378
83,65,375
83,66,370
83,67,379
83,68,374
83,69,383
83,70,367
83,71,370
83,72,382
83,73,365
83,74,360
83,75,379
83,76,388
83,77,376
83,78,380
83,79,377
83,80,381
83,81,370
83,82,371
83,83,375
83,84,374
83,85,365
83,86,372
83,87,379
83,88,385
83,89,382
83,90,355
83,91,367
83,92,369
83,93,365
83,94,368
83,95,380
83,96,384
83,97,369
83,98,366
83,99,382
83,100,372
83,101,385
83,102,373
83,103,376
83,104,389
83,105,372
83,106,383
83,107,373
83,108,389
83,109,364
83,110,374
83,111,374
83,112,358
83,113,387
83,114,385
83,115,373
83,116,380
83,117,369
83,118,379
83,119,370
83,120,373
83,121,360
83,122,361
83,123,378
83,124,376
83,125,378
83,126,376
83,127,387
83,128,382
83,129,375
83,130,380
83,131,377
83,132,375
83,133,356
83,134,377
83,135,376
83,136,374
83,137,381
83,138,384
83,139,375
83,140,377
83,141,379
83,142,381
83,143,361
83,144,367
83,145,366
83,146,376
83,147,381
83,148,379
83,149,377
83,150,370
83,151,379
83,152,383
83,153,362
83,154,386
83,155,380
83,156,368
83,157,372
83,158,381
83,159,380
83,160,379
83,161,375
83,162,360
83,163,375
83,164,376
83,165,377
83,166,357
83,167,376
83,168,391
83,169,381
83,170,380
83,171,389
83,172,363
83,173,377
83,174,386
83,175,391
83,176,374
83,177,370
83,178,379
83,179,379
83,180,373
83,181,367
83,182,375
83,183,368
83,184,372
83,185,383
83,186,370
83,187,375
83,188,379
83,189,379
83,190,379
83,191,392
83,192,382
83,193,364
83,194,382
83,195,382
83,196,370
83,197,377
83,198,380
83,199,373
83,200,381
84,1,3
84,2,14
84,3,52
84,4,173
84,5,316
84,6,366
84,7,371
84,8,359
84,9,384
84,10,370
84,11,374
84,12,383
84,13,369
84,14,385
84,15,371
84,16,382
84,17,371
84,18,371
84,19,365
84,20,383
84,21,382
84,22,382
84,23,384
84,24,373
84,25,363
84,26,366
84,27,365
84,28,387
84,29,375
84,30,368
84,31,379
84,32,379
84,33,373
84,34,375
84,35,385
84,36,380
84,37,371
84,38,384
84,39,379
84,40,377
84,41,373
84,42,382
84,43,371
84,44,387
84,45,367
84,46,367
84,47,373
84,48,370
84,49,382
84,50,368
84,51,377
84,52,360
84,53,360
84,54,370
84,55,371
84,56,380
84,57,380
84,58,379
84,59,380
84,60,373
84,61,360
84,62,359
84,63,373
84,64,379
84,65,372
84,66,358
84,67,373
84,68,377
84,69,372
84,70,370
84,71,374
84,72,381
84,73,376
84,74,374
84,75,370
84,76,370
84,77,378
84,78,379
84,79,362
84,80,377
84,81,376
84,82,387
84,83,372
84,84,371
84,85,369
84,86,371
84,87,362
84,88,370
84,89,371
84,90,364
84,91,371
84,92,374
84,93,379
84,94,377
84,95,372
84,96,371
84,97,380
84,98,372
84,99,367
84,100,382
84,101,373
84,102,376
84,103,365
84,104,375
84,105,378
84,106,379
84,107,365
84,108,388
84,109,365
84,110,385
84,111,371
84,112,368
84,113,382
84,114,378
84,115,381
84,116,366
84,117,382
84,118,373
84,119,366
84,120,375
84,121,360
84,122,373
84,123,379
84,124,372
84,125,378
84,126,383
84,127,374
84,128,373
84,129,386
84,130,377
84,131,378
84,132,366
84,133,374
84,134,383
84,135,382
84,136,369
84,137,374
84,138,376
84,139,369
84,140,379
84,141,383
84,142,382
84,143,373
84,144,380
84,145,364
84,146,366
84,147,377
84,148,382
84,149,379
84,150,378
84,151,369
84,152,382
84,153,375
84,154,364
84,155,382
84,156,381
84,157,369
84,158,365
84,159,373
84,160,369
84,161,372
84,162,374
84,163,371
84,164,383
84,165,383
84,166,367
84,167,365
84,168,374
84,169,373
84,170,371
84,171,369
84,172,366
84,173,362
84,174,366
84,175,369
84,176,368
84,177,376
84,178,366
84,179,380
84,180,376
84,181,391
84,182,386
84,183,371
84,184,378
84,185,377
84,186,381
84,187,362
84,188,371
84,189,368
84,190,385
84,191,372
84,192,372
84,193,367
84,194,375
84,195,373
84,196,372
84,197,373
84,198,370
84,199,371
84,200,378
85,1,6
85,2,28
85,3,107
85,4,271
85,5,368
85,6,363
85,7,376
85,8,377
85,9,353
85,10,369
85,11,356
85,12,374
85,13,381
85,14,379
85,15,365
85,16,376
85,17,386
85,18,364
85,19,372
85,20,380
85,21,374
85,22,374
85,23,365
85,24,375
85,25,374
85,26,368
85,27,381
85,28,374
85,29,367
85,30,377
85,31,359
85,32,363
85,33,379
85,34,369
85,35,371
85,36,381
85,37,371
85,38,359
85,39,381
85,40,375
85,41,382
85,42,377
85,43,349
85,44,375
85,45,374
85,46,379
85,47,362
85,48,374
85,49,370
85,50,366
85,51,391
85,52,364
85,53,371
85,54,370
85,55,374
85,56,371
85,57,371
85,58,382
85,59,366
85,60,374
85,61,366
85,62,371
85,63,380
85,64,364
85,65,376
85,66,367
85,67,379
85,68,370
85,69,368
85,70,380
85,71,373
85,72,366
85,73,372
85,74,370
85,75,375
85,76,377
85,77,375
85,78,386
85,79,376
85,80,346
85,81,356
85,82,375
85,83,379
85,84,377
85,85,379
85,86,360
85,87,378
85,88,375
85,89,368
85,90,360
85,91,368
85,92,371
85,93,380
85,94,388
85,95,375
85,96,370
85,97,376
85,98,354
85,99,374
85,100,371
85,101,371
85,102,374
85,103,379
85,104,369
85,105,369
85,106,375
85,107,391
85,108,386
85,109,371
85,110,371
85,111,379
85,112,373
85,113,371
85,114,369
85,115,389
85,116,374
85,117,383
85,118,379
85,119,389
85,120,365
85,121,382
85,122,374
85,123,379
85,124,355
85,125,373
85,126,367
85,127,381
85,128,369
85,129,383
85,130,368
85,131,363
85,132,372
85,133,355
85,134,359
85,135,378
85,136,376
85,137,365
85,138,385
85,139,384
85,140,361
85,141,386
85,142,390
85,143,381
85,144,385
85,145,376
85,146,378
85,147,378
85,148,372
85,149,375
85,150,378
85,151,377
85,152,368
85,153,383
85,154,373
85,155,385
85,156,368
85,157,380
85,158,364
85,159,376
85,160,371
85,161,378
85,162,384
85,163,383
85,164,370
85,165,375
85,166,373
85,167,365
85,168,383
85,169,371
85,170,377
85,171,362
85,172,382
85,173,368
85,174,358
85,175,383
85,176,376
85,177,374
85,178,384
85,179,376
85,180,364
85,181,384
85,182,379
85,183,381
85,184,375
85,185,368
85,186,380
85,187,375
85,188,387
85,189,379
85,190,380
85,191,365
85,192,375
85,193,363
85,194,384
85,195,364
85,196,378
85,197,355
85,198,377
85,199,377
85,200,379
86,1,7
86,2,23
86,3,88
86,4,220
86,5,338
86,6,374
86,7,382
86,8,378
86,9,366
86,10,389
86,11,365
86,12,371
86,13,382
86,14,369
86,15,367
86,16,371
86,17,381
86,18,373
86,19,371
86,20,367
86,21,381
86,22,367
86,23,383
86,24,368
86,25,372
86,26,368
86,27,363
86,28,364
86,29,377
86,30,385
86,31,386
86,32,382
86,33,378
86,34,379
86,35,374
86,36,374
86,37,390
86,38,364
86,39,373
86,40,364
86,41,386
86,42,372
86,43,396
86,44,385
86,45,374
86,46,388
86,47,381
86,48,362
86,49,377
86,50,378
86,51,366
86,52,377
86,53,381
86,54,378
86,55,378
86,56,373
86,57,376
86,58,379
86,59,379
86,60,383
86,61,378
86,62,373
86,63,350
86,64,377
86,65,380
86,66,381
86,67,376
86,68,371
86,69,371
86,70,367
86,71,366
86,72,371
86,73,379
86,74,360
86,75,374
86,76,366
86,77,386
86,78,370
86,79,374
86,80,368
86,81,381
86,82,362
86,83,366
86,84,373
86,85,368
86,86,378
86,87,356
86,88,381
86,89,376
86,90,382
86,91,368
86,92,358
86,93,375
86,94,377
86,95,378
86,96,382
86,97,374
86,98,359
86,99,374
86,100,368
86,101,368
86,102,386
86,103,366
86,104,370
86,105,384
86,106,384
86,107,377
86,108,370
86,109,373
86,110,362
86,111,371
86,112,371
86,113,381
86,114,383
86,115,375
86,116,373
86,117,381
86,118,374
86,119,384
86,120,354
86,121,374
86,122,372
86,123,365
86,124,359
86,125,349
86,126,371
86,127,372
86,128,368
86,129,376
86,130,378
86,131,374
86,132,375
86,133,376
86,134,369
86,135,372
86,136,377
86,137,376
86,138,365
86,139,386
86,140,381
86,141,366
86,142,381
86,143,371
86,144,387
86,145,372
86,146,370
86,147,382
86,148,371
86,149,377
86,150,364
86,151,372
86,152,370
86,153,364
86,154,370
86,155,368
86,156,366
86,157,366
86,158,386
86,159,373
86,160,376
86,161,380
86,162,363
86,163,385
86,164,359
86,165,379
86,166,373
86,167,372
86,168,368
86,169,371
86,170,379
86,171,372
86,172,380
86,173,369
86,174,372
86,175,384
86,176,367
86,177,371
86,178,380
86,179,372
86,180,398
86,181,380
86,182,371
86,183,368
86,184,376
86,185,368
86,186,375
86,187,383
86,188,362
86,189,381
86,190,375
86,191,379
86,192,351
86,193,367
86,194,383
86,195,392
86,196,366
86,197,379
86,198,377
86,199,376
86,200,367
87,1,5
87,2,19
87,3,68
87,4,208
87,5,341
87,6,385
87,7,373
87,8,375
87,9,362
87,10,387
87,11,370
87,12,371
87,13,373
87,14,365
87,15,383
87,16,384
87,17,380
87,18,369
87,19,375
87,20,371
87,21,373
87,22,378
87,23,365
87,24,373
87,25,375
87,26,373
87,27,377
87,28,365
87,29,385
87,30,380
87,31,379
87,32,378
87,33,364
87,34,380
87,35,376
87,36,375
87,37,365
87,38,381
87,39,378
87,40,373
87,41,372
87,42,386
87,43,365
87,44,374
87,45,368
87,46,370
87,47,377
87,48,377
87,49,381
87,50,384
87,51,378
87,52,370
87,53,378
87,54,377
87,55,371
87,56,377
87,57,378
87,58,370
87,59,371
87,60,365
87,61,384
87,62,366
87,63,382
87,64,376
87,65,375
87,66,368
87,67,375
87,68,362
87,69,390
87,70,387
87,71,376
87,72,377
87,73,375
87,74,375
87,75,378
87,76,366
87,77,371
87,78,382
87,79,378
87,80,373
87,81,379
87,82,371
87,83,373
87,84,375
87,85,383
87,86,381
87,87,387
87,88,379
87,89,381
87,90,375
87,91,376
87,92,365
87,93,367
87,94,375
87,95,371
87,96,380
87,97,382
87,98,377
87,99,382
87,100,384
87,101,382
87,102,381
87,103,363
87,104,380
87,105,385
87,106,383
87,107,375
87,108,381
87,109,377
87,110,381
87,111,371
87,112,376
87,113,376
87,114,381
87,115,383
87,116,359
87,117,385
87,118,372
87,119,383
87,120,392
87,121,381
87,122,360
87,123,385
87,124,376
87,125,362
87,126,373
87,127,371
87,128,381
87,129,383
87,130,371
87,131,374
87,132,371
87,133,383
87,134,363
87,135,375
87,136,380
87,137,381
87,138,381
87,139,385
87,140,370
87,141,379
87,142,360
87,143,381
87,144,388
87,145,384
87,146,386
87,147,379
87,148,377
87,149,375
87,150,377
87,151,379
87,152,379
87,153,367
87,154,372
87,155,380
87,156,373
87,157,365
87,158,363
87,159,376
87,160,380
87,161,375
87,162,387
87,163,380
87,164,366
87,165,371
87,166,370
87,167,370
87,168,378
87,169,374
87,170,370
87,171,377
87,172,384
87,173,367
87,174,379
87,175,371
87,176,389
87,177,366
87,178,374
87,179,374
87,180,363
87,181,375
87,182,377
87,183,375
87,184,376
87,185,393
87,186,370
87,187,367
87,188,377
87,189,358
87,190,371
87,191,378
87,192,372
87,193,376
87,194,378
87,195,364
87,196,381
87,197,358
87,198,365
87,199,369
87,200,378
88,1,7
88,2,27
88,3,88
88,4,235
88,5,364
88,6,376
88,7,358
88,8,372
88,9,374
88,10,383
88,11,356
88,12,369
88,13,382
88,14,359
88,15,386
88,16,378
88,17,380
88,18,372
88,19,368
88,20,365
88,21,373
88,22,374
88,23,381
88,24,387
88,25,390
88,26,367
88,27,379
88,28,376
88,29,381
88,30,370
88,31,366
88,32,376
88,33,374
88,34,385
88,35,361
88,36,384
88,37,371
88,38,383
88,39,375
88,40,365
88,41,372
88,42,366
88,43,369
88,44,370
88,45,389
88,46,372
88,47,390
88,48,375
88,49,377
88,50,380
88,51,379
88,52,373
88,53,374
88,54,379
88,55,374
88,56,377
88,57,386
88,58,370
88,59,352
88,60,379
88,61,379
88,62,372
88,63,370
88,64,384
88,65,359
88,66,386
88,67,373
88,68,372
88,69,379
88,70,375
88,71,390
88,72,381
88,73,373
88,74,374
88,75,377
88,76,381
88,77,370
88,78,373
88,79,382
88,80,381
88,81,377
88,82,384
88,83,365
88,84,384
88,85,378
88,86,371
88,87,376
88,88,387
88,89,368
88,90,379
88,91,378
88,92,389
88,93,366
88,94,368
88,95,374
88,96,382
88,97,376
88,98,369
88,99,379
88,100,381
88,101,375
88,102,377
88,103,371
88,104,379
88,105,375
88,106,383
88,107,385
88,108,369
88,109,379
88,110,369
88,111,370
88,112,367
88,113,367
88,114,372
88,115,376
88,116,379
88,117,375
88,118,369
88,119,385
88,120,382
88,121,365
88,122,362
88,123,361
88,124,383
88,125,372
88,126,385
88,127,377
88,128,379
88,129,381
88,130,385
88,131,379
88,132,367
88,133,368
88,134,371
88,135,363
88,136,364
88,137,369
88,138,363
88,139,369
88,140,371
88,141,372
88,142,389
88,143,376
88,144,371
88,145,368
88,146,364
88,147,379
88,148,366
88,149,347
88,150,379
88,151,365
88,152,372
88,153,369
88,154,379
88,155,365
88,156,385
88,157,376
88,158,368
88,159,378
88,160,379
88,161,372
88,162,351
88,163,388
88,164,384
88,165,368
88,166,362
88,167,377
88,168,373
88,169,380
88,170,362
88,171,375
88,172,357
88,173,365
88,174,369
88,175,387
88,176,379
88,177,373
88,178,384
88,179,383
88,180,387
88,181,391
88,182,363
88,183,379
88,184,382
88,185,361
88,186,369
88,187,372
88,188,364
88,189,389
88,190,357
88,191,371
88,192,372
88,193,373
88,194,372
88,195,357
88,196,383
88,197,375
88,198,374
88,199,380
88,200,375
89,1,4
89,2,18
89,3,70
89,4,206
89,5,344
89,6,380
89,7,366
89,8,365
89,9,385
89,10,383
89,11,369
89,12,373
89,13,373
89,14,370
89,15,373
89,16,360
89,17,382
89,18,362
89,19,373
89,20,355
89,21,359
89,22,369
89,23,390
89,24,374
89,25,374
89,26,376
89,27,371
89,28,381
89,29,370
89,30,378
89,31,375
89,32,385
89,33,367
89,34,374
89,35,381
89,36,367
89,37,385
89,38,377
89,39,381
89,40,366
89,41,388
89,42,383
89,43,378
89,44,373
89,45,378
89,46,368
89,47,378
89,48,357
89,49,378
89,50,361
89,51,369
89,52,379
89,53,372
89,54,373
89,55,375
89,56,386
89,57,382
89,58,370
89,59,367
89,60,360
89,61,381
89,62,375
89,63,374
89,64,365
89,65,382
89,66,374
89,67,373
89,68,382
89,69,375
89,70,378
89,71,380
89,72,354
89,73,382
89,74,382
89,75,375
89,76,373
89,77,375
89,78,371
89,79,373
89,80,368
89,81,364
89,82,369
89,83,367
89,84,376
89,85,380
89,86,376
89,87,382
89,88,387
89,89,384
89,90,376
89,91,381
89,92,372
89,93,364
89,94,368
89,95,366
89,96,371
89,97,365
89,98,383
89,99,369
89,100,382
89,101,376
89,102,370
89,103,365
89,104,368
89,105,374
89,106,388
89,107,384
89,108,354
89,109,369
89,110,361
89,111,368
89,112,386
89,113,372
89,114,374
89,115,369
89,116,382
89,117,378
89,118,375
89,119,373
89,120,376
89,121,379
89,122,378
89,123,365
89,124,369
89,125,376
89,126,367
89,127,381
89,128,372
89,129,365
89,130,373
89,131,361
89,132,375
89,133,373
89,134,382
89,135,353
89,136,384
89,137,378
89,138,377
89,139,383
89,140,377
89,141,383
89,142,363
89,143,380
89,144,378
89,145,364
89,146,365
89,147,378
89,148,373
89,149,372
89,150,376
89,151,385
89,152,386
89,153,373
89,154,386
89,155,375
89,156,374
89,157,363
89,158,371
89,159,368
89,160,370
89,161,365
89,162,370
89,163,363
89,164,375
89,165,372
89,166,375
89,167,367
89,168,369
89,169,367
89,170,359
89,171,373
89,172,364
89,173,363
89,174,381
89,175,358
89,176,369
89,177,375
89,178,368
89,179,387
89,180,374
89,181,384
89,182,380
89,183,384
89,184,376
89,185,368
89,186,395
89,187,380
89,188,383
89,189,375
89,190,376
89,191,387
89,192,368
89,193,387
89,194,372
89,195,370
89,196,377
89,197,367
89,198,383
89,199,372
89,200,359
90,1,5
90,2,25
90,3,96
90,4,256
90,5,365
90,6,373
90,7,379
90,8,355
90,9,385
90,10,374
90,11,372
90,12,370
90,13,367
90,14,378
90,15,376
90,16,380
90,17,380
90,18,382
90,19,371
90,20,391
90,21,381
90,22,376
90,23,380
90,24,365
90,25,376
90,26,375
90,27,375
90,28,374
90,29,364
90,30,378
90,31,370
90,32,364
90,33,374
90,34,377
90,35,370
90,36,361
90,37,377
90,38,369
90,39,374
90,40,379
90,41,376
90,42,376
90,43,372
90,44,371
90,45,370
90,46,373
90,47,381
90,48,379
90,49,364
90,50,369
90,51,372
90,52,392
90,53,372
90,54,357
90,55,390
90,56,371
90,57,382
90,58,374
90,59,380
90,60,360
90,61,373
90,62,372
90,63,379
90,64,369
90,65,368
90,66,382
90,67,368
90,68,375
90,69,350
90,70,391
90,71,381
90,72,362
90,73,369
90,74,380
90,75,371
90,76,372
90,77,373
90,78,372
90,79,391
90,80,381
90,81,372
90,82,386
90,83,372
90,84,367
90,85,372
90,86,379
90,87,380
90,88,384
90,89,363
90,90,373
90,91,384
90,92,377
90,93,359
90,94,372
90,95,381
90,96,369
90,97,378
90,98,373
90,99,380
90,100,370
90,101,378
90,102,365
90,103,371
90,104,374
90,105,362
90,106,375
90,107,371
90,108,371
90,109,381
90,110,366
90,111,376
90,112,382
90,113,364
90,114,372
90,115,366
90,116,366
90,117,371
90,118,372
90,119,366
90,120,377
90,121,379
90,122,381
90,123,370
90,124,364
90,125,372
90,126,369
90,127,382
90,128,355
90,129,374
90,130,378
90,131,371
90,132,379
90,133,385
90,134,378
90,135,369
90,136,371
90,137,375
90,138,373
90,139,372
90,140,366
90,141,387
90,142,381
90,143,376
90,144,369
90,145,359
90,146,380
90,147,366
90,148,364
90,149,373
90,150,376
90,151,373
90,152,367
90,153,379
90,154,356
90,155,380
90,156,380
90,157,351
90,158,372
90,159,377
90,160,360
90,161,375
90,162,370
90,163,375
90,164,375
90,165,385
90,166,373
90,167,376
90,168,373
90,169,373
90,170,372
90,171,377
90,172,372
90,173,376
90,174,375
90,175,370
90,176,375
90,177,383
90,178,374
90,179,374
90,180,383
90,181,374
90,182,368
90,183,371
90,184,366
90,185,365
90,186,377
90,187,373
90,188,375
90,189,374
90,190,364
90,191,374
90,192,376
90,193,374
90,194,389
90,195,375
90,196,360
90,197,366
90,198,384
90,199,368
90,200,374
91,1,4
91,2,16
91,3,54
91,4,176
91,5,349
91,6,381
91,7,382
91,8,370
91,9,385
91,10,374
91,11,364
91,12,383
91,13,369
91,14,380
91,15,375
91,16,379
91,17,372
91,18,384
91,19,375
91,20,370
91,21,379
91,22,372
91,23,371
91,24,380
91,25,367
91,26,391
91,27,377
91,28,383
91,29,372
91,30,388
91,31,376
91,32,387
91,33,368
91,34,378
91,35,383
91,36,376
91,37,383
91,38,373
91,39,373
91,40,395
91,41,382
91,42,371
91,43,379
91,44,390
91,45,371
91,46,379
91,47,371
91,48,369
91,49,362
91,50,386
91,51,376
91,52,367
91,53,372
91,54,376
91,55,370
91,56,371
91,57,384
91,58,380
91,59,359
91,60,381
91,61,383
91,62,386
91,63,372
91,64,375
91,65,370
91,66,364
91,67,384
91,68,382
91,69,381
91,70,383
91,71,374
91,72,359
91,73,378
91,74,376
91,75,373
91,76,380
91,77,384
91,78,375
91,79,381
91,80,370
91,81,368
91,82,370
91,83,380
91,84,383
91,85,378
91,86,368
91,87,374
91,88,377
91,89,376
91,90,370
91,91,368
91,92,380
91,93,382
91,94,368
91,95,368
91,96,367
91,97,370
91,98,373
91,99,386
91,100,380
91,101,375
91,102,380
91,103,377
91,104,372
91,105,366
91,106,378
91,107,376
91,108,391
91,109,370
91,110,375
91,111,369
91,112,367
91,113,356
91,114,363
91,115,387
91,116,376
91,117,372
91,118,377
91,119,379
91,120,382
91,121,383
91,122,373
91,123,381
91,124,378
91,125,375
91,126,378
91,127,374
91,128,383
91,129,360
91,130,375
91,131,372
91,132,374
91,133,370
91,134,384
91,135,368
91,136,373
91,137,387
91,138,380
91,139,370
91,140,376
91,141,369
91,142,381
91,143,377
91,144,371
91,145,373
91,146,363
91,147,361
91,148,373
91,149,364
91,150,377
91,151,378
91,152,360
91,153,362
91,154,364
91,155,370
91,156,375
91,157,374
91,158,373
91,159,371
91,160,378
91,161,367
91,162,367
91,163,378
91,164,357
91,165,373
91,166,384
91,167,383
91,168,377
91,169,380
91,170,384
91,171,375
91,172,364
91,173,368
91,174,372
91,175,366
91,176,375
91,177,383
91,178,376
91,179,362
91,180,371
91,181,371
91,182,368
91,183,381
91,184,360
91,185,375
91,186,378
91,187,367
91,188,371
91,189,374
91,190,364
91,191,373
91,192,364
91,193,379
91,194,374
91,195,374
91,196,372
91,197,378
91,198,374
91,199,363
91,200,362
92,1,6
92,2,25
92,3,93
92,4,246
92,5,359
92,6,375
92,7,379
92,8,370
92,9,377
92,10,363
92,11,381
92,12,382
92,13,372
92,14,368
92,15,381
92,16,371
92,17,381
92,18,381
92,19,374
92,20,371
92,21,386
92,22,384
92,23,373
92,24,368
92,25,371
92,26,374
92,27,372
92,28,377
92,29,376
92,30,384
92,31,371
92,32,374
92,33,367
92,34,372
92,35,380
92,36,365
92,37,368
92,38,371
92,39,371
92,40,378
92,41,382
92,42,366
92,43,377
92,44,359
92,45,379
92,46,386
92,47,371
92,48,374
92,49,387
92,50,381
92,51,364
92,52,364
92,53,371
92,54,383
92,55,381
92,56,385
92,57,388
92,58,369
92,59,374
92,60,377
92,61,376
92,62,368
92,63,374
92,64,377
92,65,372
92,66,372
92,67,377
92,68,372
92,69,391
92,70,384
92,71,366
92,72,373
92,73,374
92,74,373
92,75,376
92,76,376
92,77,380
92,78,371
92,79,349
92,80,375
92,81,384
92,82,384
92,83,378
92,84,371
92,85,371
92,86,388
92,87,366
92,88,375
92,89,376
92,90,379
92,91,373
92,92,383
92,93,365
92,94,357
92,95,366
92,96,371
92,97,376
92,98,373
92,99,354
92,100,366
92,101,385
92,102,367
92,103,363
92,104,378
92,105,385
92,106,365
92,107,353
92,108,381
92,109,375
92,110,366
92,111,373
92,112,379
92,113,368
92,114,384
92,115,364
92,116,379
92,117,371
92,118,389
92,119,379
92,120,383
92,121,378
92,122,370
92,123,373
92,124,367
92,125,372
92,126,360
92,127,370
92,128,381
92,129,368
92,130,375
92,131,365
92,132,381
92,133,373
92,134,375
92,135,376
92,136,376
92,137,371
92,138,368
92,139,365
92,140,376
92,141,371
92,142,363
92,143,367
92,144,372
92,145,368
92,146,375
92,147,378
92,148,375
92,149,371
92,150,372
92,151,383
92,152,371
92,153,377
92,154,375
92,155,373
92,156,375
92,157,374
92,158,379
92,159,384
92,160,377
92,161,378
92,162,379
92,163,376
92,164,379
92,165,391
92,166,372
92,167,368
92,168,371
92,169,377
92,170,375
92,171,369
92,172,373
92,173,376
92,174,384
92,175,359
92,176,377
92,177,365
92,178,386
92,179,401
92,180,367
92,181,368
92,182,373
92,183,360
92,184,365
92,185,359
92,186,393
92,187,371
92,188,384
92,189,379
92,190,358
92,191,363
92,192,368
92,193,355
92,194,372
92,195,366
92,196,382
92,197,380
92,198,371
92,199,376
92,200,376
93,1,3
93,2,12
93,3,43
93,4,162
93,5,304
93,6,364
93,7,373
93,8,366
93,9,371
93,10,380
93,11,368
93,12,388
93,13,387
93,14,368
93,15,371
93,16,377
93,17,376
93,18,368
93,19,367
93,20,389
93,21,366
93,22,377
93,23,373
93,24,372
93,25,378
93,26,365
93,27,381
93,28,363
93,29,368
93,30,366
93,31,382
93,32,364
93,33,378
93,34,373
93,35,387
93,36,372
93,37,366
93,38,368
93,39,367
93,40,381
93,41,373
93,42,375
93,43,371
93,44,366
93,45,380
93,46,376
93,47,385
93,48,380
93,49,364
93,50,381
93,51,377
93,52,358
93,53,368
93,54,372
93,55,363
93,56,365
93,57,374
93,58,369
93,59,370
93,60,367
93,61,371
93,62,366
93,63,372
93,64,380
93,65,371
93,66,361
93,67,383
93,68,358
93,69,385
93,70,369
93,71,357
93,72,355
93,73,365
93,74,372
93,75,378
93,76,373
93,77,380
93,78,385
93,79,374
93,80,384
93,81,386
93,82,375
93,83,384
93,84,351
93,85,379
93,86,373
93,87,379
93,88,375
93,89,380
93,90,374
93,91,370
93,92,379
93,93,373
93,94,390
93,95,381
93,96,388
93,97,372
93,98,370
93,99,365
93,100,355
93,101,372
93,102,374
93,103,376
93,104,362
93,105,361
93,106,366
93,107,374
93,108,368
93,109,373
93,110,365
93,111,374
93,112,388
93,113,365
93,114,377
93,115,371
93,116,388
93,117,374
93,118,389
93,119,381
93,120,370
93,121,382
93,122,377
93,123,387
93,124,380
93,125,377
93,126,371
93,127,375
93,128,382
93,129,382
93,130,374
93,131,374
93,132,369
93,133,379
93,134,383
93,135,370
93,136,360
93,137,386
93,138,371
93,139,377
93,140,378
93,141,378
93,142,370
93,143,393
93,144,371
93,145,389
93,146,359
93,147,374
93,148,369
93,149,370
93,150,379
93,151,379
93,152,374
93,153,369
93,154,367
93,155,373
93,156,390
93,157,378
93,158,374
93,159,360
93,160,376
93,161,374
93,162,378
93,163,370
93,164,369
93,165,361
93,166,364
93,167,377
93,168,378
93,169,370
93,170,371
93,171,359
93,172,379
93,173,393
93,174,381
93,175,366
93,176,375
93,177,376
93,178,358
93,179,363
93,180,374
93,181,378
93,182,376
93,183,371
93,184,375
93,185,375
93,186,361
93,187,372
93,188,363
93,189,363
93,190,389
93,191,376
93,192,370
93,193,389
93,194,378
93,195,364
93,196,371
93,197,379
93,198,372
93,199,386
93,200,371
94,1,8
94,2,40
94,3,147
94,4,318
94,5,361
94,6,375
94,7,374
94,8,379
94,9,377
94,10,375
94,11,384
94,12,386
94,13,372
94,14,379
94,15,371
94,16,387
94,17,380
94,18,370
94,19,385
94,20,371
94,21,388
94,22,372
94,23,382
94,24,377
94,25,383
94,26,377
94,27,373
94,28,367
94,29,376
94,30,369
94,31,375
94,32,377
94,33,385
94,34,377
94,35,386
94,36,375
94,37,368
94,38,361
94,39,373
94,40,394
94,41,372
94,42,386
94,43,379
94,44,381
94,45,373
94,46,369
94,47,368
94,48,367
94,49,373
94,50,366
94,51,384
94,52,377
94,53,379
94,54,368
94,55,369
94,56,369
94,57,376
94,58,376
94,59,383
94,60,378
94,61,374
94,62,368
94,63,382
94,64,379
94,65,386
94,66,374
94,67,380
94,68,372
94,69,376
94,70,378
94,71,373
94,72,370
94,73,366
94,74,384
94,75,372
94,76,383
94,77,390
94,78,373
94,79,378
94,80,370
94,81,388
94,82,377
94,83,376
94,84,369
94,85,375
94,86,368
94,87,380
94,88,368
94,89,384
94,90,369
94,91,382
94,92,386
94,93,375
94,94,366
94,95,362
94,96,381
94,97,357
94,98,369
94,99,368
94,100,374
94,101,378
94,102,380
94,103,373
94,104,361
94,105,377
94,106,373
94,107,372
94,108,366
94,109,365
94,110,385
94,111,374
94,112,376
94,113,388
94,114,381
94,115,386
94,116,375
94,117,369
94,118,386
94,119,369
94,120,365
94,121,384
94,122,377
94,123,376
94,124,377
94,125,368
94,126,368
94,127,351
94,128,379
94,129,367
94,130,385
94,131,390
94,132,377
94,133,373
94,134,377
94,135,364
94,136,379
94,137,384
94,138,368
94,139,370
94,140,365
94,141,376
94,142,372
94,143,374
94,144,389
94,145,373
94,146,367
94,147,371
94,148,372
94,149,382
94,150,381
94,151,364
94,152,373
94,153,385
94,154,378
94,155,365
94,156,376
94,157,365
94,158,380
94,159,381
94,160,385
94,161,372
94,162,374
94,163,372
94,164,364
94,165,379
94,166,368
94,167,377
94,168,379
94,169,379
94,170,383
94,171,365
94,172,370
94,173,391
94,174,379
94,175,382
94,176,371
94,177,383
94,178,365
94,179,374
94,180,384
94,181,379
94,182,382
94,183,384
94,184,375
94,185,354
94,186,369
94,187,369
94,188,377
94,189,367
94,190,371
94,191,371
94,192,371
94,193,387
94,194,383
94,195,392
94,196,374
94,197,370
94,198,387
94,199,375
94,200,370
95,1,4
95,2,21
95,3,65
95,4,202
95,5,354
95,6,383
95,7,379
95,8,372
95,9,382
95,10,376
95,11,377
95,12,366
95,13,383
95,14,373
95,15,376
95,16,371
95,17,369
95,18,373
95,19,371
95,20,381
95,21,379
95,22,380
95,23,384
95,24,365
95,25,373
95,26,364
95,27,384
95,28,377
95,29,362
95,30,362
95,31,386
95,32,375
95,33,371
95,34,381
95,35,364
95,36,380
95,37,372
95,38,380
95,39,387
95,40,385
95,41,374
95,42,370
95,43,382
95,44,359
95,45,382
95,46,373
95,47,373
95,48,384
95,49,374
95,50,374
95,51,380
95,52,382
95,53,377
95,54,370
95,55,383
95,56,378
95,57,376
95,58,386
95,59,384
95,60,375
95,61,378
95,62,372
95,63,385
95,64,378
95,65,369
95,66,374
95,67,384
95,68,379
95,69,368
95,70,365
95,71,387
95,72,373
95,73,388
95,74,372
95,75,382
95,76,367
95,77,376
95,78,369
95,79,385
95,80,371
95,81,381
95,82,374
95,83,366
95,84,383
95,85,373
95,86,378
95,87,356
95,88,354
95,89,391
95,90,374
95,91,371
95,92,372
95,93,382
95,94,367
95,95,370
95,96,359
95,97,365
95,98,365
95,99,377
95,100,360
95,101,378
95,102,381
95,103,382
95,104,376
95,105,374
95,106,368
95,107,383
95,108,380
95,109,375
95,110,384
95,111,365
95,112,374
95,113,383
95,114,386
95,115,367
95,116,359
95,117,373
95,118,372
95,119,387
95,120,372
95,121,373
95,122,385
95,123,393
95,124,353
95,125,371
95,126,371
95,127,389
95,128,371
95,129,370
95,130,389
95,131,371
95,132,372
95,133,380
95,134,363
95,135,387
95,136,379
95,137,363
95,138,367
95,139,381
95,140,378
95,141,384
95,142,393
95,143,372
95,144,375
95,145,375
95,146,370
95,147,379
95,148,374
95,149,383
95,150,376
95,151,383
95,152,369
95,153,393
95,154,368
95,155,368
95,156,379
95,157,363
95,158,375
95,159,375
95,160,385
95,161,358
95,162,381
95,163,375
95,164,378
95,165,373
95,166,373
95,167,372
95,168,373
95,169,385
95,170,372
95,171,391
95,172,379
95,173,384
95,174,386
95,175,389
95,176,367
95,177,376
95,178,372
95,179,372
95,180,369
95,181,391
95,182,382
95,183,368
95,184,365
95,185,366
95,186,377
95,187,369
95,188,366
95,189,364
95,190,376
95,191,368
95,192,373
95,193,380
95,194,371
95,195,381
95,196,384
95,197,376
95,198,383
95,199,385
95,200,381
96,1,5
96,2,21
96,3,80
96,4,238
96,5,360
96,6,379
96,7,379
96,8,374
96,9,384
96,10,374
96,11,369
96,12,373
96,13,365
96,14,378
96,15,365
96,16,374
96,17,373
96,18,370
96,19,369
96,20,374
96,21,380
96,22,375
96,23,365
96,24,381
96,25,381
96,26,371
96,27,377
96,28,367
96,29,385
96,30,375
96,31,371
96,32,369
96,33,368
96,34,374
96,35,381
96,36,364
96,37,374
96,38,373
96,39,378
96,40,368
96,41,366
96,42,375
96,43,377
96,44,380
96,45,374
96,46,377
96,47,376
96,48,383
96,49,374
96,50,360
96,51,364
96,52,365
96,53,375
96,54,376
96,55,375
96,56,367
96,57,359
96,58,371
96,59,376
96,60,378
96,61,364
96,62,378
96,63,372
96,64,374
96,65,364
96,66,372
96,67,381
96,68,376
96,69,379
96,70,362
96,71,391
96,72,369
96,73,372
96,74,378
96,75,379
96,76,362
96,77,365
96,78,372
96,79,381
96,80,375
96,81,371
96,82,391
96,83,382
96,84,369
96,85,380
96,86,373
96,87,375
96,88,380
96,89,369
96,90,367
96,91,371
96,92,377
96,93,386
96,94,383
96,95,376
96,96,366
96,97,373
96,98,373
96,99,363
96,100,369
96,101,372
96,102,370
96,103,367
96,104,368
96,105,376
96,106,361
96,107,368
96,108,377
96,109,394
96,110,367
96,111,370
96,112,378
96,113,375
96,114,370
96,115,390
96,116,378
96,117,377
96,118,376
96,119,378
96,120,352
96,121,372
96,122,359
96,123,377
96,124,375
96,125,379
96,126,380
96,127,380
96,128,380
96,129,381
96,130,392
96,131,383
96,132,384
96,133,385
96,134,375
96,135,378
96,136,378
96,137,356
96,138,375
96,139,381
96,140,374
96,141,363
96,142,376
96,143,381
96,144,376
96,145,372
96,146,374
96,147,361
96,148,373
96,149,359
96,150,350
96,151,385
96,152,375
96,153,372
96,154,376
96,155,384
96,156,373
96,157,374
96,158,371
96,159,364
96,160,360
96,161,368
96,162,364
96,163,371
96,164,393
96,165,373
96,166,373
96,167,392
96,168,384
96,169,373
96,170,376
96,171,368
96,172,353
96,173,373
96,174,380
96,175,365
96,176,396
96,177,381
96,178,370
96,179,365
96,180,371
96,181,384
96,182,378
96,183,385
96,184,376
96,185,379
96,186,372
96,187,373
96,188,354
96,189,389
96,190,383
96,191,372
96,192,366
96,193,376
96,194,372
96,195,376
96,196,361
96,197,359
96,198,372
96,199,375
96,200,359
97,1,6
97,2,14
97,3,45
97,4,161
97,5,316
97,6,377
97,7,359
97,8,370
97,9,378
97,10,375
97,11,368
97,12,380
97,13,373
97,14,366
97,15,367
97,16,384
97,17,366
97,18,375
97,19,375
97,20,376
97,21,367
97,22,384
97,23,388
97,24,379
97,25,384
97,26,378
97,27,384
97,28,369
97,29,371
97,30,389
97,31,379
97,32,383
97,33,378
97,34,380
97,35,374
97,36,365
97,37,391
97,38,384
97,39,383
97,40,360
97,41,373
97,42,383
97,43,360
97,44,366
97,45,368
97,46,390
97,47,371
97,48,384
97,49,376
97,50,371
97,51,366
97,52,363
97,53,374
97,54,368
97,55,376
97,56,378
97,57,374
97,58,371
97,59,371
97,60,380
97,61,377
97,62,376
97,63,360
97,64,375
97,65,381
97,66,373
97,67,372
97,68,383
97,69,369
97,70,381
97,71,372
97,72,378
97,73,373
97,74,382
97,75,367
97,76,369
97,77,385
97,78,375
97,79,397
97,80,370
97,81,370
97,82,373
97,83,364
97,84,368
97,85,379
97,86,382
97,87,367
97,88,384
97,89,378
97,90,373
97,91,369
97,92,373
97,93,374
97,94,367
97,95,370
97,96,371
97,97,374
97,98,377
97,99,374
97,100,385
97,101,378
97,102,388
97,103,383
97,104,377
97,105,379
97,106,373
97,107,370
97,108,378
97,109,378
97,110,377
97,111,372
97,112,379
97,113,381
97,114,363
97,115,362
97,116,377
97,117,378
97,118,367
97,119,378
97,120,370
97,121,368
97,122,372
97,123,383
97,124,376
97,125,379
97,126,367
97,127,379
97,128,357
97,129,375
97,130,361
97,131,372
97,132,374
97,133,374
97,134,378
97,135,375
97,136,377
97,137,359
97,138,373
97,139,369
97,140,374
97,141,365
97,142,376
97,143,367
97,144,375
97,145,376
97,146,372
97,147,375
97,148,371
97,149,359
97,150,373
97,151,374
97,152,368
97,153,382
97,154,368
97,155,383
97,156,389
97,157,367
97,158,374
97,159,372
97,160,374
97,161,377
97,162,371
97,163,376
97,164,375
97,165,359
97,166,380
97,167,364
97,168,391
97,169,379
97,170,368
97,171,376
97,172,376
97,173,374
97,174,388
97,175,382
97,176,380
97,177,369
97,178,377
97,179,371
97,180,374
97,181,386
97,182,376
97,183,375
97,184,376
97,185,387
97,186,377
97,187,380
97,188,372
97,189,361
97,190,368
97,191,371
97,192,369
97,193,382
97,194,377
97,195,369
97,196,385
97,197,371
97,198,382
97,199,390
97,200,367
98,1,4
98,2,12
98,3,66
98,4,203
98,5,357
98,6,370
98,7,374
98,8,372
98,9,365
98,10,365
98,11,376
98,12,370
98,13,377
98,14,365
98,15,370
98,16,376
98,17,376
98,18,376
98,19,385
98,20,377
98,21,378
98,22,371
98,23,371
98,24,374
98,25,366
98,26,368
98,27,366
98,28,377
98,29,375
98,30,376
98,31,391
98,32,387
98,33,390
98,34,374
98,35,373
98,36,387
98,37,380
98,38,365
98,39,377
98,40,379
98,41,381
98,42,377
98,43,377
98,44,361
98,45,366
98,46,362
98,47,378
98,48,396
98,49,368
98,50,374
98,51,372
98,52,371
98,53,378
98,54,385
98,55,380
98,56,372
98,57,375
98,58,363
98,59,382
98,60,381
98,61,364
98,62,373
98,63,376
98,64,382
98,65,367
98,66,389
98,67,365
98,68,368
98,69,363
98,70,378
98,71,370
98,72,373
98,73,380
98,74,372
98,75,369
98,76,377
98,77,370
98,78,379
98,79,372
98,80,368
98,81,382
98,82,374
98,83,387
98,84,383
98,85,380
98,86,367
98,87,377
98,88,377
98,89,360
98,90,394
98,91,380
98,92,372
98,93,372
98,94,368
98,95,376
98,96,370
98,97,367
98,98,381
98,99,370
98,100,375
98,101,367
98,102,377
98,103,380
98,104,371
98,105,375
98,106,370
98,107,365
98,108,380
98,109,371
98,110,388
98,111,371
98,112,363
98,113,375
98,114,372
98,115,385
98,116,369
98,117,372
98,118,369
98,119,366
98,120,370
98,121,367
98,122,371
98,123,380
98,124,378
98,125,378
98,126,362
98,127,376
98,128,377
98,129,371
98,130,373
98,131,371
98,132,378
98,133,377
98,134,372
98,135,383
98,136,362
98,137,375
98,138,366
98,139,373
98,140,369
98,141,369
98,142,369
98,143,379
98,144,371
98,145,366
98,146,378
98,147,375
98,148,376
98,149,387
98,150,380
98,151,378
98,152,381
98,153,378
98,154,382
98,155,377
98,156,378
98,157,378
98,158,375
98,159,373
98,160,381
98,161,393
98,162,372
98,163,379
98,164,367
98,165,382
98,166,362
98,167,374
98,168,377
98,169,362
98,170,373
98,171,383
98,172,376
98,173,382
98,174,379
98,175,377
98,176,378
98,177,365
98,178,370
98,179,367
98,180,378
98,181,371
98,182,387
98,183,382
98,184,375
98,185,376
98,186,385
98,187,387
98,188,372
98,189,384
98,190,375
98,191,380
98,192,372
98,193,373
98,194,380
98,195,372
98,196,366
98,197,373
98,198,370
98,199,391
98,200,387
99,1,4
99,2,13
99,3,55
99,4,158
99,5,316
99,6,369
99,7,357
99,8,359
99,9,361
99,10,369
99,11,375
99,12,366
99,13,365
99,14,372
99,15,384
99,16,383
99,17,368
99,18,371
99,19,381
99,20,372
99,21,375
99,22,370
99,23,379
99,24,378
99,25,383
99,26,367
99,27,371
99,28,375
99,29,371
99,30,374
99,31,384
99,32,363
99,33,373
99,34,378
99,35,383
99,36,387
99,37,382
99,38,374
99,39,374
99,40,368
99,41,367
99,42,377
99,43,373
99,44,366
99,45,375
99,46,355
99,47,367
99,48,377
99,49,361
99,50,390
99,51,371
99,52,376
99,53,382
99,54,383
99,55,385
99,56,375
99,57,370
99,58,378
99,59,372
99,60,371
99,61,381
99,62,382
99,63,374
99,64,374
99,65,381
99,66,376
99,67,374
99,68,368
99,69,367
99,70,377
99,71,368
99,72,375
99,73,388
99,74,379
99,75,369
99,76,378
99,77,380
99,78,368
99,79,367
99,80,385
99,81,372
99,82,359
99,83,365
99,84,381
99,85,370
99,86,369
99,87,384
99,88,381
99,89,374
99,90,367
99,91,374
99,92,367
99,93,366
99,94,374
99,95,371
99,96,381
99,97,368
99,98,381
99,99,373
99,100,378
99,101,368
99,102,383
99,103,380
99,104,372
99,105,378
99,106,378
99,107,371
99,108,369
99,109,365
99,110,373
99,111,381
99,112,366
99,113,379
99,114,377
99,115,376
99,116,362
99,117,368
99,118,371
99,119,370
99,120,377
99,121,366
99,122,366
99,123,373
99,124,368
99,125,372
99,126,357
99,127,358
99,128,370
99,129,364
99,130,380
99,131,378
99,132,372
99,133,364
99,134,369
99,135,379
99,136,373
99,137,362
99,138,371
99,139,366
99,140,386
99,141,375
99,142,388
99,143,368
99,144,369
99,145,381
99,146,374
99,147,365
99,148,370
99,149,376
99,150,386
99,151,370
99,152,373
99,153,378
99,154,375
99,155,369
99,156,386
99,157,369
99,158,378
99,159,372
99,160,366
99,161,368
99,162,381
99,163,372
99,164,377
99,165,378
99,166,379
99,167,381
99,168,372
99,169,374
99,170,374
99,171,386
99,172,382
99,173,364
99,174,383
99,175,379
99,176,386
99,177,382
99,178,378
99,179,375
99,180,385
99,181,366
99,182,373
99,183,375
99,184,368
99,185,373
99,186,380
99,187,356
99,188,381
99,189,374
99,190,380
99,191,385
99,192,383
99,193,384
99,194,378
99,195,368
99,196,367
99,197,360
99,198,382
99,199,365
99,200,367
100,1,2
100,2,6
100,3,28
100,4,124
100,5,293
100,6,371
100,7,363
100,8,380
100,9,375
100,10,370
100,11,388
100,12,374
100,13,391
100,14,372
100,15,388
100,16,382
100,17,383
100,18,380
100,19,368
100,20,362
100,21,381
100,22,378
100,23,370
100,24,384
100,25,385
100,26,375
100,27,377
100,28,374
100,29,361
100,30,371
100,31,384
100,32,390
100,33,369
100,34,381
100,35,364
100,36,375
100,37,364
100,38,381
100,39,373
100,40,386
100,41,365
100,42,382
100,43,378
100,44,383
100,45,378
100,46,387
100,47,391
100,48,373
100,49,362
100,50,370
100,51,383
100,52,378
100,53,359
100,54,369
100,55,370
100,56,371
100,57,366
100,58,375
100,59,369
100,60,381
100,61,366
100,62,382
100,63,380
100,64,375
100,65,372
100,66,370
100,67,374
100,68,383
100,69,376
100,70,377
100,71,370
100,72,371
100,73,369
100,74,384
100,75,380
100,76,377
100,77,373
100,78,389
100,79,372
100,80,367
100,81,362
100,82,373
100,83,376
100,84,370
100,85,366
100,86,370
100,87,369
100,88,356
100,89,364
100,90,363
100,91,358
100,92,387
100,93,382
100,94,384
100,95,384
100,96,369
100,97,376
100,98,380
100,99,382
100,100,382
100,101,358
100,102,370
100,103,369
100,104,380
100,105,379
100,106,386
100,107,377
100,108,358
100,109,379
100,110,377
100,111,361
100,112,374
100,113,378
100,114,364
100,115,377
100,116,386
100,117,371
100,118,378
100,119,376
100,120,374
100,121,370
100,122,374
100,123,377
100,124,373
100,125,373
100,126,375
100,127,381
100,128,380
100,129,373
100,130,379
100,131,375
100,132,369
100,133,377
100,134,373
100,135,378
100,136,370
100,137,369
100,138,374
100,139,376
100,140,371
100,141,384
100,142,379
100,143,374
100,144,367
100,145,364
100,146,371
100,147,373
100,148,365
100,149,372
100,150,368
100,151,373
100,152,373
100,153,384
100,154,386
100,155,370
100,156,377
100,157,378
100,158,368
100,159,373
100,160,362
100,161,369
100,162,376
100,163,374
100,164,383
100,165,370
100,166,368
100,167,373
100,168,376
100,169,390
100,170,376
100,171,361
100,172,380
100,173,368
100,174,368
100,175,379
100,176,385
100,177,361
100,178,365
100,179,378
100,180,381
100,181,379
100,182,372
100,183,384
100,184,368
100,185,362
100,186,373
100,187,378
100,188,372
100,189,372
100,190,370
100,191,378
100,192,375
100,193,370
100,194,377
100,195,368
100,196,359
100,197,369
100,198,378
100,199,357
100,200,375
101,1,4
101,2,15
101,3,48
101,4,153
101,5,304
101,6,359
101,7,370
101,8,386
101,9,376
101,10,379
101,11,362
101,12,380
101,13,368
101,14,385
101,15,377
101,16,384
101,17,380
101,18,378
101,19,376
101,20,379
101,21,381
101,22,365
101,23,379
101,24,369
101,25,375
101,26,367
101,27,362
101,28,378
101,29,378
101,30,378
101,31,380
101,32,386
101,33,363
101,34,368
101,35,363
101,36,379
101,37,385
101,38,379
101,39,364
101,40,360
101,41,371
101,42,372
101,43,370
101,44,372
101,45,373
101,46,371
101,47,368
101,48,364
101,49,379
101,50,371
101,51,379
101,52,376
101,53,352
101,54,377
101,55,376
101,56,383
101,57,377
101,58,376
101,59,372
101,60,363
101,61,382
101,62,380
101,63,377
101,64,379
101,65,374
101,66,368
101,67,371
101,68,356
101,69,369
101,70,372
101,71,392
101,72,382
101,73,374
101,74,376
101,75,383
101,76,377
101,77,361
101,78,374
101,79,384
101,80,365
101,81,384
101,82,369
101,83,373
101,84,382
101,85,367
101,86,376
101,87,369
101,88,367
101,89,371
101,90,376
101,91,367
101,92,368
101,93,376
101,94,359
101,95,376
101,96,376
101,97,369
101,98,359
101,99,371
101,100,393
101,101,372
101,102,379
101,103,385
101,104,376
101,105,367
101,106,369
101,107,367
101,108,365
101,109,387
101,110,371
101,111,359
101,112,370
101,113,365
101,114,364
101,115,388
101,116,373
101,117,365
101,118,378
101,119,375
101,120,372
101,121,388
101,122,368
101,123,381
101,124,376
101,125,376
101,126,379
101,127,382
101,128,384
101,129,370
101,130,383
101,131,380
101,132,376
101,133,384
101,134,370
101,135,390
101,136,371
101,137,367
101,138,380
101,139,368
101,140,383
101,141,376
101,142,369
101,143,369
101,144,375
101,145,380
101,146,376
101,147,380
101,148,378
101,149,374
101,150,380
101,151,383
101,152,366
101,153,367
101,154,383
101,155,369
101,156,373
101,157,388
101,158,367
101,159,375
101,160,375
101,161,377
101,162,382
101,163,379
101,164,363
101,165,373
101,166,379
101,167,373
101,168,372
101,169,379
101,170,360
101,171,377
101,172,377
101,173,370
101,174,379
101,175,364
101,176,381
101,177,374
101,178,374
101,179,368
101,180,360
101,181,351
101,182,366
101,183,362
101,184,378
101,185,383
101,186,365
101,187,377
101,188,381
101,189,371
101,190,370
101,191,366
101,192,380
101,193,368
101,194,374
101,195,371
101,196,369
101,197,371
101,198,375
101,199,376
101,200,376
102,1,2
102,2,11
102,3,47
102,4,166
102,5,345
102,6,356
102,7,369
102,8,379
102,9,375
102,10,373
102,11,366
102,12,366
102,13,366
102,14,371
102,15,362
102,16,368
102,17,379
102,18,372
102,19,366
102,20,373
102,21,376
102,22,363
102,23,376
102,24,375
102,25,380
102,26,378
102,27,374
102,28,374
102,29,380
102,30,379
102,31,378
102,32,376
102,33,376
102,34,368
102,35,348
102,36,364
102,37,377
102,38,360
102,39,375
102,40,363
102,41,380
102,42,364
102,43,369
102,44,377
102,45,381
102,46,384
102,47,361
102,48,386
102,49,369
102,50,373
102,51,372
102,52,367
102,53,370
102,54,391
102,55,393
102,56,380
102,57,373
102,58,389
102,59,377
102,60,374
102,61,379
102,62,365
102,63,384
102,64,379
102,65,377
102,66,377
102,67,385
102,68,374
102,69,370
102,70,376
102,71,364
102,72,366
102,73,387
102,74,377
102,75,372
102,76,388
102,77,375
102,78,370
102,79,378
102,80,374
102,81,374
102,82,364
102,83,369
102,84,370
102,85,370
102,86,362
102,87,367
102,88,371
102,89,369
102,90,385
102,91,375
102,92,362
102,93,371
102,94,377
102,95,378
102,96,380
102,97,387
102,98,364
102,99,374
102,100,387
102,101,376
102,102,379
102,103,371
102,104,375
102,105,376
102,106,373
102,107,368
102,108,362
102,109,382
102,110,384
102,111,388
102,112,365
102,113,376
102,114,387
102,115,365
102,116,374
102,117,381
102,118,380
102,119,391
102,120,373
102,121,370
102,122,389
102,123,373
102,124,365
102,125,373
102,126,360
102,127,362
102,128,375
102,129,363
102,130,375
102,131,365
102,132,368
102,133,377
102,134,369
102,135,378
102,136,389
102,137,374
102,138,373
102,139,390
102,140,385
102,141,381
102,142,368
102,143,388
102,144,375
102,145,378
102,146,381
102,147,361
102,148,370
102,149,379
102,150,372
102,151,377
102,152,378
102,153,360
102,154,376
102,155,385
102,156,378
102,157,389
102,158,377
102,159,374
102,160,363
102,161,380
102,162,379
102,163,380
102,164,371
102,165,390
102,166,376
102,167,378
102,168,381
102,169,378
102,170,383
102,171,381
102,172,382
102,173,380
102,174,383
102,175,379
102,176,380
102,177,390
102,178,384
102,179,374
102,180,361
102,181,375
102,182,379
102,183,367
102,184,382
102,185,375
102,186,366
102,187,376
102,188,382
102,189,373
102,190,370
102,191,379
102,192,377
102,193,369
102,194,363
102,195,378
102,196,380
102,197,376
102,198,385
102,199,373
102,200,382
103,1,5
103,2,14
103,3,51
103,4,162
103,5,315
103,6,371
103,7,380
103,8,369
103,9,383
103,10,389
103,11,374
103,12,367
103,13,365
103,14,376
103,15,369
103,16,396
103,17,365
103,18,375
103,19,363
103,20,376
103,21,381
103,22,387
103,23,369
103,24,371
103,25,381
103,26,370
103,27,367
103,28,367
103,29,369
103,30,370
103,31,369
103,32,372
103,33,370
103,34,375
103,35,370
103,36,357
103,37,368
103,38,383
103,39,377
103,40,389
103,41,377
103,42,372
103,43,380
103,44,368
103,45,374
103,46,382
103,47,374
103,48,373
103,49,380
103,50,383
103,51,391
103,52,361
103,53,374
103,54,380
103,55,367
103,56,369
103,57,375
103,58,374
103,59,371
103,60,358
103,61,377
103,62,359
103,63,363
103,64,378
103,65,370
103,66,374
103,67,362
103,68,383
103,69,372
103,70,373
103,71,369
103,72,379
103,73,376
103,74,361
103,75,370
103,76,380
103,77,357
103,78,374
103,79,368
103,80,377
103,81,372
103,82,369
103,83,372
103,84,375
103,85,364
103,86,385
103,87,384
103,88,380
103,89,378
103,90,376
103,91,374
103,92,367
103,93,374
103,94,379
103,95,380
103,96,384
103,97,371
103,98,376
103,99,375
103,100,375
103,101,383
103,102,366
103,103,364
103,104,377
103,105,381
103,106,390
103,107,365
103,108,371
103,109,374
103,110,375
103,111,368
103,112,364
103,113,372
103,114,378
103,115,372
103,116,368
103,117,370
103,118,375
103,119,377
103,120,383
103,121,380
103,122,373
103,123,376
103,124,373
103,125,371
103,126,380
103,127,363
103,128,366
103,129,370
103,130,389
103,131,378
103,132,369
103,133,377
103,134,368
103,135,357
103,136,365
103,137,378
103,138,375
103,139,372
103,140,389
103,141,380
103,142,369
103,143,377
103,144,355
103,145,381
103,146,362
103,147,370
103,148,365
103,149,385
103,150,380
103,151,379
103,152,374
103,153,371
103,154,370
103,155,374
103,156,366
103,157,374
103,158,370
103,159,376
103,160,366
103,161,375
103,162,379
103,163,364
103,164,354
103,165,372
103,166,375
103,167,379
103,168,370
103,169,363
103,170,366
103,171,370
103,172,370
103,173,383
103,174,383
103,175,369
103,176,357
103,177,368
103,178,376
103,179,377
103,180,377
103,181,373
103,182,362
103,183,371
103,184,374
103,185,369
103,186,374
103,187,366
103,188,382
103,189,384
103,190,373
103,191,388
103,192,371
103,193,374
103,194,389
103,195,375
103,196,367
103,197,366
103,198,382
103,199,368
103,200,373
104,1,6
104,2,21
104,3,87
104,4,241
104,5,355
104,6,372
104,7,372
104,8,372
104,9,376
104,10,363
104,11,381
104,12,374
104,13,383
104,14,369
104,15,384
104,16,372
104,17,373
104,18,363
104,19,370
104,20,379
104,21,378
104,22,364
104,23,357
104,24,357
104,25,375
104,26,379
104,27,362
104,28,365
104,29,375
104,30,373
104,31,364
104,32,382
104,33,375
104,34,386
104,35,368
104,36,382
104,37,381
104,38,371
104,39,362
104,40,366
104,41,365
104,42,366
104,43,373
104,44,368
104,45,370
104,46,373
104,47,380
104,48,364
104,49,368
104,50,366
104,51,368
104,52,381
104,53,362
104,54,358
104,55,380
104,56,377
104,57,376
104,58,378
104,59,362
104,60,375
104,61,370
104,62,369
104,63,379
104,64,376
104,65,376
104,66,371
104,67,379
104,68,368
104,69,374
104,70,372
104,71,376
104,72,370
104,73,381
104,74,385
104,75,378
104,76,370
104,77,373
104,78,382
104,79,377
104,80,374
104,81,374
104,82,387
104,83,383
104,84,367
104,85,385
104,86,361
104,87,371
104,88,388
104,89,369
104,90,380
104,91,378
104,92,368
104,93,367
104,94,378
104,95,369
104,96,359
104,97,372
104,98,382
104,99,386
104,100,380
104,101,373
104,102,381
104,103,383
104,104,356
104,105,375
104,106,369
104,107,377
104,108,370
104,109,366
104,110,374
104,111,370
104,112,382
104,113,369
104,114,376
104,115,376
104,116,372
104,117,386
104,118,381
104,119,389
104,120,387
104,121,371
104,122,373
104,123,374
104,124,377
104,125,374
104,126,363
104,127,378
104,128,359
104,129,374
104,130,364
104,131,366
104,132,370
104,133,385
104,134,375
104,135,372
104,136,357
104,137,376
104,138,376
104,139,366
104,140,356
104,141,361
104,142,373
104,143,369
104,144,379
104,145,394
104,146,371
104,147,380
104,148,376
104,149,374
104,150,375
104,151,385
104,152,383
104,153,370
104,154,376
104,155,370
104,156,351
104,157,368
104,158,378
104,159,387
104,160,374
104,161,378
104,162,369
104,163,384
104,164,384
104,165,379
104,166,372
104,167,376
104,168,380
104,169,364
104,170,379
104,171,379
104,172,371
104,173,381
104,174,365
104,175,360
104,176,395
104,177,369
104,178,375
104,179,377
104,180,380
104,181,387
104,182,386
104,183,379
104,184,369
104,185,375
104,186,368
104,187,373
104,188,361
104,189,374
104,190,381
104,191,364
104,192,379
104,193,372
104,194,368
104,195,363
104,196,364
104,197,373
104,198,370
104,199,379
104,200,380
105,1,5
105,2,17
105,3,59
105,4,176
105,5,316
105,6,375
105,7,378
105,8,379
105,9,369
105,10,388
105,11,379
105,12,363
105,13,378
105,14,363
105,15,370
105,16,392
105,17,379
105,18,371
105,19,371
105,20,379
105,21,361
105,22,380
105,23,385
105,24,378
105,25,378
105,26,373
105,27,368
105,28,373
105,29,377
105,30,353
105,31,367
105,32,374
105,33,366
105,34,375
105,35,370
105,36,365
105,37,373
105,38,387
105,39,375
105,40,374
105,41,374
105,42,368
105,43,381
105,44,371
105,45,371
105,46,375
105,47,362
105,48,363
105,49,378
105,50,376
105,51,358
105,52,371
105,53,383
105,54,373
105,55,387
105,56,369
105,57,377
105,58,379
105,59,359
105,60,361
105,61,388
105,62,370
105,63,380
105,64,385
105,65,363
105,66,378
105,67,366
105,68,383
105,69,379
105,70,373
105,71,374
105,72,369
105,73,373
105,74,367
105,75,384
105,76,365
105,77,372
105,78,365
105,79,369
105,80,358
105,81,379
105,82,373
105,83,365
105,84,365
105,85,372
105,86,383
105,87,374
105,88,372
105,89,380
105,90,375
105,91,364
105,92,362
105,93,376
105,94,376
105,95,363
105,96,372
105,97,377
105,98,371
105,99,375
105,100,375
105,101,379
105,102,381
105,103,382
105,104,369
105,105,381
105,106,365
105,107,374
105,108,373
105,109,375
105,110,380
105,111,370
105,112,383
105,113,374
105,114,374
105,115,377
105,116,379
105,117,368
105,118,385
105,119,364
105,120,373
105,121,374
105,122,366
105,123,367
105,124,380
105,125,370
105,126,364
105,127,366
105,128,368
105,129,383
105,130,367
105,131,377
105,132,374
105,133,376
105,134,380
105,135,374
105,136,371
105,137,358
105,138,364
105,139,373
105,140,372
105,141,374
105,142,372
105,143,376
105,144,365
105,145,382
105,146,376
105,147,371
105,148,390
105,149,363
105,150,377
105,151,374
105,152,371
105,153,377
105,154,374
105,155,383
105,156,370
105,157,373
105,158,367
105,159,382
105,160,372
105,161,378
105,162,363
105,163,367
105,164,374
105,165,385
105,166,394
105,167,377
105,168,372
105,169,382
105,170,368
105,171,381
105,172,371
105,173,372
105,174,383
105,175,358
105,176,376
105,177,381
105,178,384
105,179,370
105,180,368
105,181,364
105,182,375
105,183,378
105,184,369
105,185,375
105,186,365
105,187,359
105,188,365
105,189,376
105,190,374
105,191,373
105,192,370
105,193,385
105,194,375
105,195,377
105,196,374
105,197,379
105,198,363
105,199,378
105,200,390
106,1,7
106,2,35
106,3,119
106,4,279
106,5,364
106,6,370
106,7,369
106,8,370
106,9,367
106,10,378
106,11,356
106,12,362
106,13,381
106,14,378
106,15,388
106,16,368
106,17,375
106,18,376
106,19,371
106,20,377
106,21,370
106,22,366
106,23,364
106,24,384
106,25,378
106,26,370
106,27,374
106,28,357
106,29,360
106,30,366
106,31,365
106,32,384
106,33,366
106,34,376
106,35,376
106,36,375
106,37,372
106,38,391
106,39,381
106,40,375
106,41,389
106,42,376
106,43,385
106,44,367
106,45,376
106,46,366
106,47,381
106,48,387
106,49,372
106,50,370
106,51,369
106,52,379
106,53,379
106,54,364
106,55,376
106,56,368
106,57,359
106,58,378
106,59,369
106,60,372
106,61,373
106,62,365
106,63,361
106,64,371
106,65,371
106,66,384
106,67,365
106,68,382
106,69,372
106,70,377
106,71,391
106,72,388
106,73,371
106,74,373
106,75,371
106,76,379
106,77,380
106,78,373
106,79,388
106,80,371
106,81,376
106,82,364
106,83,386
106,84,373
106,85,379
106,86,371
106,87,374
106,88,375
106,89,371
106,90,377
106,91,372
106,92,364
106,93,365
106,94,387
106,95,384
106,96,386
106,97,385
106,98,385
106,99,366
106,100,369
106,101,383
106,102,379
106,103,373
106,104,363
106,105,376
106,106,388
106,107,371
106,108,384
106,109,371
106,110,377
106,111,364
106,112,367
106,113,384
106,114,368
106,115,371
106,116,366
106,117,368
106,118,366
106,119,363
106,120,371
106,121,363
106,122,376
106,123,367
106,124,357
106,125,375
106,126,376
106,127,376
106,128,382
106,129,376
106,130,374
106,131,371
106,132,367
106,133,370
106,134,374
106,135,376
106,136,385
106,137,374
106,138,381
106,139,372
106,140,375
106,141,372
106,142,380
106,143,369
106,144,380
106,145,377
106,146,374
106,147,378
106,148,380
106,149,379
106,150,381
106,151,367
106,152,369
106,153,368
106,154,379
106,155,376
106,156,384
106,157,379
106,158,367
106,159,376
106,160,373
106,161,361
106,162,375
106,163,385
106,164,361
106,165,372
106,166,371
106,167,367
106,168,375
106,169,377
106,170,378
106,171,378
106,172,375
106,173,375
106,174,379
106,175,371
106,176,379
106,177,369
106,178,361
106,179,381
106,180,369
106,181,367
106,182,370
106,183,365
106,184,375
106,185,368
106,186,380
106,187,384
106,188,383
106,189,360
106,190,373
106,191,383
106,192,370
106,193,356
106,194,368
106,195,368
106,196,368
106,197,380
106,198,371
106,199,373
106,200,374
107,1,5
107,2,16
107,3,77
107,4,208
107,5,348
107,6,381
107,7,375
107,8,365
107,9,377
107,10,377
107,11,363
107,12,375
107,13,365
107,14,381
107,15,375
107,16,383
107,17,382
107,18,362
107,19,350
107,20,369
107,21,371
107,22,367
107,23,364
107,24,378
107,25,375
107,26,382
107,27,375
107,28,374
107,29,362
107,30,383
107,31,377
107,32,382
107,33,383
107,34,385
107,35,381
107,36,375
107,37,368
107,38,377
107,39,356
107,40,364
107,41,373
107,42,358
107,43,375
107,44,365
107,45,372
107,46,373
107,47,370
107,48,374
107,49,380
107,50,376
107,51,348
107,52,366
107,53,369
107,54,376
107,55,373
107,56,375
107,57,366
107,58,386
107,59,369
107,60,363
107,61,370
107,62,366
107,63,366
107,64,370
107,65,377
107,66,376
107,67,371
107,68,363
107,69,388
107,70,368
107,71,372
107,72,376
107,73,377
107,74,366
107,75,381
107,76,372
107,77,380
107,78,378
107,79,372
107,80,376
107,81,378
107,82,369
107,83,379
107,84,373
107,85,369
107,86,366
107,87,373
107,88,380
107,89,374
107,90,390
107,91,374
107,92,383
107,93,365
107,94,366
107,95,362
107,96,369
107,97,362
107,98,383
107,99,379
107,100,365
107,101,382
107,102,368
107,103,386
107,104,381
107,105,383
107,106,376
107,107,375
107,108,377
107,109,377
107,110,371
107,111,377
107,112,369
107,113,370
107,114,373
107,115,371
107,116,377
107,117,390
107,118,390
107,119,360
107,120,380
107,121,381
107,122,366
107,123,375
107,124,375
107,125,375
107,126,370
107,127,372
107,128,392
107,129,374
107,130,377
107,131,387
107,132,363
107,133,389
107,134,377
107,135,378
107,136,367
107,137,382
107,138,371
107,139,372
107,140,372
107,141,371
107,142,370
107,143,369
107,144,371
107,145,373
107,146,376
107,147,379
107,148,380
107,149,370
107,150,363
107,151,364
107,152,385
107,153,381
107,154,378
107,155,372
107,156,360
107,157,365
107,158,391
107,159,369
107,160,361
107,161,381
107,162,369
107,163,377
107,164,384
107,165,365
107,166,383
107,167,383
107,168,370
107,169,370
107,170,371
107,171,372
107,172,377
107,173,384
107,174,382
107,175,378
107,176,374
107,177,369
107,178,378
107,179,382
107,180,375
107,181,378
107,182,378
107,183,375
107,184,374
107,185,372
107,186,381
107,187,375
107,188,389
107,189,373
107,190,376
107,191,371
107,192,366
107,193,383
107,194,365
107,195,359
107,196,382
107,197,377
107,198,375
107,199,374
107,200,380
108,1,5
108,2,14
108,3,61
108,4,190
108,5,349
108,6,364
108,7,360
108,8,376
108,9,385
108,10,373
108,11,368
108,12,363
108,13,366
108,14,374
108,15,374
108,16,388
108,17,377
108,18,388
108,19,376
108,20,367
108,21,362
108,22,378
108,23,373
108,24,379
108,25,378
108,26,378
108,27,363
108,28,374
108,29,367
108,30,382
108,31,378
108,32,366
108,33,385
108,34,368
108,35,367
108,36,380
108,37,383
108,38,367
108,39,370
108,40,386
108,41,392
108,42,383
108,43,385
108,44,360
108,45,370
108,46,366
108,47,383
108,48,380
108,49,367
108,50,377
108,51,377
108,52,381
108,53,373
108,54,381
108,55,384
108,56,369
108,57,359
108,58,361
108,59,393
108,60,376
108,61,380
108,62,376
108,63,372
108,64,373
108,65,353
108,66,381
108,67,375
108,68,377
108,69,369
108,70,381
108,71,373
108,72,383
108,73,369
108,74,363
108,75,381
108,76,393
108,77,372
108,78,385
108,79,372
108,80,377
108,81,373
108,82,381
108,83,378
108,84,370
108,85,366
108,86,370
108,87,371
108,88,375
108,89,384
108,90,372
108,91,377
108,92,380
108,93,375
108,94,365
108,95,376
108,96,368
108,97,374
108,98,382
108,99,378
108,100,381
108,101,365
108,102,379
108,103,379
108,104,376
108,105,375
108,106,362
108,107,378
108,108,367
108,109,385
108,110,370
108,111,376
108,112,360
108,113,376
108,114,376
108,115,381
108,116,369
108,117,369
108,118,382
108,119,382
108,120,363
108,121,369
108,122,370
108,123,384
108,124,368
108,125,387
108,126,382
108,127,371
108,128,381
108,129,366
108,130,363
108,131,383
108,132,360
108,133,368
108,134,378
108,135,377
108,136,375
108,137,373
108,138,362
108,139,378
108,140,368
108,141,376
108,142,382
108,143,350
108,144,379
108,145,366
108,146,384
108,147,380
108,148,374
108,149,372
108,150,378
108,151,366
108,152,369
108,153,371
108,154,390
108,155,390
108,156,380
108,157,381
108,158,358
108,159,386
108,160,371
108,161,354
108,162,367
108,163,381
108,164,374
108,165,368
108,166,361
108,167,378
108,168,376
108,169,368
108,170,381
108,171,369
108,172,363
108,173,360
108,174,377
108,175,380
108,176,377
108,177,377
108,178,372
108,179,386
108,180,376
108,181,369
108,182,389
108,183,367
108,184,381
108,185,376
108,186,367
108,187,363
108,188,381
108,189,374
108,190,372
108,191,373
108,192,370
108,193,368
108,194,383
108,195,368
108,196,383
108,197,385
108,198,366
108,199,377
108,200,388
109,1,1
109,2,2
109,3,4
109,4,13
109,5,40
109,6,143
109,7,292
109,8,368
109,9,363
109,10,368
109,11,377
109,12,373
109,13,378
109,14,386
109,15,374
109,16,381
109,17,383
109,18,365
109,19,375
109,20,372
109,21,376
109,22,365
109,23,379
109,24,371
109,25,372
109,26,370
109,27,371
109,28,370
109,29,374
109,30,371
109,31,385
109,32,372
109,33,384
109,34,393
109,35,375
109,36,382
109,37,373
109,38,379
109,39,373
109,40,369
109,41,373
109,42,377
109,43,377
109,44,353
109,45,370
109,46,375
109,47,375
109,48,373
109,49,360
109,50,375
109,51,371
109,52,375
109,53,376
109,54,380
109,55,367
109,56,363
109,57,378
109,58,377
109,59,379
109,60,360
109,61,374
109,62,369
109,63,370
109,64,369
109,65,369
109,66,376
109,67,379
109,68,375
109,69,369
109,70,369
109,71,377
109,72,382
109,73,370
109,74,379
109,75,375
109,76,369
109,77,381
109,78,379
109,79,375
109,80,369
109,81,364
109,82,372
109,83,373
109,84,389
109,85,371
109,86,378
109,87,388
109,88,394
109,89,369
109,90,377
109,91,373
109,92,377
109,93,367
109,94,385
109,95,367
109,96,380
109,97,371
109,98,370
109,99,364
109,100,374
109,101,360
109,102,383
109,103,378
109,104,367
109,105,377
109,106,367
109,107,377
109,108,381
109,109,360
109,110,376
109,111,379
109,112,386
109,113,369
109,114,374
109,115,362
109,116,370
109,117,384
109,118,364
109,119,375
109,120,389
109,121,375
109,122,383
109,123,377
109,124,377
109,125,381
109,126,374
109,127,370
109,128,376
109,129,384
109,130,369
109,131,364
109,132,365
109,133,392
109,134,368
109,135,372
109,136,386
109,137,379
109,138,386
109,139,378
109,140,388
109,141,377
109,142,377
109,143,369
109,144,382
109,145,369
109,146,375
109,147,380
109,148,383
109,149,378
109,150,381
109,151,380
109,152,359
109,153,379
109,154,378
109,155,368
109,156,386
109,157,370
109,158,381
109,159,380
109,160,363
109,161,369
109,162,382
109,163,365
109,164,368
109,165,386
109,166,381
109,167,375
109,168,364
109,169,386
109,170,374
109,171,381
109,172,379
109,173,365
109,174,379
109,175,366
109,176,388
109,177,370
109,178,380
109,179,379
109,180,374
109,181,360
109,182,359
109,183,382
109,184,359
109,185,373
109,186,375
109,187,389
109,188,381
109,189,357
109,190,383
109,191,381
109,192,367
109,193,368
109,194,385
109,195,381
109,196,387
109,197,366
109,198,370
109,199,377
109,200,366
110,1,5
110,2,21
110,3,63
110,4,196
110,5,337
110,6,371
110,7,362
110,8,376
110,9,366
110,10,375
110,11,372
110,12,381
110,13,369
110,14,368
110,15,377
110,16,383
110,17,376
110,18,378
110,19,371
110,20,381
110,21,375
110,22,365
110,23,381
110,24,373
110,25,373
110,26,368
110,27,379
110,28,361
110,29,354
110,30,372
110,31,396
110,32,378
110,33,374
110,34,366
110,35,372
110,36,369
110,37,377
110,38,380
110,39,370
110,40,382
110,41,384
110,42,380
110,43,375
110,44,384
110,45,382
110,46,378
110,47,372
110,48,370
110,49,374
110,50,372
110,51,367
110,52,374
110,53,379
110,54,358
110,55,373
110,56,373
110,57,361
110,58,369
110,59,372
110,60,382
110,61,398
110,62,380
110,63,379
110,64,358
110,65,368
110,66,376
110,67,388
110,68,360
110,69,370
110,70,376
110,71,376
110,72,367
110,73,380
110,74,371
110,75,381
110,76,370
110,77,372
110,78,376
110,79,377
110,80,376
110,81,359
110,82,375
110,83,382
110,84,382
110,85,364
110,86,368
110,87,384
110,88,372
110,89,371
110,90,375
110,91,382
110,92,373
110,93,384
110,94,370
110,95,366
110,96,382
110,97,390
110,98,372
110,99,373
110,100,375
110,101,372
110,102,372
110,103,371
110,104,382
110,105,376
110,106,370
110,107,362
110,108,373
110,109,367
110,110,376
110,111,382
110,112,365
110,113,387
110,114,381
110,115,369
110,116,367
110,117,369
110,118,377
110,119,363
110,120,371
110,121,355
110,122,375
110,123,367
110,124,375
110,125,371
110,126,384
110,127,382
110,128,377
110,129,372
110,130,365
110,131,384
110,132,370
110,133,363
110,134,367
110,135,386
110,136,380
110,137,366
110,138,371
110,139,378
110,140,379
110,141,369
110,142,367
110,143,370
110,144,372
110,145,364
110,146,366
110,147,363
110,148,376
110,149,368
110,150,378
110,151,379
110,152,373
110,153,376
110,154,369
110,155,359
110,156,380
110,157,375
110,158,385
110,159,376
110,160,366
110,161,387
110,162,376
110,163,370
110,164,368
110,165,376
110,166,383
110,167,378
110,168,368
110,169,370
110,170,371
110,171,378
110,172,359
110,173,379
110,174,371
110,175,347
110,176,367
110,177,375
110,178,380
110,179,371
110,180,372
110,181,373
110,182,385
110,183,378
110,184,376
110,185,381
110,186,378
110,187,385
110,188,372
110,189,371
110,190,362
110,191,372
110,192,372
110,193,372
110,194,369
110,195,370
110,196,371
110,197,367
110,198,366
110,199,386
110,200,372
111,1,6
111,2,19
111,3,76
111,4,199
111,5,338
111,6,372
111,7,382
111,8,372
111,9,377
111,10,369
111,11,373
111,12,378
111,13,379
111,14,374
111,15,366
111,16,364
111,17,363
111,18,389
111,19,370
111,20,377
111,21,384
111,22,376
111,23,381
111,24,379
111,25,369
111,26,362
111,27,374
111,28,370
111,29,374
111,30,367
111,31,378
111,32,367
111,33,383
111,34,382
111,35,366
111,36,364
111,37,374
111,38,385
111,39,390
111,40,370
111,41,367
111,42,372
111,43,371
111,44,379
111,45,367
111,46,380
111,47,372
111,48,382
111,49,364
111,50,381
111,51,379
111,52,364
111,53,372
111,54,378
111,55,386
111,56,371
111,57,379
111,58,373
111,59,374
111,60,374
111,61,372
111,62,373
111,63,374
111,64,379
111,65,374
111,66,373
111,67,381
111,68,374
111,69,362
111,70,369
111,71,371
111,72,377
111,73,369
111,74,381
111,75,373
111,76,365
111,77,374
111,78,380
111,79,381
111,80,388
111,81,376
111,82,369
111,83,378
111,84,362
111,85,376
111,86,381
111,87,369
111,88,363
111,89,367
111,90,376
111,91,371
111,92,375
111,93,368
111,94,355
111,95,371
111,96,374
111,97,383
111,98,370
111,99,374
111,100,361
111,101,382
111,102,380
111,103,374
111,104,380
111,105,371
111,106,371
111,107,374
111,108,366
111,109,385
111,110,364
111,111,376
111,112,363
111,113,359
111,114,360
111,115,360
111,116,371
111,117,379
111,118,371
111,119,370
111,120,371
111,121,379
111,122,379
111,123,367
111,124,365
111,125,383
111,126,381
111,127,364
111,128,385
111,129,384
111,130,358
111,131,393
111,132,373
111,133,379
111,134,375
111,135,380
111,136,374
111,137,377
111,138,369
111,139,381
111,140,372
111,141,388
111,142,378
111,143,377
111,144,379
111,145,366
111,146,382
111,147,373
111,148,374
111,149,370
111,150,373
111,151,355
111,152,371
111,153,372
111,154,383
111,155,373
111,156,370
111,157,378
111,158,376
111,159,355
111,160,377
111,161,368
111,162,378
111,163,370
111,164,377
111,165,377
111,166,369
111,167,385
111,168,377
111,169,372
111,170,382
111,171,373
111,172,368
111,173,362
111,174,376
111,175,359
111,176,376
111,177,381
111,178,390
111,179,368
111,180,375
111,181,367
111,182,363
111,183,369
111,184,375
111,185,368
111,186,377
111,187,371
111,188,375
111,189,384
111,190,378
111,191,379
111,192,370
111,193,379
111,194,367
111,195,367
111,196,363
111,197,368
111,198,383
111,199,386
111,200,384
112,1,4
112,2,19
112,3,59
112,4,186
112,5,322
112,6,364
112,7,365
112,8,365
112,9,380
112,10,371
112,11,361
112,12,380
112,13,373
112,14,388
112,15,381
112,16,383
112,17,370
112,18,363
112,19,364
112,20,368
112,21,375
112,22,364
112,23,381
112,24,376
112,25,384
112,26,374
112,27,357
112,28,384
112,29,360
112,30,375
112,31,372
112,32,390
112,33,373
112,34,367
112,35,378
112,36,384
112,37,376
112,38,379
112,39,385
112,40,367
112,41,364
112,42,367
112,43,377
112,44,380
112,45,365
112,46,374
112,47,373
112,48,374
112,49,384
112,50,373
112,51,370
112,52,365
112,53,368
112,54,388
112,55,403
112,56,375
112,57,378
112,58,374
112,59,377
112,60,371
112,61,377
112,62,374
112,63,372
112,64,372
112,65,378
112,66,366
112,67,375
112,68,378
112,69,367
112,70,365
112,71,359
112,72,381
112,73,381
112,74,362
112,75,379
112,76,372
112,77,378
112,78,379
112,79,372
112,80,385
112,81,380
112,82,373
112,83,373
112,84,376
112,85,364
112,86,375
112,87,371
112,88,392
112,89,373
112,90,379
112,91,382
112,92,370
112,93,372
112,94,372
112,95,358
112,96,368
112,97,369
112,98,367
112,99,382
112,100,377
112,101,380
112,102,371
112,103,364
112,104,373
112,105,377
112,106,376
112,107,379
112,108,381
112,109,381
112,110,368
112,111,369
112,112,364
112,113,373
112,114,379
112,115,383
112,116,379
112,117,372
112,118,367
112,119,375
112,120,378
112,121,371
112,122,383
112,123,370
112,124,370
112,125,360
112,126,384
112,127,381
112,128,370
112,129,381
112,130,387
112,131,374
112,132,382
112,133,382
112,134,382
112,135,371
112,136,377
112,137,372
112,138,380
112,139,374
112,140,379
112,141,368
112,142,383
112,143,379
112,144,387
112,145,382
112,146,375
112,147,363
112,148,378
112,149,384
112,150,372
112,151,383
112,152,368
112,153,365
112,154,370
112,155,382
112,156,358
112,157,382
112,158,378
112,159,385
112,160,379
112,161,365
112,162,372
112,163,374
112,164,369
112,165,383
112,166,379
112,167,381
112,168,383
112,169,376
112,170,361
112,171,382
112,172,373
112,173,377
112,174,382
112,175,396
112,176,382
112,177,373
112,178,373
112,179,373
112,180,390
112,181,376
112,182,384
112,183,379
112,184,379
112,185,374
112,186,373
112,187,373
112,188,385
112,189,377
112,190,389
112,191,378
112,192,360
112,193,366
112,194,377
112,195,382
112,196,371
112,197,375
112,198,377
112,199,373
112,200,365
113,1,4
113,2,17
113,3,66
113,4,211
113,5,348
113,6,362
113,7,385
113,8,383
113,9,370
113,10,373
113,11,376
113,12,373
113,13,368
113,14,378
113,15,372
113,16,379
113,17,371
113,18,376
113,19,366
113,20,376
113,21,365
113,22,365
113,23,379
113,24,370
113,25,376
113,26,372
113,27,394
113,28,388
113,29,375
113,30,375
113,31,368
113,32,375
113,33,377
113,34,377
113,35,373
113,36,383
113,37,388
113,38,372
113,39,373
113,40,370
113,41,365
113,42,372
113,43,372
113,44,381
113,45,361
113,46,367
113,47,371
113,48,378
113,49,376
113,50,383
113,51,356
113,52,380
113,53,388
113,54,372
113,55,377
113,56,356
113,57,370
113,58,382
113,59,370
113,60,383
113,61,381
113,62,378
113,63,377
113,64,373
113,65,372
113,66,377
113,67,364
113,68,382
113,69,386
113,70,367
113,71,357
113,72,374
113,73,378
113,74,367
113,75,386
113,76,367
113,77,365
113,78,363
113,79,370
113,80,368
113,81,367
113,82,378
113,83,377
113,84,374
113,85,376
113,86,376
113,87,379
113,88,364
113,89,369
113,90,371
113,91,380
113,92,378
113,93,363
113,94,362
113,95,358
113,96,375
113,97,399
113,98,385
113,99,383
113,100,365
113,101,354
113,102,376
113,103,359
113,104,377
113,105,377
113,106,393
113,107,367
113,108,373
113,109,384
113,110,369
113,111,378
113,112,371
113,113,372
113,114,372
113,115,368
113,116,373
113,117,381
113,118,385
113,119,369
113,120,372
113,121,376
113,122,379
113,123,377
113,124,361
113,125,372
113,126,380
113,127,384
113,128,374
113,129,381
113,130,361
113,131,368
113,132,384
113,133,380
113,134,377
113,135,384
113,136,373
113,137,369
113,138,378
113,139,358
113,140,380
113,141,373
113,142,367
113,143,387
113,144,374
113,145,373
113,146,368
113,147,373
113,148,365
113,149,365
113,150,374
113,151,372
113,152,384
113,153,373
113,154,365
113,155,368
113,156,373
113,157,381
113,158,372
113,159,373
113,160,367
113,161,377
113,162,371
113,163,367
113,164,379
113,165,382
113,166,369
113,167,370
113,168,364
113,169,381
113,170,377
113,171,372
113,172,379
113,173,382
113,174,371
113,175,376
113,176,372
113,177,374
113,178,386
113,179,370
113,180,379
113,181,373
113,182,383
113,183,366
113,184,380
113,185,367
113,186,380
113,187,374
113,188,393
113,189,363
113,190,373
113,191,376
113,192,366
113,193,382
113,194,373
113,195,362
113,196,379
113,197,372
113,198,383
113,199,383
113,200,376
114,1,2
114,2,8
114,3,34
114,4,139
114,5,295
114,6,372
114,7,377
114,8,386
114,9,379
114,10,396
114,11,385
114,12,363
114,13,363
114,14,374
114,15,383
114,16,371
114,17,378
114,18,369
114,19,380
114,20,382
114,21,376
114,22,376
114,23,372
114,24,382
114,25,376
114,26,379
114,27,386
114,28,392
114,29,385
114,30,364
114,31,372
114,32,384
114,33,369
114,34,365
114,35,366
114,36,388
114,37,382
114,38,369
114,39,367
114,40,367
114,41,366
114,42,370
114,43,371
114,44,376
114,45,382
114,46,391
114,47,373
114,48,369
114,49,375
114,50,372
114,51,362
114,52,373
114,53,371
114,54,364
114,55,383
114,56,374
114,57,382
114,58,372
114,59,378
114,60,377
114,61,367
114,62,388
114,63,373
114,64,380
114,65,371
114,66,369
114,67,369
114,68,375
114,69,370
114,70,383
114,71,386
114,72,379
114,73,373
114,74,386
114,75,371
114,76,373
114,77,365
114,78,372
114,79,374
114,80,363
114,81,376
114,82,375
114,83,370
114,84,368
114,85,385
114,86,354
114,87,366
114,88,378
114,89,376
114,90,381
114,91,379
114,92,365
114,93,374
114,94,369
114,95,366
114,96,364
114,97,367
114,98,375
114,99,384
114,100,371
114,101,375
114,102,374
114,103,382
114,104,380
114,105,372
114,106,376
114,107,378
114,108,367
114,109,355
114,110,376
114,111,377
114,112,379
114,113,370
114,114,389
114,115,385
114,116,385
114,117,366
114,118,373
114,119,379
114,120,375
114,121,378
114,122,369
114,123,372
114,124,375
114,125,373
114,126,387
114,127,368
114,128,374
114,129,376
114,130,387
114,131,370
114,132,381
114,133,364
114,134,368
114,135,368
114,136,368
114,137,365
114,138,369
114,139,376
114,140,370
114,141,374
114,142,374
114,143,369
114,144,359
114,145,383
114,146,374
114,147,368
114,148,369
114,149,375
114,150,388
114,151,375
114,152,378
114,153,360
114,154,370
114,155,385
114,156,382
114,157,367
114,158,383
114,159,364
114,160,370
114,161,369
114,162,371
114,163,358
114,164,373
114,165,366
114,166,380
114,167,370
114,168,376
114,169,386
114,170,377
114,171,377
114,172,364
114,173,381
114,174,371
114,175,379
114,176,381
114,177,365
114,178,374
114,179,377
114,180,374
114,181,385
114,182,388
114,183,374
114,184,366
114,185,377
114,186,377
114,187,388
114,188,373
114,189,371
114,190,381
114,191,374
114,192,388
114,193,371
114,194,383
114,195,367
114,196,381
114,197,377
114,198,364
114,199,364
114,200,363
115,1,9
115,2,34
115,3,116
115,4,289
115,5,381
115,6,388
115,7,372
115,8,382
115,9,382
115,10,375
115,11,381
115,12,367
115,13,383
115,14,382
115,15,377
115,16,379
115,17,358
115,18,372
115,19,374
115,20,369
115,21,381
115,22,375
115,23,376
115,24,364
115,25,368
115,26,382
115,27,393
115,28,369
115,29,381
115,30,386
115,31,366
115,32,363
115,33,380
115,34,380
115,35,390
115,36,368
115,37,388
115,38,379
115,39,375
115,40,372
115,41,378
115,42,384
115,43,383
115,44,370
115,45,365
115,46,382
115,47,371
115,48,363
115,49,370
115,50,380
115,51,392
115,52,374
115,53,382
115,54,379
115,55,375
115,56,377
115,57,371
115,58,368
115,59,370
115,60,372
115,61,375
115,62,379
115,63,372
115,64,375
115,65,382
115,66,371
115,67,366
115,68,382
115,69,366
115,70,384
115,71,358
115,72,373
115,73,359
115,74,390
115,75,389
115,76,390
115,77,375
115,78,372
115,79,365
115,80,379
115,81,380
115,82,381
115,83,367
115,84,384
115,85,378
115,86,390
115,87,363
115,88,367
115,89,378
115,90,389
115,91,370
115,92,382
115,93,378
115,94,358
115,95,372
115,96,372
115,97,369
115,98,382
115,99,383
115,100,370
115,101,367
115,102,366
115,103,383
115,104,364
115,105,357
115,106,390
115,107,380
115,108,376
115,109,368
115,110,380
115,111,373
115,112,376
115,113,361
115,114,381
115,115,371
115,116,367
115,117,365
115,118,357
115,119,381
115,120,372
115,121,384
115,122,367
115,123,380
115,124,368
115,125,399
115,126,381
115,127,387
115,128,381
115,129,375
115,130,377
115,131,377
115,132,377
115,133,363
115,134,365
115,135,374
115,136,384
115,137,371
115,138,377
115,139,367
115,140,368
115,141,384
115,142,367
115,143,391
115,144,385
115,145,362
115,146,362
115,147,375
115,148,376
115,149,383
115,150,378
115,151,383
115,152,374
115,153,367
115,154,377
115,155,383
115,156,371
115,157,360
115,158,364
115,159,383
115,160,370
115,161,381
115,162,372
115,163,385
115,164,361
115,165,365
115,166,381
115,167,382
115,168,385
115,169,385
115,170,375
115,171,364
115,172,377
115,173,384
115,174,369
115,175,380
115,176,373
115,177,368
115,178,376
115,179,383
115,180,384
115,181,375
115,182,370
115,183,372
115,184,368
115,185,378
115,186,372
115,187,383
115,188,373
115,189,381
115,190,376
115,191,368
115,192,365
115,193,368
115,194,368
115,195,380
115,196,371
115,197,378
115,198,378
115,199,380
115,200,383
116,1,2
116,2,9
116,3,34
116,4,130
116,5,294
116,6,384
116,7,372
116,8,370
116,9,369
116,10,379
116,11,386
116,12,377
116,13,384
116,14,372
116,15,376
116,16,377
116,17,385
116,18,374
116,19,371
116,20,364
116,21,365
116,22,378
116,23,380
116,24,377
116,25,374
116,26,381
116,27,363
116,28,365
116,29,365
116,30,372
116,31,379
116,32,372
116,33,380
116,34,380
116,35,373
116,36,393
116,37,369
116,38,363
116,39,375
116,40,381
116,41,371
116,42,372
116,43,362
116,44,376
116,45,353
116,46,376
116,47,368
116,48,389
116,49,377
116,50,376
116,51,376
116,52,389
116,53,379
116,54,375
116,55,365
116,56,372
116,57,359
116,58,380
116,59,387
116,60,369
116,61,385
116,62,384
116,63,383
116,64,385
116,65,365
116,66,376
116,67,382
116,68,382
116,69,373
116,70,382
116,71,380
116,72,387
116,73,369
116,74,376
116,75,376
116,76,373
116,77,374
116,78,366
116,79,379
116,80,372
116,81,365
116,82,373
116,83,361
116,84,384
116,85,381
116,86,366
116,87,369
116,88,368
116,89,375
116,90,377
116,91,375
116,92,379
116,93,385
116,94,378
116,95,378
116,96,371
116,97,374
116,98,375
116,99,373
116,100,373
116,101,381
116,102,377
116,103,371
116,104,355
116,105,375
116,106,380
116,107,368
116,108,366
116,109,368
116,110,370
116,111,383
116,112,382
116,113,372
116,114,365
116,115,369
116,116,369
116,117,375
116,118,376
116,119,375
116,120,372
116,121,375
116,122,385
116,123,371
116,124,378
116,125,376
116,126,372
116,127,363
116,128,369
116,129,367
116,130,376
116,131,369
116,132,360
116,133,369
116,134,360
116,135,391
116,136,370
116,137,377
116,138,370
116,139,378
116,140,377
116,141,370
116,142,372
116,143,378
116,144,365
116,145,372
116,146,382
116,147,369
116,148,371
116,149,363
116,150,378
116,151,371
116,152,378
116,153,374
116,154,370
116,155,377
116,156,374
116,157,386
116,158,369
116,159,379
116,160,370
116,161,383
116,162,363
116,163,361
116,164,362
116,165,382
116,166,381
116,167,374
116,168,372
116,169,365
116,170,366
116,171,385
116,172,373
116,173,373
116,174,385
116,175,379
116,176,385
116,177,367
116,178,356
116,179,374
116,180,372
116,181,375
116,182,370
116,183,373
116,184,376
116,185,386
116,186,370
116,187,376
116,188,368
116,189,368
116,190,380
116,191,368
116,192,391
116,193,383
116,194,365
116,195,382
116,196,368
116,197,371
116,198,367
116,199,374
116,200,371
117,1,3
117,2,11
117,3,41
117,4,127
117,5,300
117,6,359
117,7,385
117,8,381
117,9,371
117,10,365
117,11,368
117,12,370
117,13,369
117,14,376
117,15,373
117,16,381
117,17,380
117,18,369
117,19,370
117,20,376
117,21,371
117,22,364
117,23,382
117,24,378
117,25,376
117,26,380
117,27,370
117,28,367
117,29,372
117,30,372
117,31,372
117,32,382
117,33,372
117,34,375
117,35,375
117,36,367
117,37,370
117,38,378
117,39,373
117,40,389
117,41,384
117,42,372
117,43,380
117,44,361
117,45,370
117,46,389
117,47,381
117,48,379
117,49,361
117,50,390
117,51,365
117,52,372
117,53,377
117,54,379
117,55,362
117,56,371
117,57,372
117,58,377
117,59,379
117,60,369
117,61,385
117,62,379
117,63,375
117,64,365
117,65,366
117,66,391
117,67,371
117,68,368
117,69,371
117,70,369
117,71,366
117,72,361
117,73,373
117,74,383
117,75,381
117,76,379
117,77,394
117,78,385
117,79,370
117,80,369
117,81,381
117,82,383
117,83,371
117,84,385
117,85,385
117,86,388
117,87,376
117,88,380
117,89,371
117,90,384
117,91,382
117,92,374
117,93,378
117,94,380
117,95,368
117,96,375
117,97,367
117,98,373
117,99,370
117,100,395
117,101,364
117,102,371
117,103,367
117,104,377
117,105,376
117,106,375
117,107,375
117,108,379
117,109,391
117,110,385
117,111,371
117,112,377
117,113,375
117,114,363
117,115,381
117,116,383
117,117,374
117,118,377
117,119,372
117,120,382
117,121,369
117,122,369
117,123,382
117,124,375
117,125,373
117,126,369
117,127,376
117,128,370
117,129,380
117,130,378
117,131,386
117,132,368
117,133,378
117,134,380
117,135,376
117,136,370
117,137,368
117,138,388
117,139,385
117,140,375
117,141,364
117,142,383
117,143,373
117,144,373
117,145,373
117,146,368
117,147,381
117,148,382
117,149,366
117,150,359
117,151,372
117,152,378
117,153,374
117,154,379
117,155,368
117,156,370
117,157,380
117,158,367
117,159,379
117,160,369
117,161,372
117,162,374
117,163,371
117,164,373
117,165,365
117,166,378
117,167,371
117,168,372
117,169,365
117,170,362
117,171,373
117,172,371
117,173,370
117,174,369
117,175,380
117,176,380
117,177,373
117,178,389
117,179,377
117,180,376
117,181,368
117,182,357
117,183,376
117,184,367
117,185,362
117,186,369
117,187,361
117,188,372
117,189,374
117,190,369
117,191,375
117,192,378
117,193,366
117,194,365
117,195,365
117,196,378
117,197,374
117,198,376
117,199,378
117,200,372
118,1,3
118,2,15
118,3,57
118,4,177
118,5,337
118,6,374
118,7,381
118,8,374
118,9,371
118,10,379
118,11,354
118,12,382
118,13,376
118,14,370
118,15,372
118,16,373
118,17,370
118,18,378
118,19,373
118,20,382
118,21,377
118,22,378
118,23,379
118,24,373
118,25,369
118,26,390
118,27,382
118,28,379
118,29,359
118,30,387
118,31,372
118,32,377
118,33,377
118,34,381
118,35,379
118,36,379
118,37,360
118,38,377
118,39,375
118,40,382
118,41,378
118,42,363
118,43,372
118,44,374
118,45,368
118,46,380
118,47,386
118,48,384
118,49,360
118,50,360
118,51,358
118,52,374
118,53,378
118,54,364
118,55,377
118,56,369
118,57,378
118,58,373
118,59,361
118,60,378
118,61,384
118,62,361
118,63,380
118,64,374
118,65,371
118,66,381
118,67,372
118,68,392
118,69,366
118,70,370
118,71,378
118,72,374
118,73,370
118,74,366
118,75,372
118,76,381
118,77,372
118,78,386
118,79,382
118,80,392
118,81,378
118,82,380
118,83,363
118,84,380
118,85,367
118,86,369
118,87,378
118,88,379
118,89,372
118,90,365
118,91,373
118,92,378
118,93,367
118,94,374
118,95,370
118,96,358
118,97,365
118,98,369
118,99,368
118,100,389
118,101,372
118,102,376
118,103,384
118,104,373
118,105,378
118,106,370
118,107,392
118,108,371
118,109,378
118,110,392
118,111,375
118,112,359
118,113,368
118,114,373
118,115,384
118,116,371
118,117,374
118,118,375
118,119,378
118,120,372
118,121,373
118,122,377
118,123,371
118,124,355
118,125,367
118,126,368
118,127,376
118,128,375
118,129,382
118,130,370
118,131,371
118,132,387
118,133,368
118,134,381
118,135,397
118,136,369
118,137,384
118,138,375
118,139,387
118,140,393
118,141,364
118,142,371
118,143,382
118,144,376
118,145,374
118,146,364
118,147,373
118,148,386
118,149,375
118,150,370
118,151,368
118,152,372
118,153,365
118,154,365
118,155,377
118,156,378
118,157,365
118,158,383
118,159,370
118,160,367
118,161,373
118,162,375
118,163,369
118,164,382
118,165,384
118,166,375
118,167,381
118,168,368
118,169,373
118,170,364
118,171,372
118,172,383
118,173,366
118,174,370
118,175,373
118,176,374
118,177,371
118,178,371
118,179,363
118,180,388
118,181,378
118,182,379
118,183,378
118,184,372
118,185,380
118,186,372
118,187,371
118,188,383
118,189,374
118,190,386
118,191,374
118,192,374
118,193,376
118,194,372
118,195,367
118,196,367
118,197,377
118,198,373
118,199,372
118,200,379
119,1,8
119,2,37
119,3,147
119,4,301
119,5,356
119,6,371
119,7,384
119,8,372
119,9,371
119,10,380
119,11,389
119,12,378
119,13,381
119,14,371
119,15,379
119,16,362
119,17,379
119,18,380
119,19,387
119,20,371
119,21,377
119,22,375
119,23,375
119,24,365
119,25,376
119,26,360
119,27,386
119,28,372
119,29,369
119,30,384
119,31,372
119,32,372
119,33,376
119,34,366
119,35,360
119,36,368
119,37,380
119,38,380
119,39,378
119,40,365
119,41,366
119,42,381
119,43,362
119,44,374
119,45,368
119,46,372
119,47,373
119,48,374
119,49,364
119,50,362
119,51,368
119,52,375
119,53,381
119,54,368
119,55,384
119,56,369
119,57,375
119,58,369
119,59,369
119,60,386
119,61,379
119,62,375
119,63,376
119,64,370
119,65,382
119,66,377
119,67,374
119,68,369
119,69,367
119,70,379
119,71,370
119,72,370
119,73,379
119,74,367
119,75,371
119,76,394
119,77,386
119,78,367
119,79,376
119,80,375
119,81,376
119,82,380
119,83,375
119,84,379
119,85,362
119,86,367
119,87,387
119,88,374
119,89,372
119,90,368
119,91,377
119,92,360
119,93,378
119,94,384
119,95,374
119,96,378
119,97,379
119,98,370
119,99,370
119,100,380
119,101,381
119,102,382
119,103,383
119,104,367
119,105,377
119,106,371
119,107,359
119,108,382
119,109,376
119,110,380
119,111,367
119,112,374
119,113,378
119,114,371
119,115,379
119,116,372
119,117,385
119,118,390
119,119,364
119,120,369
119,121,363
119,122,381
119,123,367
119,124,372
119,125,374
119,126,368
119,127,374
119,128,377
119,129,374
119,130,365
119,131,375
119,132,368
119,133,376
119,134,380
119,135,371
119,136,386
119,137,373
119,138,385
119,139,361
119,140,375
119,141,392
119,142,387
119,143,377
119,144,380
119,145,375
119,146,366
119,147,367
119,148,391
119,149,376
119,150,364
119,151,387
119,152,370
119,153,368
119,154,361
119,155,368
119,156,368
119,157,371
119,158,368
119,159,383
119,160,373
119,161,370
119,162,378
119,163,377
119,164,383
119,165,385
119,166,370
119,167,366
119,168,369
119,169,373
119,170,382
119,171,390
119,172,378
119,173,372
119,174,385
119,175,372
119,176,377
119,177,364
119,178,361
119,179,363
119,180,363
119,181,376
119,182,367
119,183,370
119,184,366
119,185,378
119,186,381
119,187,386
119,188,383
119,189,371
119,190,380
119,191,371
119,192,387
119,193,372
119,194,377
119,195,378
119,196,390
119,197,373
119,198,389
119,199,362
119,200,364
120,1,6
120,2,22
120,3,82
120,4,220
120,5,356
120,6,369
120,7,368
120,8,360
120,9,364
120,10,357
120,11,371
120,12,371
120,13,377
120,14,367
120,15,372
120,16,373
120,17,380
120,18,359
120,19,368
120,20,370
120,21,372
120,22,378
120,23,387
120,24,367
120,25,384
120,26,385
120,27,358
120,28,366
120,29,366
120,30,367
120,31,364
120,32,372
120,33,375
120,34,362
120,35,377
120,36,379
120,37,366
120,38,383
120,39,374
120,40,370
120,41,379
120,42,368
120,43,381
120,44,365
120,45,383
120,46,375
120,47,375
120,48,388
120,49,380
120,50,361
120,51,372
120,52,377
120,53,368
120,54,376
120,55,371
120,56,377
120,57,366
120,58,363
120,59,369
120,60,371
120,61,367
120,62,369
120,63,385
120,64,376
120,65,380
120,66,378
120,67,378
120,68,370
120,69,379
120,70,369
120,71,383
120,72,377
120,73,378
120,74,377
120,75,369
120,76,361
120,77,371
120,78,373
120,79,373
120,80,362
120,81,367
120,82,378
120,83,374
120,84,382
120,85,389
120,86,364
120,87,373
120,88,385
120,89,383
120,90,378
120,91,381
120,92,373
120,93,373
120,94,387
120,95,368
120,96,369
120,97,378
120,98,363
120,99,375
120,100,375
120,101,378
120,102,365
120,103,370
120,104,369
120,105,382
120,106,368
120,107,373
120,108,379
120,109,381
120,110,365
120,111,377
120,112,372
120,113,374
120,114,374
120,115,388
120,116,390
120,117,366
120,118,363
120,119,361
120,120,376
120,121,395
120,122,376
120,123,376
120,124,376
120,125,386
120,126,383
120,127,376
120,128,366
120,129,370
120,130,391
120,131,383
120,132,373
120,133,376
120,134,375
120,135,364
120,136,370
120,137,381
120,138,380
120,139,367
120,140,378
120,141,378
120,142,365
120,143,366
120,144,374
120,145,383
120,146,376
120,147,374
120,148,380
120,149,368
120,150,376
120,151,388
120,152,371
120,153,373
120,154,376
120,155,386
120,156,374
120,157,390
120,158,376
120,159,369
120,160,379
120,161,381
120,162,381
120,163,374
120,164,386
120,165,374
120,166,379
120,167,363
120,168,381
120,169,383
120,170,382
120,171,383
120,172,377
120,173,368
120,174,371
120,175,372
120,176,384
120,177,385
120,178,372
120,179,373
120,180,377
120,181,370
120,182,384
120,183,371
120,184,376
120,185,378
120,186,369
120,187,373
120,188,371
120,189,389
120,190,361
120,191,363
120,192,371
120,193,379
120,194,371
120,195,374
120,196,382
120,197,381
120,198,370
120,199,371
120,200,369
121,1,4
121,2,16
121,3,64
121,4,185
121,5,324
121,6,360
121,7,372
121,8,374
121,9,377
121,10,349
121,11,378
121,12,364
121,13,380
121,14,380
121,15,374
121,16,372
121,17,370
121,18,378
121,19,379
121,20,386
121,21,371
121,22,374
121,23,374
121,24,384
121,25,374
121,26,379
121,27,372
121,28,369
121,29,373
121,30,361
121,31,368
121,32,371
121,33,380
121,34,373
121,35,373
121,36,360
121,37,377
121,38,380
121,39,373
121,40,372
121,41,374
121,42,381
121,43,375
121,44,382
121,45,379
121,46,377
121,47,376
121,48,366
121,49,382
121,50,378
121,51,381
121,52,371
121,53,373
121,54,378
121,55,371
121,56,378
121,57,369
121,58,372
121,59,371
121,60,375
121,61,374
121,62,374
121,63,372
121,64,381
121,65,382
121,66,362
121,67,380
121,68,367
121,69,375
121,70,376
121,71,369
121,72,364
121,73,377
121,74,376
121,75,362
121,76,376
121,77,375
121,78,381
121,79,378
121,80,384
121,81,384
121,82,377
121,83,378
121,84,380
121,85,364
121,86,378
121,87,383
121,88,373
121,89,369
121,90,370
121,91,365
121,92,385
121,93,375
121,94,374
121,95,379
121,96,372
121,97,372
121,98,373
121,99,366
121,100,358
121,101,374
121,102,370
121,103,385
121,104,371
121,105,373
121,106,375
121,107,365
121,108,372
121,109,389
121,110,372
121,111,383
121,112,380
121,113,364
121,114,369
121,115,374
121,116,380
121,117,375
121,118,362
121,119,373
121,120,389
121,121,370
121,122,393
121,123,372
121,124,386
121,125,383
121,126,379
121,127,368
121,128,389
121,129,360
121,130,372
121,131,373
121,132,376
121,133,370
121,134,388
121,135,372
121,136,384
121,137,359
121,138,385
121,139,380
121,140,382
121,141,388
121,142,390
121,143,371
121,144,376
121,145,377
121,146,364
121,147,359
121,148,389
121,149,386
121,150,385
121,151,364
121,152,380
121,153,380
121,154,390
121,155,378
121,156,381
121,157,376
121,158,373
121,159,360
121,160,383
121,161,372
121,162,393
121,163,364
121,164,371
121,165,378
121,166,398
121,167,375
121,168,368
121,169,356
121,170,377
121,171,370
121,172,380
121,173,374
121,174,377
121,175,383
121,176,382
121,177,377
121,178,377
121,179,377
121,180,371
121,181,380
121,182,379
121,183,380
121,184,378
121,185,387
121,186,375
121,187,377
121,188,353
121,189,372
121,190,373
121,191,382
121,192,362
121,193,388
121,194,374
121,195,375
121,196,372
121,197,377
121,198,369
121,199,371
121,200,374
122,1,5
122,2,28
122,3,109
122,4,263
122,5,354
122,6,370
122,7,371
122,8,364
122,9,375
122,10,375
122,11,368
122,12,377
122,13,364
122,14,374
122,15,368
122,16,394
122,17,372
122,18,384
122,19,368
122,20,380
122,21,370
122,22,365
122,23,378
122,24,382
122,25,364
122,26,377
122,27,376
122,28,363
122,29,372
122,30,367
122,31,363
122,32,370
122,33,382
122,34,383
122,35,375
122,36,371
122,37,360
122,38,360
122,39,371
122,40,370
122,41,366
122,42,373
122,43,383
122,44,362
122,45,373
122,46,371
122,47,378
122,48,383
122,49,382
122,50,371
122,51,383
122,52,370
122,53,383
122,54,395
122,55,371
122,56,375
122,57,375
122,58,364
122,59,375
122,60,381
122,61,374
122,62,368
122,63,385
122,64,377
122,65,368
122,66,366
122,67,380
122,68,370
122,69,372
122,70,376
122,71,380
122,72,381
122,73,366
122,74,384
122,75,379
122,76,358
122,77,371
122,78,366
122,79,367
122,80,374
122,81,373
122,82,371
122,83,376
122,84,373
122,85,382
122,86,371
122,87,373
122,88,370
122,89,380
122,90,377
122,91,378
122,92,376
122,93,371
122,94,363
122,95,380
122,96,384
122,97,370
122,98,386
122,99,377
122,100,363
122,101,377
122,102,382
122,103,376
122,104,363
122,105,380
122,106,362
122,107,369
122,108,377
122,109,366
122,110,391
122,111,378
122,112,383
122,113,373
122,114,384
122,115,379
122,116,381
122,117,387
122,118,376
122,119,366
122,120,387
122,121,378
122,122,377
122,123,383
122,124,381
122,125,377
122,126,366
122,127,390
122,128,383
122,129,384
122,130,375
122,131,379
122,132,382
122,133,379
122,134,383
122,135,376
122,136,367
122,137,368
122,138,371
122,139,383
122,140,373
122,141,375
122,142,368
122,143,378
122,144,379
122,145,379
122,146,374
122,147,351
122,148,374
122,149,379
122,150,377
122,151,379
122,152,368
122,153,381
122,154,371
122,155,382
122,156,379
122,157,377
122,158,378
122,159,377
122,160,389
122,161,381
122,162,370
122,163,384
122,164,363
122,165,363
122,166,381
122,167,372
122,168,366
122,169,375
122,170,381
122,171,374
122,172,377
122,173,370
122,174,371
122,175,381
122,176,368
122,177,364
122,178,376
122,179,370
122,180,371
122,181,386
122,182,359
122,183,382
122,184,388
122,185,377
122,186,383
122,187,365
122,188,386
122,189,385
122,190,382
122,191,383
122,192,374
122,193,369
122,194,366
122,195,373
122,196,363
122,197,374
122,198,374
122,199,384
122,200,370
123,1,5
123,2,28
123,3,98
123,4,263
123,5,367
123,6,358
123,7,373
123,8,376
123,9,378
123,10,381
123,11,377
123,12,379
123,13,355
123,14,379
123,15,373
123,16,375
123,17,379
123,18,385
123,19,374
123,20,370
123,21,375
123,22,372
123,23,362
123,24,386
123,25,384
123,26,379
123,27,380
123,28,377
123,29,370
123,30,393
123,31,378
123,32,373
123,33,363
123,34,382
123,35,381
123,36,373
123,37,359
123,38,376
123,39,386
123,40,388
123,41,381
123,42,366
123,43,358
123,44,358
123,45,383
123,46,370
123,47,382
123,48,379
123,49,377
123,50,365
123,51,377
123,52,377
123,53,364
123,54,374
123,55,381
123,56,378
123,57,383
123,58,368
123,59,384
123,60,369
123,61,373
123,62,388
123,63,380
123,64,370
123,65,366
123,66,370
123,67,367
123,68,377
123,69,384
123,70,378
123,71,377
123,72,371
123,73,367
123,74,383
123,75,376
123,76,367
123,77,365
123,78,380
123,79,381
123,80,367
123,81,374
123,82,361
123,83,370
123,84,390
123,85,375
123,86,382
123,87,387
123,88,371
123,89,363
123,90,363
123,91,372
123,92,368
123,93,366
123,94,382
123,95,367
123,96,383
123,97,369
123,98,369
123,99,376
123,100,375
123,101,381
123,102,372
123,103,372
123,104,358
123,105,380
123,106,379
123,107,374
123,108,386
123,109,382
123,110,379
123,111,376
123,112,366
123,113,369
123,114,376
123,115,368
123,116,365
123,117,360
123,118,378
123,119,370
123,120,383
123,121,370
123,122,371
123,123,377
123,124,370
123,125,375
123,126,374
123,127,383
123,128,381
123,129,376
123,130,383
123,131,375
123,132,384
123,133,380
123,134,369
123,135,387
123,136,382
123,137,376
123,138,377
123,139,366
123,140,378
123,141,358
123,142,370
123,143,370
123,144,388
123,145,375
123,146,386
123,147,374
123,148,378
123,149,389
123,150,377
123,151,379
123,152,383
123,153,368
123,154,373
123,155,387
123,156,385
123,157,364
123,158,371
123,159,387
123,160,377
123,161,379
123,162,377
123,163,367
123,164,352
123,165,366
123,166,366
123,167,382
123,168,366
123,169,380
123,170,369
123,171,377
123,172,365
123,173,388
123,174,379
123,175,388
123,176,358
123,177,378
123,178,373
123,179,364
123,180,379
123,181,365
123,182,383
123,183,373
123,184,366
123,185,381
123,186,364
123,187,365
123,188,377
123,189,369
123,190,369
123,191,377
123,192,379
123,193,374
123,194,384
123,195,384
123,196,385
123,197,386
123,198,375
123,199,377
123,200,375
124,1,4
124,2,8
124,3,37
124,4,124
124,5,284
124,6,364
124,7,368
124,8,381
124,9,361
124,10,383
124,11,374
124,12,354
124,13,379
124,14,368
124,15,371
124,16,362
124,17,368
124,18,365
124,19,381
124,20,388
124,21,373
124,22,386
124,23,381
124,24,384
124,25,370
124,26,371
124,27,380
124,28,366
124,29,379
124,30,377
124,31,375
124,32,384
124,33,377
124,34,375
124,35,364
124,36,381
124,37,364
124,38,369
124,39,377
124,40,385
124,41,379
124,42,376
124,43,382
124,44,374
124,45,371
124,46,385
124,47,373
124,48,376
124,49,383
124,50,377
124,51,381
124,52,374
124,53,378
124,54,383
124,55,392
124,56,378
124,57,374
124,58,384
124,59,381
124,60,370
124,61,368
124,62,371
124,63,388
124,64,358
124,65,367
124,66,373
124,67,383
124,68,376
124,69,382
124,70,374
124,71,373
124,72,368
124,73,368
124,74,378
124,75,381
124,76,368
124,77,368
124,78,375
124,79,383
124,80,362
124,81,384
124,82,380
124,83,369
124,84,370
124,85,379
124,86,390
124,87,381
124,88,379
124,89,383
124,90,388
124,91,382
124,92,386
124,93,381
124,94,379
124,95,366
124,96,371
124,97,368
124,98,387
124,99,370
124,100,377
124,101,370
124,102,372
124,103,373
124,104,368
124,105,365
124,106,379
124,107,374
124,108,363
124,109,366
124,110,377
124,111,371
124,112,374
124,113,391
124,114,377
124,115,378
124,116,379
124,117,381
124,118,370
124,119,384
124,120,367
124,121,364
124,122,380
124,123,380
124,124,380
124,125,365
124,126,376
124,127,390
124,128,383
124,129,378
124,130,370
124,131,369
124,132,363
124,133,363
124,134,363
124,135,368
124,136,369
124,137,374
124,138,377
124,139,371
124,140,373
124,141,374
124,142,390
124,143,369
124,144,371
124,145,367
124,146,362
124,147,362
124,148,373
124,149,374
124,150,377
124,151,364
124,152,377
124,153,371
124,154,344
124,155,361
124,156,370
124,157,369
124,158,359
124,159,374
124,160,374
124,161,366
124,162,373
124,163,375
124,164,384
124,165,367
124,166,386
124,167,370
124,168,370
124,169,381
124,170,375
124,171,380
124,172,380
124,173,382
124,174,365
124,175,374
124,176,371
124,177,382
124,178,371
124,179,371
124,180,371
124,181,378
124,182,371
124,183,370
124,184,386
124,185,383
124,186,377
124,187,368
124,188,378
124,189,371
124,190,366
124,191,377
124,192,381
124,193,382
124,194,383
124,195,386
124,196,372
124,197,371
124,198,369
124,199,381
124,200,382
125,1,3
125,2,10
125,3,30
125,4,107
125,5,257
125,6,366
125,7,372
125,8,385
125,9,369
125,10,392
125,11,378
125,12,385
125,13,375
125,14,382
125,15,377
125,16,371
125,17,364
125,18,377
125,19,368
125,20,375
125,21,384
125,22,366
125,23,375
125,24,371
125,25,387
125,26,376
125,27,371
125,28,381
125,29,371
125,30,374
125,31,368
125,32,380
125,33,375
125,34,366
125,35,369
125,36,376
125,37,377
125,38,373
125,39,381
125,40,365
125,41,372
125,42,361
125,43,378
125,44,374
125,45,377
125,46,368
125,47,372
125,48,364
125,49,379
125,50,379
125,51,376
125,52,377
125,53,381
125,54,379
125,55,372
125,56,390
125,57,379
125,58,370
125,59,365
125,60,374
125,61,374
125,62,377
125,63,367
125,64,369
125,65,384
125,66,376
125,67,366
125,68,383
125,69,369
125,70,366
125,71,365
125,72,370
125,73,377
125,74,363
125,75,371
125,76,376
125,77,381
125,78,374
125,79,366
125,80,379
125,81,371
125,82,372
125,83,372
125,84,369
125,85,366
125,86,373
125,87,384
125,88,372
125,89,373
125,90,381
125,91,372
125,92,366
125,93,373
125,94,380
125,95,372
125,96,372
125,97,378
125,98,366
125,99,371
125,100,368
125,101,374
125,102,372
125,103,378
125,104,389
125,105,364
125,106,371
125,107,382
125,108,368
125,109,378
125,110,374
125,111,383
125,112,378
125,113,369
125,114,383
125,115,378
125,116,367
125,117,371
125,118,370
125,119,384
125,120,388
125,121,368
125,122,379
125,123,370
125,124,365
125,125,377
125,126,374
125,127,373
125,128,388
125,129,375
125,130,373
125,131,363
125,132,377
125,133,367
125,134,368
125,135,371
125,136,384
125,137,379
125,138,376
125,139,389
125,140,359
125,141,374
125,142,374
125,143,363
125,144,377
125,145,380
125,146,386
125,147,369
125,148,372
125,149,372
125,150,372
125,151,373
125,152,360
125,153,380
125,154,375
125,155,361
125,156,384
125,157,382
125,158,370
125,159,381
125,160,395
125,161,368
125,162,379
125,163,367
125,164,369
125,165,369
125,166,368
125,167,389
125,168,370
125,169,375
125,170,374
125,171,383
125,172,371
125,173,380
125,174,369
125,175,380
125,176,371
125,177,363
125,178,377
125,179,370
125,180,373
125,181,379
125,182,384
125,183,377
125,184,379
125,185,377
125,186,371
125,187,372
125,188,376
125,189,383
125,190,381
125,191,378
125,192,374
125,193,361
125,194,381
125,195,381
125,196,373
125,197,374
125,198,376
125,199,378
125,200,375
126,1,3
126,2,11
126,3,42
126,4,136
126,5,296
126,6,363
126,7,380
126,8,367
126,9,384
126,10,365
126,11,378
126,12,378
126,13,357
126,14,388
126,15,375
126,16,364
126,17,384
126,18,375
126,19,377
126,20,374
126,21,376
126,22,393
126,23,370
126,24,372
126,25,369
126,26,380
126,27,377
126,28,372
126,29,372
126,30,373
126,31,367
126,32,382
126,33,374
126,34,374
126,35,368
126,36,390
126,37,382
126,38,358
126,39,374
126,40,386
126,41,373
126,42,385
126,43,378
126,44,377
126,45,369
126,46,387
126,47,369
126,48,374
126,49,371
126,50,368
126,51,382
126,52,372
126,53,370
126,54,374
126,55,369
126,56,354
126,57,380
126,58,374
126,59,381
126,60,382
126,61,372
126,62,368
126,63,374
126,64,385
126,65,377
126,66,386
126,67,367
126,68,361
126,69,369
126,70,376
126,71,383
126,72,384
126,73,380
126,74,377
126,75,381
126,76,374
126,77,373
126,78,371
126,79,372
126,80,361
126,81,380
126,82,380
126,83,364
126,84,377
126,85,366
126,86,359
126,87,358
126,88,374
126,89,360
126,90,383
126,91,389
126,92,385
126,93,375
126,94,379
126,95,383
126,96,382
126,97,373
126,98,368
126,99,378
126,100,374
126,101,364
126,102,372
126,103,381
126,104,365
126,105,384
126,106,369
126,107,385
126,108,387
126,109,375
126,110,381
126,111,387
126,112,378
126,113,377
126,114,376
126,115,376
126,116,369
126,117,382
126,118,387
126,119,380
126,120,373
126,121,384
126,122,383
126,123,374
126,124,377
126,125,359
126,126,371
126,127,373
126,128,383
126,129,370
126,130,361
126,131,377
126,132,374
126,133,379
126,134,375
126,135,370
126,136,377
126,137,374
126,138,375
126,139,381
126,140,374
126,141,371
126,142,375
126,143,379
126,144,377
126,145,371
126,146,369
126,147,369
126,148,379
126,149,383
126,150,377
126,151,381
126,152,378
126,153,367
126,154,356
126,155,381
126,156,373
126,157,381
126,158,375
126,159,380
126,160,377
126,161,378
126,162,381
126,163,378
126,164,374
126,165,388
126,166,380
126,167,372
126,168,378
126,169,372
126,170,361
126,171,377
126,172,377
126,173,383
126,174,362
126,175,381
126,176,368
126,177,382
126,178,368
126,179,375
126,180,368
126,181,379
126,182,384
126,183,376
126,184,363
126,185,373
126,186,379
126,187,371
126,188,370
126,189,370
126,190,374
126,191,379
126,192,382
126,193,383
126,194,382
126,195,365
126,196,375
126,197,373
126,198,376
126,199,381
126,200,380
127,1,6
127,2,26
127,3,90
127,4,237
127,5,356
127,6,383
127,7,381
127,8,362
127,9,383
127,10,374
127,11,389
127,12,361
127,13,364
127,14,383
127,15,367
127,16,385
127,17,382
127,18,371
127,19,379
127,20,366
127,21,387
127,22,380
127,23,376
127,24,367
127,25,381
127,26,358
127,27,369
127,28,366
127,29,373
127,30,382
127,31,375
127,32,373
127,33,377
127,34,377
127,35,373
127,36,371
127,37,381
127,38,380
127,39,379
127,40,374
127,41,380
127,42,380
127,43,388
127,44,376
127,45,373
127,46,370
127,47,378
127,48,376
127,49,389
127,50,374
127,51,381
127,52,367
127,53,377
127,54,377
127,55,378
127,56,380
127,57,374
127,58,366
127,59,367
127,60,376
127,61,361
127,62,370
127,63,378
127,64,384
127,65,379
127,66,372
127,67,374
127,68,375
127,69,364
127,70,384
127,71,375
127,72,382
127,73,386
127,74,378
127,75,391
127,76,365
127,77,370
127,78,370
127,79,373
127,80,367
127,81,377
127,82,379
127,83,362
127,84,362
127,85,370
127,86,378
127,87,369
127,88,372
127,89,361
127,90,372
127,91,363
127,92,379
127,93,378
127,94,374
127,95,368
127,96,383
127,97,380
127,98,373
127,99,374
127,100,370
127,101,376
127,102,371
127,103,382
127,104,378
127,105,365
127,106,362
127,107,380
127,108,379
127,109,361
127,110,384
127,111,382
127,112,382
127,113,376
127,114,377
127,115,372
127,116,373
127,117,387
127,118,373
127,119,373
127,120,355
127,121,369
127,122,366
127,123,379
127,124,380
127,125,375
127,126,376
127,127,366
127,128,371
127,129,372
127,130,379
127,131,370
127,132,362
127,133,377
127,134,373
127,135,354
127,136,381
127,137,366
127,138,379
127,139,370
127,140,374
127,141,374
127,142,369
127,143,374
127,144,365
127,145,377
127,146,367
127,147,370
127,148,371
127,149,375
127,150,372
127,151,364
127,152,376
127,153,377
127,154,367
127,155,365
127,156,366
127,157,367
127,158,371
127,159,376
127,160,365
127,161,382
127,162,381
127,163,370
127,164,366
127,165,371
127,166,387
127,167,372
127,168,371
127,169,389
127,170,385
127,171,354
127,172,370
127,173,379
127,174,375
127,175,392
127,176,371
127,177,373
127,178,375
127,179,376
127,180,375
127,181,370
127,182,374
127,183,365
127,184,379
127,185,388
127,186,364
127,187,370
127,188,383
127,189,360
127,190,386
127,191,374
127,192,371
127,193,370
127,194,375
127,195,372
127,196,361
127,197,359
127,198,371
127,199,372
127,200,377
128,1,2
128,2,5
128,3,16
128,4,64
128,5,217
128,6,371
128,7,374
128,8,380
128,9,385
128,10,361
128,11,371
128,12,367
128,13,371
128,14,370
128,15,373
128,16,375
128,17,374
128,18,389
128,19,374
128,20,399
128,21,367
128,22,371
128,23,363
128,24,368
128,25,376
128,26,383
128,27,375
128,28,371
128,29,389
128,30,377
128,31,370
128,32,377
128,33,367
128,34,382
128,35,367
128,36,379
128,37,372
128,38,375
128,39,375
128,40,374
128,41,370
128,42,377
128,43,372
128,44,364
128,45,373
128,46,370
128,47,383
128,48,373
128,49,362
128,50,368
128,51,364
128,52,368
128,53,374
128,54,374
128,55,366
128,56,376
128,57,378
128,58,365
128,59,382
128,60,380
128,61,382
128,62,379
128,63,369
128,64,370
128,65,359
128,66,385
128,67,371
128,68,369
128,69,381
128,70,383
128,71,378
128,72,376
128,73,379
128,74,376
128,75,372
128,76,366
128,77,360
128,78,361
128,79,373
128,80,362
128,81,373
128,82,383
128,83,389
128,84,381
128,85,380
128,86,383
128,87,363
128,88,378
128,89,365
128,90,370
128,91,383
128,92,364
128,93,377
128,94,382
128,95,362
128,96,372
128,97,366
128,98,383
128,99,370
128,100,370
128,101,382
128,102,377
128,103,389
128,104,369
128,105,366
128,106,369
128,107,371
128,108,369
128,109,377
128,110,365
128,111,372
128,112,370
128,113,373
128,114,382
128,115,364
128,116,378
128,117,378
128,118,368
128,119,368
128,120,368
128,121,374
128,122,385
128,123,375
128,124,359
128,125,369
128,126,373
128,127,364
128,128,376
128,129,379
128,130,373
128,131,376
128,132,368
128,133,365
128,134,373
128,135,380
128,136,369
128,137,354
128,138,371
128,139,375
128,140,366
128,141,382
128,142,381
128,143,377
128,144,367
128,145,369
128,146,361
128,147,373
128,148,375
128,149,378
128,150,380
128,151,386
128,152,365
128,153,380
128,154,371
128,155,365
128,156,385
128,157,377
128,158,383
128,159,356
128,160,385
128,161,383
128,162,380
128,163,389
128,164,386
128,165,375
128,166,369
128,167,378
128,168,381
128,169,380
128,170,389
128,171,379
128,172,373
128,173,387
128,174,377
128,175,355
128,176,385
128,177,374
128,178,384
128,179,382
128,180,372
128,181,370
128,182,372
128,183,377
128,184,372
128,185,367
128,186,376
128,187,374
128,188,385
128,189,361
128,190,378
128,191,380
128,192,370
128,193,377
128,194,380
128,195,381
128,196,369
128,197,383
128,198,377
128,199,371
128,200,371
129,1,3
129,2,12
129,3,40
129,4,141
129,5,305
129,6,376
129,7,362
129,8,372
129,9,372
129,10,374
129,11,372
129,12,375
129,13,385
129,14,372
129,15,365
129,16,374
129,17,382
129,18,371
129,19,375
129,20,386
129,21,370
129,22,373
129,23,373
129,24,369
129,25,377
129,26,358
129,27,367
129,28,384
129,29,389
129,30,370
129,31,382
129,32,380
129,33,371
129,34,379
129,35,372
129,36,368
129,37,370
129,38,374
129,39,366
129,40,374
129,41,380
129,42,378
129,43,375
129,44,373
129,45,387
129,46,373
129,47,376
129,48,363
129,49,388
129,50,383
129,51,382
129,52,362
129,53,360
129,54,370
129,55,381
129,56,366
129,57,376
129,58,380
129,59,385
129,60,372
129,61,368
129,62,359
129,63,362
129,64,368
129,65,362
129,66,375
129,67,379
129,68,386
129,69,373
129,70,371
129,71,374
129,72,373
129,73,378
129,74,384
129,75,377
129,76,381
129,77,375
129,78,371
129,79,388
129,80,375
129,81,374
129,82,376
129,83,372
129,84,358
129,85,382
129,86,383
129,87,376
129,88,388
129,89,386
129,90,375
129,91,387
129,92,379
129,93,376
129,94,375
129,95,366
129,96,367
129,97,376
129,98,375
129,99,362
129,100,368
129,101,376
129,102,370
129,103,379
129,104,386
129,105,372
129,106,373
129,107,382
129,108,369
129,109,385
129,110,377
129,111,372
129,112,381
129,113,388
129,114,373
129,115,370
129,116,369
129,117,375
129,118,370
129,119,362
129,120,368
129,121,370
129,122,372
129,123,383
129,124,368
129,125,377
129,126,368
129,127,384
129,128,364
129,129,375
129,130,365
129,131,371
129,132,367
129,133,380
129,134,369
129,135,374
129,136,387
129,137,366
129,138,365
129,139,370
129,140,376
129,141,373
129,142,373
129,143,373
129,144,368
129,145,377
129,146,383
129,147,367
129,148,369
129,149,373
129,150,374
129,151,365
129,152,373
129,153,389
129,154,372
129,155,358
129,156,377
129,157,388
129,158,392
129,159,385
129,160,374
129,161,384
129,162,375
129,163,365
129,164,374
129,165,381
129,166,381
129,167,376
129,168,375
129,169,382
129,170,377
129,171,364
129,172,374
129,173,378
129,174,375
129,175,377
129,176,359
129,177,382
129,178,371
129,179,374
129,180,368
129,181,369
129,182,368
129,183,366
129,184,357
129,185,378
129,186,379
129,187,388
129,188,377
129,189,376
129,190,372
129,191,378
129,192,361
129,193,372
129,194,383
129,195,375
129,196,368
129,197,391
129,198,363
129,199,373
129,200,361
130,1,3
130,2,15
130,3,62
130,4,178
130,5,354
130,6,357
130,7,374
130,8,371
130,9,378
130,10,382
130,11,375
130,12,367
130,13,369
130,14,377
130,15,363
130,16,382
130,17,368
130,18,372
130,19,374
130,20,377
130,21,380
130,22,374
130,23,374
130,24,370
130,25,387
130,26,364
130,27,368
130,28,386
130,29,366
130,30,375
130,31,372
130,32,374
130,33,363
130,34,381
130,35,360
130,36,379
130,37,380
130,38,376
130,39,378
130,40,374
130,41,377
130,42,383
130,43,374
130,44,385
130,45,379
130,46,379
130,47,371
130,48,369
130,49,364
130,50,362
130,51,371
130,52,393
130,53,379
130,54,367
130,55,378
130,56,374
130,57,379
130,58,382
130,59,354
130,60,381
130,61,384
130,62,380
130,63,363
130,64,379
130,65,370
130,66,368
130,67,380
130,68,372
130,69,378
130,70,393
130,71,374
130,72,380
130,73,367
130,74,383
130,75,370
130,76,363
130,77,378
130,78,367
130,79,380
130,80,377
130,81,373
130,82,385
130,83,358
130,84,373
130,85,374
130,86,362
130,87,367
130,88,379
130,89,375
130,90,375
130,91,372
130,92,373
130,93,377
130,94,381
130,95,358
130,96,378
130,97,378
130,98,376
130,99,373
130,100,388
130,101,378
130,102,374
130,103,362
130,104,362
130,105,358
130,106,366
130,107,370
130,108,362
130,109,376
130,110,379
130,111,377
130,112,379
130,113,383
130,114,375
130,115,378
130,116,370
130,117,379
130,118,380
130,119,361
130,120,369
130,121,374
130,122,373
130,123,381
130,124,378
130,125,381
130,126,372
130,127,373
130,128,386
130,129,371
130,130,384
130,131,384
130,132,370
130,133,370
130,134,386
130,135,374
130,136,374
130,137,377
130,138,381
130,139,380
130,140,374
130,141,371
130,142,372
130,143,371
130,144,357
130,145,373
130,146,369
130,147,390
130,148,379
130,149,350
130,150,376
130,151,369
130,152,385
130,153,375
130,154,377
130,155,386
130,156,375
130,157,380
130,158,377
130,159,370
130,160,373
130,161,376
130,162,373
130,163,384
130,164,374
130,165,373
130,166,378
130,167,367
130,168,364
130,169,370
130,170,369
130,171,366
130,172,371
130,173,366
130,174,386
130,175,367
130,176,372
130,177,375
130,178,380
130,179,380
130,180,373
130,181,358
130,182,371
130,183,377
130,184,370
130,185,371
130,186,386
130,187,365
130,188,373
130,189,374
130,190,349
130,191,374
130,192,382
130,193,381
130,194,383
130,195,383
130,196,373
130,197,369
130,198,372
130,199,378
130,200,384
131,1,5
131,2,23
131,3,86
131,4,234
131,5,354
131,6,364
131,7,367
131,8,353
131,9,375
131,10,375
131,11,366
131,12,370
131,13,380
131,14,365
131,15,359
131,16,381
131,17,377
131,18,367
131,19,382
131,20,374
131,21,380
131,22,374
131,23,371
131,24,364
131,25,372
131,26,373
131,27,370
131,28,376
131,29,365
131,30,370
131,31,366
131,32,368
131,33,371
131,34,376
131,35,377
131,36,388
131,37,377
131,38,366
131,39,374
131,40,385
131,41,362
131,42,379
131,43,383
131,44,374
131,45,380
131,46,367
131,47,362
131,48,361
131,49,381
131,50,380
131,51,380
131,52,379
131,53,382
131,54,362
131,55,388
131,56,388
131,57,375
131,58,359
131,59,372
131,60,382
131,61,375
131,62,362
131,63,369
131,64,377
131,65,376
131,66,374
131,67,380
131,68,369
131,69,375
131,70,381
131,71,381
131,72,383
131,73,370
131,74,366
131,75,359
131,76,374
131,77,377
131,78,387
131,79,376
131,80,364
131,81,386
131,82,361
131,83,354
131,84,380
131,85,380
131,86,362
131,87,384
131,88,371
131,89,371
131,90,378
131,91,370
131,92,371
131,93,366
131,94,379
131,95,377
131,96,374
131,97,363
131,98,390
131,99,386
131,100,381
131,101,377
131,102,378
131,103,376
131,104,392
131,105,350
131,106,377
131,107,374
131,108,375
131,109,380
131,110,376
131,111,369
131,112,375
131,113,384
131,114,380
131,115,360
131,116,368
131,117,385
131,118,384
131,119,373
131,120,366
131,121,384
131,122,382
131,123,381
131,124,353
131,125,375
131,126,380
131,127,373
131,128,381
131,129,378
131,130,372
131,131,382
131,132,372
131,133,379
131,134,378
131,135,358
131,136,382
131,137,371
131,138,385
131,139,374
131,140,379
131,141,386
131,142,381
131,143,365
131,144,373
131,145,369
131,146,373
131,147,379
131,148,365
131,149,376
131,150,379
131,151,384
131,152,366
131,153,385
131,154,379
131,155,359
131,156,377
131,157,385
131,158,383
131,159,396
131,160,383
131,161,376
131,162,372
131,163,364
131,164,371
131,165,355
131,166,363
131,167,371
131,168,390
131,169,376
131,170,371
131,171,370
131,172,365
131,173,375
131,174,375
131,175,381
131,176,376
131,177,388
131,178,380
131,179,374
131,180,374
131,181,382
131,182,372
131,183,370
131,184,374
131,185,370
131,186,366
131,187,355
131,188,354
131,189,381
131,190,378
131,191,383
131,192,376
131,193,393
131,194,369
131,195,373
131,196,391
131,197,385
131,198,385
131,199,378
131,200,386
132,1,5
132,2,11
132,3,41
132,4,146
132,5,321
132,6,383
132,7,375
132,8,370
132,9,380
132,10,365
132,11,375
132,12,371
132,13,360
132,14,375
132,15,363
132,16,365
132,17,363
132,18,371
132,19,373
132,20,373
132,21,372
132,22,378
132,23,375
132,24,368
132,25,369
132,26,362
132,27,376
132,28,384
132,29,375
132,30,368
132,31,372
132,32,360
132,33,379
132,34,385
132,35,362
132,36,382
132,37,377
132,38,368
132,39,372
132,40,371
132,41,376
132,42,383
132,43,364
132,44,380
132,45,383
132,46,383
132,47,376
132,48,375
132,49,371
132,50,369
132,51,375
132,52,375
132,53,377
132,54,363
132,55,392
132,56,368
132,57,386
132,58,382
132,59,356
132,60,373
132,61,360
132,62,383
132,63,363
132,64,373
132,65,383
132,66,378
132,67,380
132,68,362
132,69,372
132,70,357
132,71,363
132,72,386
132,73,380
132,74,373
132,75,371
132,76,380
132,77,369
132,78,367
132,79,366
132,80,363
132,81,370
132,82,391
132,83,375
132,84,372
132,85,376
132,86,368
132,87,371
132,88,380
132,89,381
132,90,374
132,91,370
132,92,380
132,93,368
132,94,388
132,95,381
132,96,380
132,97,361
132,98,362
132,99,370
132,100,382
132,101,371
132,102,372
132,103,367
132,104,369
132,105,371
132,106,363
132,107,389
132,108,375
132,109,377
132,110,372
132,111,368
132,112,370
132,113,386
132,114,381
132,115,377
132,116,372
132,117,377
132,118,374
132,119,364
132,120,384
132,121,376
132,122,392
132,123,381
132,124,375
132,125,388
132,126,364
132,127,367
132,128,364
132,129,378
132,130,370
132,131,375
132,132,377
132,133,377
132,134,378
132,135,371
132,136,382
132,137,376
132,138,384
132,139,382
132,140,384
132,141,387
132,142,374
132,143,367
132,144,378
132,145,367
132,146,390
132,147,380
132,148,368
132,149,377
132,150,370
132,151,385
132,152,392
132,153,373
132,154,385
132,155,376
132,156,385
132,157,384
132,158,370
132,159,378
132,160,360
132,161,364
132,162,378
132,163,366
132,164,371
132,165,384
132,166,365
132,167,376
132,168,380
132,169,357
132,170,385
132,171,376
132,172,360
132,173,368
132,174,362
132,175,369
132,176,360
132,177,372
132,178,384
132,179,368
132,180,363
132,181,378
132,182,370
132,183,372
132,184,382
132,185,376
132,186,377
132,187,380
132,188,360
132,189,368
132,190,374
132,191,378
132,192,376
132,193,382
132,194,385
132,195,391
132,196,367
132,197,365
132,198,368
132,199,366
132,200,384
133,1,3
133,2,14
133,3,59
133,4,176
133,5,328
133,6,368
133,7,366
133,8,372
133,9,376
133,10,365
133,11,387
133,12,387
133,13,377
133,14,373
133,15,376
133,16,373
133,17,375
133,18,382
133,19,384
133,20,383
133,21,366
133,22,376
133,23,389
133,24,372
133,25,373
133,26,378
133,27,374
133,28,369
133,29,370
133,30,378
133,31,376
133,32,382
133,33,372
133,34,377
133,35,376
133,36,363
133,37,366
133,38,365
133,39,377
133,40,369
133,41,373
133,42,371
133,43,366
133,44,376
133,45,366
133,46,377
133,47,376
133,48,381
133,49,359
133,50,365
133,51,375
133,52,381
133,53,380
133,54,382
133,55,383
133,56,373
133,57,379
133,58,379
133,59,376
133,60,363
133,61,376
133,62,377
133,63,368
133,64,372
133,65,373
133,66,377
133,67,391
133,68,366
133,69,378
133,70,371
133,71,373
133,72,378
133,73,379
133,74,383
133,75,365
133,76,371
133,77,373
133,78,370
133,79,374
133,80,364
133,81,377
133,82,382
133,83,373
133,84,372
133,85,382
133,86,378
133,87,369
133,88,370
133,89,364
133,90,366
133,91,379
133,92,380
133,93,380
133,94,360
133,95,365
133,96,373
133,97,375
133,98,371
133,99,366
133,100,359
133,101,380
133,102,365
133,103,381
133,104,373
133,105,386
133,106,377
133,107,373
133,108,373
133,109,373
133,110,377
133,111,375
133,112,361
133,113,368
133,114,372
133,115,379
133,116,378
133,117,359
133,118,378
133,119,362
133,120,369
133,121,376
133,122,382
133,123,379
133,124,376
133,125,377
133,126,379
133,127,372
133,128,366
133,129,381
133,130,378
133,131,377
133,132,384
133,133,385
133,134,371
133,135,367
133,136,377
133,137,383
133,138,376
133,139,377
133,140,373
133,141,362
133,142,365
133,143,358
133,144,375
133,145,381
133,146,381
133,147,371
133,148,374
133,149,372
133,150,387
133,151,375
133,152,371
133,153,381
133,154,369
133,155,369
133,156,383
133,157,380
133,158,368
133,159,382
133,160,366
133,161,386
133,162,376
133,163,391
133,164,375
133,165,372
133,166,390
133,167,369
133,168,389
133,169,377
133,170,368
133,171,381
133,172,382
133,173,376
133,174,385
133,175,376
133,176,367
133,177,369
133,178,369
133,179,378
133,180,372
133,181,384
133,182,384
133,183,370
133,184,359
133,185,355
133,186,386
133,187,383
133,188,363
133,189,370
133,190,372
133,191,375
133,192,365
133,193,374
133,194,379
133,195,376
133,196,365
133,197,378
133,198,384
133,199,383
133,200,358
134,1,2
134,2,6
134,3,29
134,4,106
134,5,269
134,6,373
134,7,373
134,8,390
134,9,368
134,10,369
134,11,375
134,12,375
134,13,380
134,14,381
134,15,365
134,16,385
134,17,377
134,18,379
134,19,376
134,20,360
134,21,366
134,22,362
134,23,370
134,24,378
134,25,368
134,26,364
134,27,376
134,28,360
134,29,372
134,30,375
134,31,380
134,32,371
134,33,372
134,34,377
134,35,373
134,36,384
134,37,370
134,38,381
134,39,373
134,40,370
134,41,375
134,42,362
134,43,376
134,44,384
134,45,377
134,46,376
134,47,386
134,48,375
134,49,375
134,50,367
134,51,360
134,52,375
134,53,377
134,54,365
134,55,371
134,56,374
134,57,361
134,58,378
134,59,380
134,60,375
134,61,375
134,62,373
134,63,377
134,64,383
134,65,374
134,66,373
134,67,381
134,68,368
134,69,367
134,70,373
134,71,372
134,72,369
134,73,366
134,74,359
134,75,373
134,76,362
134,77,369
134,78,374
134,79,363
134,80,374
134,81,364
134,82,374
134,83,372
134,84,357
134,85,372
134,86,377
134,87,382
134,88,366
134,89,377
134,90,366
134,91,373
134,92,366
134,93,373
134,94,365
134,95,380
134,96,370
134,97,366
134,98,372
134,99,369
134,100,369
134,101,368
134,102,391
134,103,380
134,104,376
134,105,374
134,106,373
134,107,370
134,108,378
134,109,373
134,110,368
134,111,368
134,112,375
134,113,370
134,114,370
134,115,365
134,116,367
134,117,378
134,118,376
134,119,373
134,120,389
134,121,367
134,122,366
134,123,366
134,124,390
134,125,380
134,126,353
134,127,367
134,128,389
134,129,380
134,130,379
134,131,381
134,132,371
134,133,373
134,134,391
134,135,380
134,136,376
134,137,370
134,138,361
134,139,376
134,140,358
134,141,371
134,142,378
134,143,371
134,144,379
134,145,360
134,146,387
134,147,365
134,148,381
134,149,369
134,150,384
134,151,373
134,152,386
134,153,371
134,154,390
134,155,364
134,156,385
134,157,377
134,158,379
134,159,373
134,160,367
134,161,384
134,162,378
134,163,375
134,164,371
134,165,378
134,166,376
134,167,377
134,168,385
134,169,382
134,170,384
134,171,394
134,172,389
134,173,374
134,174,361
134,175,373
134,176,372
134,177,368
134,178,383
134,179,378
134,180,366
134,181,382
134,182,365
134,183,374
134,184,363
134,185,382
134,186,368
134,187,373
134,188,366
134,189,369
134,190,364
134,191,369
134,192,381
134,193,376
134,194,364
134,195,381
134,196,371
134,197,386
134,198,368
134,199,376
134,200,377
135,1,1
135,2,2
135,3,6
135,4,29
135,5,108
135,6,284
135,7,370
135,8,366
135,9,373
135,10,370
135,11,372
135,12,386
135,13,375
135,14,380
135,15,369
135,16,368
135,17,367
135,18,364
135,19,367
135,20,377
135,21,375
135,22,373
135,23,372
135,24,374
135,25,382
135,26,377
135,27,367
135,28,373
135,29,382
135,30,377
135,31,372
135,32,383
135,33,386
135,34,374
135,35,376
135,36,386
135,37,367
135,38,366
135,39,367
135,40,372
135,41,357
135,42,374
135,43,380
135,44,374
135,45,376
135,46,362
135,47,376
135,48,368
135,49,373
135,50,361
135,51,376
135,52,378
135,53,380
135,54,368
135,55,362
135,56,388
135,57,371
135,58,375
135,59,377
135,60,379
135,61,375
135,62,374
135,63,371
135,64,372
135,65,388
135,66,369
135,67,363
135,68,379
135,69,372
135,70,364
135,71,363
135,72,376
135,73,383
135,74,379
135,75,372
135,76,380
135,77,381
135,78,378
135,79,369
135,80,372
135,81,376
135,82,373
135,83,385
135,84,354
135,85,378
135,86,377
135,87,368
135,88,378
135,89,380
135,90,370
135,91,370
135,92,384
135,93,373
135,94,386
135,95,375
135,96,367
135,97,377
135,98,381
135,99,373
135,100,378
135,101,364
135,102,364
135,103,390
135,104,379
135,105,382
135,106,371
135,107,373
135,108,385
135,109,375
135,110,367
135,111,370
135,112,370
135,113,372
135,114,380
135,115,384
135,116,381
135,117,386
135,118,381
135,119,364
135,120,364
135,121,373
135,122,371
135,123,377
135,124,380
135,125,354
135,126,371
135,127,372
135,128,363
135,129,375
135,130,378
135,131,366
135,132,375
135,133,389
135,134,385
135,135,362
135,136,368
135,137,377
135,138,365
135,139,363
135,140,370
135,141,384
135,142,384
135,143,382
135,144,375
135,145,375
135,146,375
135,147,382
135,148,378
135,149,361
135,150,374
135,151,372
135,152,364
135,153,372
135,154,381
135,155,369
135,156,376
135,157,373
135,158,379
135,159,372
135,160,377
135,161,372
135,162,368
135,163,385
135,164,368
135,165,371
135,166,381
135,167,365
135,168,362
135,169,376
135,170,388
135,171,371
135,172,370
135,173,362
135,174,367
135,175,370
135,176,380
135,177,372
135,178,366
135,179,375
135,180,376
135,181,376
135,182,373
135,183,384
135,184,368
135,185,364
135,186,368
135,187,385
135,188,373
135,189,376
135,190,369
135,191,366
135,192,377
135,193,379
135,194,371
135,195,382
135,196,366
135,197,377
135,198,359
135,199,372
135,200,356
136,1,6
136,2,22
136,3,94
136,4,233
136,5,342
136,6,367
136,7,375
136,8,368
136,9,377
136,10,375
136,11,370
136,12,386
136,13,379
136,14,370
136,15,359
136,16,372
136,17,366
136,18,389
136,19,386
136,20,373
136,21,368
136,22,377
136,23,383
136,24,375
136,25,371
136,26,361
136,27,364
136,28,379
136,29,373
136,30,374
136,31,379
136,32,384
136,33,380
136,34,382
136,35,366
136,36,383
136,37,390
136,38,388
136,39,370
136,40,371
136,41,380
136,42,360
136,43,389
136,44,360
136,45,367
136,46,367
136,47,364
136,48,376
136,49,373
136,50,382
136,51,367
136,52,369
136,53,383
136,54,369
136,55,378
136,56,384
136,57,376
136,58,372
136,59,370
136,60,378
136,61,370
136,62,383
136,63,376
136,64,375
136,65,373
136,66,375
136,67,372
136,68,366
136,69,370
136,70,359
136,71,374
136,72,385
136,73,370
136,74,365
136,75,374
136,76,377
136,77,386
136,78,380
136,79,359
136,80,373
136,81,381
136,82,372
136,83,385
136,84,375
136,85,395
136,86,378
136,87,380
136,88,373
136,89,386
136,90,378
136,91,384
136,92,380
136,93,374
136,94,375
136,95,382
136,96,383
136,97,370
136,98,376
136,99,364
136,100,378
136,101,373
136,102,374
136,103,384
136,104,375
136,105,370
136,106,364
136,107,365
136,108,371
136,109,373
136,110,381
136,111,375
136,112,375
136,113,379
136,114,372
136,115,389
136,116,364
136,117,377
136,118,374
136,119,361
136,120,370
136,121,396
136,122,365
136,123,368
136,124,378
136,125,367
136,126,376
136,127,385
136,128,364
136,129,382
136,130,365
136,131,367
136,132,383
136,133,374
136,134,377
136,135,363
136,136,365
136,137,379
136,138,382
136,139,375
136,140,380
136,141,366
136,142,357
136,143,371
136,144,375
136,145,363
136,146,380
136,147,367
136,148,374
136,149,353
136,150,370
136,151,374
136,152,368
136,153,383
136,154,372
136,155,376
136,156,376
136,157,366
136,158,376
136,159,363
136,160,384
136,161,372
136,162,386
136,163,381
136,164,373
136,165,367
136,166,375
136,167,368
136,168,374
136,169,366
136,170,363
136,171,380
136,172,380
136,173,366
136,174,380
136,175,362
136,176,375
136,177,376
136,178,391
136,179,377
136,180,370
136,181,379
136,182,361
136,183,374
136,184,379
136,185,380
136,186,381
136,187,371
136,188,363
136,189,373
136,190,368
136,191,372
136,192,372
136,193,374
136,194,383
136,195,385
136,196,371
136,197,377
136,198,373
136,199,362
136,200,386
137,1,4
137,2,16
137,3,55
137,4,173
137,5,331
137,6,371
137,7,376
137,8,383
137,9,392
137,10,372
137,11,368
137,12,376
137,13,370
137,14,382
137,15,373
137,16,375
137,17,391
137,18,376
137,19,371
137,20,372
137,21,378
137,22,378
137,23,370
137,24,382
137,25,384
137,26,388
137,27,371
137,28,391
137,29,373
137,30,377
137,31,367
137,32,372
137,33,369
137,34,374
137,35,367
137,36,373
137,37,395
137,38,377
137,39,367
137,40,387
137,41,375
137,42,360
137,43,363
137,44,384
137,45,370
137,46,380
137,47,376
137,48,386
137,49,378
137,50,377
137,51,373
137,52,379
137,53,360
137,54,378
137,55,368
137,56,381
137,57,365
137,58,382
137,59,375
137,60,366
137,61,374
137,62,375
137,63,371
137,64,373
137,65,369
137,66,366
137,67,367
137,68,379
137,69,386
137,70,371
137,71,383
137,72,378
137,73,380
137,74,378
137,75,382
137,76,372
137,77,373
137,78,368
137,79,370
137,80,379
137,81,384
137,82,371
137,83,368
137,84,380
137,85,371
137,86,389
137,87,368
137,88,364
137,89,365
137,90,380
137,91,371
137,92,378
137,93,355
137,94,384
137,95,382
137,96,377
137,97,375
137,98,369
137,99,366
137,100,366
137,101,383
137,102,366
137,103,374
137,104,364
137,105,361
137,106,389
137,107,378
137,108,366
137,109,381
137,110,378
137,111,368
137,112,369
137,113,365
137,114,363
137,115,365
137,116,381
137,117,361
137,118,375
137,119,374
137,120,371
137,121,371
137,122,364
137,123,379
137,124,376
137,125,378
137,126,378
137,127,379
137,128,378
137,129,372
137,130,377
137,131,375
137,132,375
137,133,365
137,134,386
137,135,380
137,136,369
137,137,373
137,138,367
137,139,382
137,140,365
137,141,367
137,142,386
137,143,378
137,144,368
137,145,370
137,146,360
137,147,375
137,148,374
137,149,370
137,150,371
137,151,370
137,152,373
137,153,381
137,154,363
137,155,373
137,156,381
137,157,379
137,158,371
137,159,355
137,160,372
137,161,361
137,162,380
137,163,375
137,164,376
137,165,376
137,166,382
137,167,391
137,168,374
137,169,367
137,170,368
137,171,379
137,172,373
137,173,372
137,174,367
137,175,375
137,176,392
137,177,373
137,178,379
137,179,373
137,180,376
137,181,383
137,182,377
137,183,386
137,184,378
137,185,378
137,186,384
137,187,371
137,188,369
137,189,359
137,190,374
137,191,372
137,192,362
137,193,378
137,194,384
137,195,377
137,196,376
137,197,384
137,198,386
137,199,369
137,200,365
138,1,9
138,2,38
138,3,128
138,4,291
138,5,358
138,6,357
138,7,387
138,8,379
138,9,372
138,10,379
138,11,373
138,12,367
138,13,370
138,14,383
138,15,382
138,16,376
138,17,375
138,18,382
138,19,365
138,20,383
138,21,360
138,22,378
138,23,372
138,24,385
138,25,371
138,26,388
138,27,363
138,28,371
138,29,383
138,30,374
138,31,369
138,32,358
138,33,361
138,34,378
138,35,374
138,36,379
138,37,353
138,38,369
138,39,376
138,40,378
138,41,374
138,42,368
138,43,366
138,44,362
138,45,388
138,46,369
138,47,378
138,48,376
138,49,375
138,50,376
138,51,371
138,52,374
138,53,363
138,54,374
138,55,376
138,56,365
138,57,370
138,58,377
138,59,389
138,60,376
138,61,340
138,62,383
138,63,372
138,64,382
138,65,377
138,66,367
138,67,381
138,68,360
138,69,359
138,70,383
138,71,391
138,72,380
138,73,369
138,74,377
138,75,378
138,76,368
138,77,353
138,78,372
138,79,392
138,80,365
138,81,369
138,82,361
138,83,355
138,84,375
138,85,376
138,86,379
138,87,375
138,88,374
138,89,364
138,90,381
138,91,374
138,92,374
138,93,389
138,94,381
138,95,381
138,96,367
138,97,377
138,98,362
138,99,361
138,100,374
138,101,372
138,102,388
138,103,376
138,104,375
138,105,385
138,106,368
138,107,392
138,108,373
138,109,373
138,110,376
138,111,377
138,112,376
138,113,375
138,114,369
138,115,374
138,116,382
138,117,375
138,118,387
138,119,370
138,120,379
138,121,377
138,122,378
138,123,385
138,124,375
138,125,387
138,126,364
138,127,365
138,128,382
138,129,369
138,130,375
138,131,376
138,132,369
138,133,368
138,134,367
138,135,383
138,136,371
138,137,374
138,138,381
138,139,365
138,140,371
138,141,383
138,142,374
138,143,376
138,144,382
138,145,381
138,146,363
138,147,376
138,148,362
138,149,366
138,150,386
138,151,386
138,152,375
138,153,365
138,154,378
138,155,366
138,156,375
138,157,370
138,158,377
138,159,384
138,160,378
138,161,380
138,162,372
138,163,363
138,164,377
138,165,366
138,166,370
138,167,380
138,168,375
138,169,379
138,170,367
138,171,384
138,172,371
138,173,365
138,174,379
138,175,381
138,176,372
138,177,373
138,178,366
138,179,374
138,180,378
138,181,366
138,182,380
138,183,376
138,184,372
138,185,373
138,186,380
138,187,375
138,188,383
138,189,380
138,190,373
138,191,364
138,192,373
138,193,383
138,194,374
138,195,381
138,196,385
138,197,360
138,198,372
138,199,388
138,200,370
139,1,4
139,2,19
139,3,74
139,4,195
139,5,346
139,6,364
139,7,376
139,8,379
139,9,375
139,10,372
139,11,374
139,12,361
139,13,366
139,14,363
139,15,373
139,16,378
139,17,376
139,18,375
139,19,378
139,20,364
139,21,377
139,22,370
139,23,369
139,24,372
139,25,376
139,26,379
139,27,379
139,28,359
139,29,376
139,30,358
139,31,382
139,32,372
139,33,370
139,34,384
139,35,378
139,36,362
139,37,380
139,38,377
139,39,370
139,40,384
139,41,367
139,42,379
139,43,378
139,44,373
139,45,368
139,46,376
139,47,366
139,48,371
139,49,383
139,50,383
139,51,385
139,52,381
139,53,371
139,54,378
139,55,382
139,56,389
139,57,384
139,58,379
139,59,374
139,60,365
139,61,375
139,62,368
139,63,377
139,64,368
139,65,369
139,66,379
139,67,382
139,68,369
139,69,377
139,70,359
139,71,379
139,72,365
139,73,377
139,74,372
139,75,370
139,76,371
139,77,372
139,78,378
139,79,371
139,80,363
139,81,376
139,82,374
139,83,386
139,84,375
139,85,366
139,86,379
139,87,370
139,88,368
139,89,371
139,90,374
139,91,378
139,92,362
139,93,381
139,94,368
139,95,376
139,96,374
139,97,368
139,98,379
139,99,367
139,100,373
139,101,369
139,102,373
139,103,374
139,104,376
139,105,387
139,106,379
139,107,386
139,108,380
139,109,383
139,110,373
139,111,351
139,112,360
139,113,365
139,114,369
139,115,358
139,116,353
139,117,362
139,118,370
139,119,370
139,120,376
139,121,380
139,122,367
139,123,369
139,124,381
139,125,369
139,126,377
139,127,378
139,128,382
139,129,394
139,130,381
139,131,376
139,132,367
139,133,373
139,134,376
139,135,377
139,136,376
139,137,367
139,138,362
139,139,376
139,140,373
139,141,373
139,142,382
139,143,385
139,144,371
139,145,372
139,146,387
139,147,379
139,148,364
139,149,380
139,150,360
139,151,380
139,152,380
139,153,383
139,154,351
139,155,355
139,156,391
139,157,381
139,158,366
139,159,360
139,160,376
139,161,389
139,162,379
139,163,381
139,164,374
139,165,370
139,166,377
139,167,365
139,168,367
139,169,381
139,170,358
139,171,368
139,172,379
139,173,387
139,174,372
139,175,368
139,176,369
139,177,376
139,178,367
139,179,379
139,180,375
139,181,364
139,182,374
139,183,363
139,184,377
139,185,374
139,186,382
139,187,372
139,188,383
139,189,382
139,190,378
139,191,376
139,192,372
139,193,381
139,194,374
139,195,384
139,196,371
139,197,379
139,198,356
139,199,369
139,200,375
140,1,7
140,2,31
140,3,112
140,4,265
140,5,364
140,6,365
140,7,371
140,8,368
140,9,364
140,10,376
140,11,384
140,12,385
140,13,372
140,14,365
140,15,368
140,16,367
140,17,365
140,18,367
140,19,375
140,20,356
140,21,374
140,22,362
140,23,354
140,24,363
140,25,370
140,26,368
140,27,367
140,28,367
140,29,378
140,30,381
140,31,369
140,32,371
140,33,372
140,34,376
140,35,384
140,36,370
140,37,359
140,38,373
140,39,361
140,40,370
140,41,366
140,42,380
140,43,373
140,44,362
140,45,369
140,46,361
140,47,377
140,48,373
140,49,359
140,50,356
140,51,382
140,52,373
140,53,370
140,54,372
140,55,369
140,56,376
140,57,374
140,58,373
140,59,370
140,60,356
140,61,361
140,62,371
140,63,369
140,64,381
140,65,376
140,66,379
140,67,361
140,68,371
140,69,376
140,70,356
140,71,354
140,72,365
140,73,386
140,74,367
140,75,376
140,76,370
140,77,379
140,78,368
140,79,378
140,80,385
140,81,371
140,82,356
140,83,375
140,84,367
140,85,385
140,86,373
140,87,377
140,88,378
140,89,384
140,90,391
140,91,376
140,92,388
140,93,360
140,94,383
140,95,372
140,96,368
140,97,357
140,98,379
140,99,355
140,100,368
140,101,369
140,102,367
140,103,365
140,104,373
140,105,377
140,106,385
140,107,377
140,108,373
140,109,379
140,110,374
140,111,377
140,112,366
140,113,379
140,114,384
140,115,388
140,116,355
140,117,360
140,118,375
140,119,383
140,120,377
140,121,363
140,122,384
140,123,376
140,124,372
140,125,362
140,126,370
140,127,380
140,128,375
140,129,374
140,130,370
140,131,367
140,132,373
140,133,379
140,134,372
140,135,362
140,136,363
140,137,367
140,138,368
140,139,358
140,140,386
140,141,366
140,142,377
140,143,365
140,144,372
140,145,357
140,146,379
140,147,378
140,148,385
140,149,376
140,150,372
140,151,373
140,152,374
140,153,374
140,154,377
140,155,365
140,156,375
140,157,381
140,158,380
140,159,367
140,160,360
140,161,365
140,162,382
140,163,364
140,164,360
140,165,373
140,166,368
140,167,372
140,168,353
140,169,379
140,170,384
140,171,376
140,172,372
140,173,386
140,174,373
140,175,356
140,176,380
140,177,388
140,178,374
140,179,361
140,180,365
140,181,374
140,182,370
140,183,389
140,184,369
140,185,387
140,186,373
140,187,386
140,188,360
140,189,375
140,190,382
140,191,381
140,192,376
140,193,383
140,194,388
140,195,377
140,196,389
140,197,373
140,198,353
140,199,369
140,200,373
141,1,6
141,2,27
141,3,110
141,4,272
141,5,364
141,6,359
141,7,366
141,8,372
141,9,373
141,10,384
141,11,386
141,12,381
141,13,381
141,14,367
141,15,378
141,16,367
141,17,379
141,18,369
141,19,382
141,20,377
141,21,367
141,22,400
141,23,377
141,24,377
141,25,367
141,26,363
141,27,379
141,28,377
141,29,366
141,30,373
141,31,370
141,32,377
141,33,367
141,34,381
141,35,370
141,36,375
141,37,373
141,38,372
141,39,367
141,40,382
141,41,371
141,42,383
141,43,383
141,44,374
141,45,369
141,46,378
141,47,358
141,48,392
141,49,360
141,50,383
141,51,383
141,52,366
141,53,387
141,54,384
141,55,381
141,56,376
141,57,366
141,58,357
141,59,377
141,60,377
141,61,370
141,62,369
141,63,377
141,64,367
141,65,360
141,66,376
141,67,370
141,68,376
141,69,384
141,70,381
141,71,374
141,72,363
141,73,369
141,74,369
141,75,375
141,76,361
141,77,365
141,78,374
141,79,349
141,80,366
141,81,366
141,82,381
141,83,372
141,84,382
141,85,355
141,86,366
141,87,377
141,88,373
141,89,379
141,90,380
141,91,382
141,92,377
141,93,366
141,94,372
141,95,383
141,96,370
141,97,367
141,98,369
141,99,379
141,100,366
141,101,362
141,102,372
141,103,373
141,104,377
141,105,362
141,106,376
141,107,388
141,108,363
141,109,380
141,110,376
141,111,376
141,112,377
141,113,384
141,114,370
141,115,377
141,116,374
141,117,367
141,118,363
141,119,381
141,120,382
141,121,371
141,122,373
141,123,360
141,124,377
141,125,358
141,126,367
141,127,372
141,128,385
141,129,385
141,130,379
141,131,379
141,132,380
141,133,367
141,134,372
141,135,385
141,136,380
141,137,377
141,138,366
141,139,374
141,140,367
141,141,367
141,142,370
141,143,370
141,144,370
141,145,371
141,146,367
141,147,364
141,148,383
141,149,381
141,150,373
141,151,366
141,152,371
141,153,379
141,154,382
141,155,388
141,156,372
141,157,365
141,158,372
141,159,377
141,160,372
141,161,382
141,162,386
141,163,367
141,164,367
141,165,376
141,166,372
141,167,368
141,168,377
141,169,377
141,170,377
141,171,378
141,172,389
141,173,371
141,174,372
141,175,364
141,176,367
141,177,363
141,178,374
141,179,384
141,180,370
141,181,383
141,182,365
141,183,368
141,184,366
141,185,379
141,186,374
141,187,370
141,188,369
141,189,369
141,190,370
141,191,376
141,192,377
141,193,378
141,194,373
141,195,375
141,196,375
141,197,377
141,198,367
141,199,375
141,200,380
142,1,4
142,2,16
142,3,71
142,4,209
142,5,363
142,6,367
142,7,380
142,8,386
142,9,370
142,10,373
142,11,375
142,12,360
142,13,371
142,14,365
142,15,368
142,16,378
142,17,366
142,18,370
142,19,368
142,20,371
142,21,375
142,22,375
142,23,388
142,24,383
142,25,381
142,26,372
142,27,373
142,28,370
142,29,364
142,30,365
142,31,379
142,32,382
142,33,384
142,34,368
142,35,378
142,36,363
142,37,367
142,38,372
142,39,354
142,40,373
142,41,377
142,42,382
142,43,385
142,44,370
142,45,366
142,46,387
142,47,370
142,48,374
142,49,375
142,50,385
142,51,386
142,52,378
142,53,375
142,54,379
142,55,372
142,56,370
142,57,369
142,58,366
142,59,371
142,60,386
142,61,360
142,62,376
142,63,378
142,64,385
142,65,388
142,66,377
142,67,366
142,68,375
142,69,363
142,70,381
142,71,386
142,72,369
142,73,388
142,74,367
142,75,374
142,76,374
142,77,379
142,78,368
142,79,379
142,80,373
142,81,381
142,82,375
142,83,388
142,84,366
142,85,372
142,86,371
142,87,381
142,88,359
142,89,371
142,90,382
142,91,378
142,92,379
142,93,373
142,94,372
142,95,373
142,96,368
142,97,373
142,98,387
142,99,377
142,100,369
142,101,379
142,102,379
142,103,359
142,104,383
142,105,371
142,106,363
142,107,384
142,108,377
142,109,379
142,110,362
142,111,371
142,112,366
142,113,379
142,114,385
142,115,381
142,116,373
142,117,370
142,118,388
142,119,379
142,120,365
142,121,380
142,122,372
142,123,371
142,124,375
142,125,374
142,126,371
142,127,383
142,128,369
142,129,369
142,130,374
142,131,366
142,132,368
142,133,381
142,134,381
142,135,380
142,136,382
142,137,376
142,138,362
142,139,378
142,140,377
142,141,380
142,142,373
142,143,381
142,144,377
142,145,371
142,146,353
142,147,374
142,148,365
142,149,374
142,150,383
142,151,355
142,152,357
142,153,374
142,154,379
142,155,366
142,156,374
142,157,371
142,158,362
142,159,366
142,160,372
142,161,374
142,162,374
142,163,374
142,164,373
142,165,380
142,166,382
142,167,384
142,168,376
142,169,378
142,170,368
142,171,382
142,172,368
142,173,381
142,174,389
142,175,376
142,176,369
142,177,369
142,178,378
142,179,380
142,180,366
142,181,378
142,182,363
142,183,364
142,184,368
142,185,375
142,186,377
142,187,368
142,188,376
142,189,373
142,190,371
142,191,379
142,192,379
142,193,378
142,194,370
142,195,382
142,196,361
142,197,378
142,198,376
142,199,387
142,200,381
143,1,5
143,2,20
143,3,79
143,4,237
143,5,343
143,6,378
143,7,376
143,8,393
143,9,376
143,10,365
143,11,382
143,12,380
143,13,370
143,14,370
143,15,376
143,16,370
143,17,369
143,18,364
143,19,380
143,20,368
143,21,371
143,22,380
143,23,375
143,24,364
143,25,381
143,26,367
143,27,379
143,28,367
143,29,375
143,30,375
143,31,357
143,32,375
143,33,372
143,34,376
143,35,365
143,36,381
143,37,394
143,38,370
143,39,370
143,40,364
143,41,360
143,42,380
143,43,380
143,44,374
143,45,382
143,46,369
143,47,376
143,48,364
143,49,379
143,50,385
143,51,380
143,52,387
143,53,382
143,54,366
143,55,378
143,56,377
143,57,370
143,58,360
143,59,366
143,60,377
143,61,388
143,62,364
143,63,368
143,64,369
143,65,377
143,66,377
143,67,375
143,68,362
143,69,373
143,70,382
143,71,382
143,72,365
143,73,372
143,74,365
143,75,363
143,76,380
143,77,385
143,78,381
143,79,375
143,80,391
143,81,381
143,82,369
143,83,381
143,84,377
143,85,378
143,86,368
143,87,374
143,88,383
143,89,371
143,90,377
143,91,365
143,92,380
143,93,377
143,94,379
143,95,378
143,96,378
143,97,378
143,98,372
143,99,372
143,100,384
143,101,377
143,102,381
143,103,376
143,104,372
143,105,361
143,106,365
143,107,383
143,108,376
143,109,375
143,110,363
143,111,373
143,112,375
143,113,376
143,114,376
143,115,373
143,116,369
143,117,383
143,118,366
143,119,377
143,120,371
143,121,386
143,122,371
143,123,382
143,124,369
143,125,390
143,126,377
143,127,361
143,128,382
143,129,371
143,130,376
143,131,378
143,132,380
143,133,358
143,134,380
143,135,371
143,136,380
143,137,364
143,138,378
143,139,374
143,140,366
143,141,375
143,142,374
143,143,366
143,144,377
143,145,378
143,146,365
143,147,374
143,148,378
143,149,374
143,150,385
143,151,369
143,152,386
143,153,370
143,154,373
143,155,379
143,156,383
143,157,366
143,158,370
143,159,375
143,160,377
143,161,383
143,162,369
143,163,383
143,164,372
143,165,368
143,166,382
143,167,373
143,168,373
143,169,376
143,170,362
143,171,373
143,172,367
143,173,374
143,174,383
143,175,374
143,176,380
143,177,386
143,178,395
143,179,383
143,180,368
143,181,378
143,182,364
143,183,373
143,184,373
143,185,370
143,186,378
143,187,385
143,188,379
143,189,376
143,190,367
143,191,377
143,192,366
143,193,377
143,194,379
143,195,374
143,196,371
143,197,389
143,198,373
143,199,373
143,200,364
144,1,8
144,2,36
144,3,125
144,4,276
144,5,364
144,6,362
144,7,377
144,8,372
144,9,371
144,10,392
144,11,378
144,12,372
144,13,371
144,14,387
144,15,376
144,16,364
144,17,381
144,18,368
144,19,375
144,20,362
144,21,361
144,22,379
144,23,366
144,24,378
144,25,385
144,26,371
144,27,379
144,28,362
144,29,387
144,30,372
144,31,366
144,32,361
144,33,371
144,34,370
144,35,386
144,36,381
144,37,352
144,38,379
144,39,357
144,40,383
144,41,374
144,42,371
144,43,385
144,44,376
144,45,371
144,46,371
144,47,375
144,48,379
144,49,373
144,50,382
144,51,378
144,52,374
144,53,365
144,54,391
144,55,380
144,56,365
144,57,381
144,58,369
144,59,382
144,60,372
144,61,357
144,62,358
144,63,383
144,64,386
144,65,358
144,66,373
144,67,382
144,68,374
144,69,392
144,70,377
144,71,379
144,72,376
144,73,375
144,74,376
144,75,374
144,76,387
144,77,374
144,78,373
144,79,375
144,80,369
144,81,374
144,82,375
144,83,374
144,84,382
144,85,374
144,86,379
144,87,376
144,88,367
144,89,382
144,90,377
144,91,370
144,92,375
144,93,357
144,94,368
144,95,376
144,96,372
144,97,376
144,98,384
144,99,367
144,100,392
144,101,370
144,102,386
144,103,395
144,104,395
144,105,359
144,106,387
144,107,368
144,108,375
144,109,368
144,110,372
144,111,373
144,112,380
144,113,374
144,114,377
144,115,361
144,116,369
144,117,370
144,118,366
144,119,370
144,120,387
144,121,356
144,122,365
144,123,370
144,124,378
144,125,368
144,126,368
144,127,385
144,128,384
144,129,367
144,130,373
144,131,390
144,132,375
144,133,370
144,134,376
144,135,373
144,136,378
144,137,376
144,138,368
144,139,376
144,140,380
144,141,383
144,142,380
144,143,379
144,144,373
144,145,362
144,146,367
144,147,370
144,148,370
144,149,360
144,150,371
144,151,379
144,152,380
144,153,373
144,154,392
144,155,388
144,156,374
144,157,390
144,158,375
144,159,377
144,160,364
144,161,365
144,162,374
144,163,365
144,164,376
144,165,363
144,166,385
144,167,376
144,168,360
144,169,374
144,170,395
144,171,372
144,172,390
144,173,378
144,174,371
144,175,374
144,176,376
144,177,372
144,178,364
144,179,380
144,180,374
144,181,374
144,182,375
144,183,375
144,184,374
144,185,373
144,186,364
144,187,374
144,188,372
144,189,365
144,190,374
144,191,377
144,192,375
144,193,364
144,194,377
144,195,377
144,196,362
144,197,380
144,198,372
144,199,371
144,200,374
145,1,3
145,2,12
145,3,55
145,4,199
145,5,349
145,6,376
145,7,366
145,8,375
145,9,382
145,10,370
145,11,374
145,12,378
145,13,377
145,14,392
145,15,384
145,16,390
145,17,387
145,18,371
145,19,388
145,20,368
145,21,384
145,22,386
145,23,383
145,24,374
145,25,369
145,26,380
145,27,376
145,28,372
145,29,374
145,30,364
145,31,371
145,32,389
145,33,374
145,34,370
145,35,378
145,36,380
145,37,366
145,38,376
145,39,363
145,40,362
145,41,383
145,42,365
145,43,384
145,44,373
145,45,383
145,46,377
145,47,382
145,48,369
145,49,378
145,50,371
145,51,374
145,52,374
145,53,372
145,54,370
145,55,375
145,56,385
145,57,376
145,58,377
145,59,366
145,60,369
145,61,369
145,62,371
145,63,369
145,64,367
145,65,361
145,66,372
145,67,361
145,68,379
145,69,370
145,70,368
145,71,374
145,72,380
145,73,376
145,74,376
145,75,387
145,76,376
145,77,377
145,78,376
145,79,385
145,80,370
145,81,369
145,82,372
145,83,381
145,84,361
145,85,372
145,86,382
145,87,370
145,88,372
145,89,370
145,90,380
145,91,381
145,92,374
145,93,365
145,94,367
145,95,378
145,96,382
145,97,368
145,98,377
145,99,384
145,100,378
145,101,374
145,102,370
145,103,379
145,104,371
145,105,368
145,106,362
145,107,371
145,108,370
145,109,374
145,110,360
145,111,362
145,112,369
145,113,375
145,114,373
145,115,376
145,116,371
145,117,370
145,118,374
145,119,380
145,120,377
145,121,376
145,122,392
145,123,372
145,124,386
145,125,369
145,126,372
145,127,375
145,128,378
145,129,365
145,130,367
145,131,371
145,132,374
145,133,372
145,134,365
145,135,367
145,136,371
145,137,386
145,138,374
145,139,379
145,140,377
145,141,361
145,142,378
145,143,382
145,144,373
145,145,367
145,146,381
145,147,365
145,148,368
145,149,375
145,150,374
145,151,379
145,152,379
145,153,367
145,154,374
145,155,388
145,156,358
145,157,391
145,158,366
145,159,367
145,160,376
145,161,384
145,162,387
145,163,375
145,164,384
145,165,371
145,166,370
145,167,385
145,168,379
145,169,363
145,170,373
145,171,367
145,172,365
145,173,390
145,174,384
145,175,378
145,176,386
145,177,367
145,178,380
145,179,381
145,180,375
145,181,358
145,182,375
145,183,371
145,184,363
145,185,361
145,186,373
145,187,369
145,188,365
145,189,379
145,190,380
145,191,381
145,192,361
145,193,371
145,194,373
145,195,375
145,196,368
145,197,388
145,198,374
145,199,361
145,200,371
146,1,7
146,2,25
146,3,110
146,4,267
146,5,365
146,6,375
146,7,374
146,8,377
146,9,372
146,10,370
146,11,371
146,12,369
146,13,377
146,14,382
146,15,362
146,16,367
146,17,370
146,18,370
146,19,385
146,20,376
146,21,372
146,22,378
146,23,387
146,24,367
146,25,374
146,26,379
146,27,367
146,28,379
146,29,378
146,30,371
146,31,368
146,32,365
146,33,361
146,34,376
146,35,376
146,36,377
146,37,357
146,38,383
146,39,381
146,40,374
146,41,381
146,42,383
146,43,372
146,44,375
146,45,366
146,46,388
146,47,378
146,48,369
146,49,379
146,50,375
146,51,376
146,52,373
146,53,367
146,54,359
146,55,372
146,56,375
146,57,362
146,58,387
146,59,369
146,60,369
146,61,381
146,62,375
146,63,372
146,64,382
146,65,372
146,66,380
146,67,362
146,68,371
146,69,364
146,70,368
146,71,369
146,72,386
146,73,376
146,74,370
146,75,366
146,76,371
146,77,359
146,78,358
146,79,383
146,80,371
146,81,381
146,82,381
146,83,383
146,84,368
146,85,368
146,86,376
146,87,393
146,88,383
146,89,368
146,90,385
146,91,385
146,92,374
146,93,370
146,94,353
146,95,378
146,96,379
146,97,381
146,98,373
146,99,393
146,100,375
146,101,370
146,102,372
146,103,371
146,104,373
146,105,358
146,106,374
146,107,383
146,108,377
146,109,374
146,110,375
146,111,383
146,112,380
146,113,368
146,114,384
146,115,359
146,116,378
146,117,373
146,118,369
146,119,375
146,120,384
146,121,374
146,122,388
146,123,365
146,124,381
146,125,376
146,126,368
146,127,372
146,128,364
146,129,370
146,130,379
146,131,379
146,132,374
146,133,375
146,134,379
146,135,377
146,136,381
146,137,380
146,138,360
146,139,382
146,140,373
146,141,385
146,142,381
146,143,378
146,144,372
146,145,365
146,146,371
146,147,370
146,148,371
146,149,380
146,150,379
146,151,359
146,152,364
146,153,377
146,154,387
146,155,371
146,156,363
146,157,370
146,158,363
146,159,379
146,160,380
146,161,372
146,162,378
146,163,381
146,164,372
146,165,371
146,166,371
146,167,378
146,168,364
146,169,372
146,170,387
146,171,381
146,172,383
146,173,367
146,174,381
146,175,374
146,176,372
146,177,372
146,178,374
146,179,374
146,180,374
146,181,380
146,182,375
146,183,356
146,184,371
146,185,377
146,186,382
146,187,371
146,188,377
146,189,369
146,190,361
146,191,379
146,192,369
146,193,377
146,194,375
146,195,359
146,196,381
146,197,370
146,198,367
146,199,369
146,200,362
147,1,2
147,2,9
147,3,28
147,4,123
147,5,275
147,6,365
147,7,395
147,8,385
147,9,376
147,10,373
147,11,369
147,12,375
147,13,378
147,14,371
147,15,366
147,16,383
147,17,376
147,18,376
147,19,376
147,20,381
147,21,378
147,22,374
147,23,380
147,24,364
147,25,388
147,26,383
147,27,366
147,28,380
147,29,381
147,30,360
147,31,378
147,32,375
147,33,382
147,34,376
147,35,394
147,36,385
147,37,381
147,38,377
147,39,366
147,40,386
147,41,377
147,42,360
147,43,383
147,44,391
147,45,371
147,46,381
147,47,367
147,48,368
147,49,382
147,50,384
147,51,372
147,52,362
147,53,375
147,54,369
147,55,383
147,56,366
147,57,382
147,58,364
147,59,359
147,60,382
147,61,382
147,62,375
147,63,365
147,64,372
147,65,376
147,66,382
147,67,375
147,68,382
147,69,363
147,70,359
147,71,363
147,72,374
147,73,375
147,74,368
147,75,379
147,76,375
147,77,368
147,78,373
147,79,367
147,80,372
147,81,373
147,82,369
147,83,377
147,84,366
147,85,383
147,86,378
147,87,369
147,88,372
147,89,367
147,90,388
147,91,378
147,92,380
147,93,390
147,94,382
147,95,376
147,96,386
147,97,375
147,98,370
147,99,373
147,100,384
147,101,370
147,102,370
147,103,377
147,104,382
147,105,377
147,106,362
147,107,361
147,108,381
147,109,373
147,110,372
147,111,377
147,112,385
147,113,383
147,114,381
147,115,382
147,116,379
147,117,371
147,118,371
147,119,368
147,120,374
147,121,378
147,122,370
147,123,379
147,124,381
147,125,375
147,126,379
147,127,380
147,128,369
147,129,384
147,130,376
147,131,379
147,132,380
147,133,376
147,134,384
147,135,372
147,136,385
147,137,391
147,138,384
147,139,369
147,140,377
147,141,375
147,142,369
147,143,376
147,144,379
147,145,384
147,146,378
147,147,379
147,148,381
147,149,376
147,150,375
147,151,381
147,152,389
147,153,377
147,154,371
147,155,384
147,156,376
147,157,370
147,158,379
147,159,381
147,160,383
147,161,379
147,162,364
147,163,380
147,164,370
147,165,395
147,166,366
147,167,375
147,168,376
147,169,391
147,170,374
147,171,389
147,172,374
147,173,363
147,174,375
147,175,372
147,176,378
147,177,373
147,178,386
147,179,381
147,180,379
147,181,380
147,182,375
147,183,370
147,184,373
147,185,364
147,186,385
147,187,387
147,188,375
147,189,375
147,190,384
147,191,379
147,192,371
147,193,378
147,194,372
147,195,363
147,196,352
147,197,372
147,198,370
147,199,379
147,200,379
148,1,4
148,2,13
148,3,57
148,4,163
148,5,328
148,6,375
148,7,377
148,8,365
148,9,390
148,10,375
148,11,360
148,12,377
148,13,363
148,14,380
148,15,378
148,16,382
148,17,367
148,18,383
148,19,374
148,20,379
148,21,368
148,22,372
148,23,372
148,24,389
148,25,363
148,26,396
148,27,384
148,28,379
148,29,384
148,30,388
148,31,371
148,32,371
148,33,371
148,34,364
148,35,373
148,36,382
148,37,380
148,38,357
148,39,383
148,40,377
148,41,365
148,42,382
148,43,365
148,44,372
148,45,383
148,46,381
148,47,372
148,48,381
148,49,384
148,50,377
148,51,374
148,52,375
148,53,361
148,54,364
148,55,374
148,56,375
148,57,370
148,58,363
148,59,366
148,60,381
148,61,386
148,62,365
148,63,380
148,64,378
148,65,370
148,66,370
148,67,373
148,68,366
148,69,373
148,70,388
148,71,372
148,72,374
148,73,383
148,74,367
148,75,377
148,76,375
148,77,367
148,78,366
148,79,371
148,80,372
148,81,366
148,82,377
148,83,379
148,84,377
148,85,384
148,86,360
148,87,375
148,88,377
148,89,379
148,90,385
148,91,381
148,92,372
148,93,384
148,94,389
148,95,359
148,96,381
148,97,378
148,98,367
148,99,365
148,100,381
148,101,373
148,102,376
148,103,379
148,104,372
148,105,371
148,106,375
148,107,381
148,108,366
148,109,367
148,110,353
148,111,368
148,112,360
148,113,373
148,114,378
148,115,377
148,116,370
148,117,373
148,118,375
148,119,379
148,120,369
148,121,371
148,122,374
148,123,389
148,124,374
148,125,372
148,126,357
148,127,372
148,128,385
148,129,369
148,130,382
148,131,375
148,132,379
148,133,373
148,134,381
148,135,377
148,136,376
148,137,381
148,138,364
148,139,359
148,140,382
148,141,356
148,142,376
148,143,364
148,144,361
148,145,385
148,146,369
148,147,368
148,148,380
148,149,372
148,150,381
148,151,371
148,152,378
148,153,372
148,154,383
148,155,383
148,156,368
148,157,376
148,158,362
148,159,383
148,160,376
148,161,369
148,162,381
148,163,377
148,164,389
148,165,362
148,166,376
148,167,378
148,168,371
148,169,374
148,170,383
148,171,388
148,172,382
148,173,371
148,174,364
148,175,372
148,176,373
148,177,369
148,178,373
148,179,382
148,180,381
148,181,382
148,182,353
148,183,389
148,184,382
148,185,372
148,186,375
148,187,381
148,188,382
148,189,371
148,190,365
148,191,365
148,192,368
148,193,370
148,194,368
148,195,374
148,196,368
148,197,371
148,198,369
148,199,376
148,200,374
149,1,5
149,2,31
149,3,119
149,4,273
149,5,367
149,6,372
149,7,376
149,8,370
149,9,387
149,10,369
149,11,367
149,12,373
149,13,376
149,14,381
149,15,386
149,16,362
149,17,375
149,18,383
149,19,353
149,20,372
149,21,385
149,22,375
149,23,370
149,24,380
149,25,373
149,26,370
149,27,380
149,28,369
149,29,390
149,30,363
149,31,378
149,32,370
149,33,376
149,34,371
149,35,359
149,36,375
149,37,366
149,38,376
149,39,367
149,40,386
149,41,382
149,42,378
149,43,374
149,44,380
149,45,372
149,46,373
149,47,368
149,48,372
149,49,381
149,50,376
149,51,373
149,52,374
149,53,373
149,54,375
149,55,376
149,56,372
149,57,372
149,58,373
149,59,379
149,60,378
149,61,381
149,62,369
149,63,357
149,64,364
149,65,377
149,66,372
149,67,368
149,68,370
149,69,386
149,70,379
149,71,375
149,72,371
149,73,378
149,74,384
149,75,365
149,76,369
149,77,375
149,78,366
149,79,372
149,80,379
149,81,377
149,82,379
149,83,362
149,84,383
149,85,383
149,86,364
149,87,367
149,88,368
149,89,383
149,90,366
149,91,365
149,92,379
149,93,369
149,94,362
149,95,365
149,96,382
149,97,368
149,98,364
149,99,379
149,100,376
149,101,378
149,102,356
149,103,383
149,104,381
149,105,376
149,106,363
149,107,379
149,108,372
149,109,365
149,110,382
149,111,381
149,112,376
149,113,375
149,114,384
149,115,368
149,116,379
149,117,385
149,118,381
149,119,379
149,120,384
149,121,379
149,122,366
149,123,383
149,124,370
149,125,364
149,126,373
149,127,386
149,128,374
149,129,380
149,130,379
149,131,376
149,132,367
149,133,382
149,134,385
149,135,363
149,136,365
149,137,375
149,138,385
149,139,386
149,140,381
149,141,379
149,142,375
149,143,378
149,144,366
149,145,376
149,146,371
149,147,390
149,148,369
149,149,374
149,150,358
149,151,371
149,152,360
149,153,371
149,154,366
149,155,374
149,156,381
149,157,377
149,158,372
149,159,382
149,160,375
149,161,371
149,162,385
149,163,370
149,164,376
149,165,381
149,166,372
149,167,383
149,168,357
149,169,369
149,170,371
149,171,392
149,172,379
149,173,367
149,174,378
149,175,373
149,176,366
149,177,369
149,178,380
149,179,371
149,180,364
149,181,377
149,182,378
149,183,370
149,184,379
149,185,367
149,186,378
149,187,392
149,188,371
149,189,373
149,190,363
149,191,374
149,192,376
149,193,370
149,194,377
149,195,371
149,196,366
149,197,377
149,198,379
149,199,366
149,200,350
150,1,2
150,2,6
150,3,21
150,4,85
150,5,231
150,6,334
150,7,385
150,8,374
150,9,386
150,10,381
150,11,364
150,12,373
150,13,371
150,14,376
150,15,369
150,16,373
150,17,375
150,18,368
150,19,382
150,20,385
150,21,387
150,22,378
150,23,376
150,24,374
150,25,369
150,26,369
150,27,378
150,28,374
150,29,366
150,30,371
150,31,381
150,32,364
150,33,380
150,34,378
150,35,386
150,36,379
150,37,363
150,38,378
150,39,364
150,40,381
150,41,375
150,42,385
150,43,385
150,44,388
150,45,372
150,46,372
150,47,376
150,48,364
150,49,379
150,50,363
150,51,384
150,52,374
150,53,379
150,54,379
150,55,376
150,56,363
150,57,383
150,58,369
150,59,369
150,60,377
150,61,365
150,62,380
150,63,380
150,64,395
150,65,384
150,66,373
150,67,371
150,68,381
150,69,379
150,70,380
150,71,384
150,72,367
150,73,388
150,74,378
150,75,376
150,76,378
150,77,378
150,78,382
150,79,377
150,80,365
150,81,379
150,82,364
150,83,384
150,84,377
150,85,370
150,86,363
150,87,371
150,88,381
150,89,382
150,90,367
150,91,373
150,92,375
150,93,370
150,94,369
150,95,374
150,96,381
150,97,375
150,98,372
150,99,379
150,100,372
150,101,377
150,102,371
150,103,389
150,104,369
150,105,373
150,106,386
150,107,383
150,108,372
150,109,372
150,110,384
150,111,381
150,112,372
150,113,380
150,114,382
150,115,378
150,116,370
150,117,360
150,118,362
150,119,381
150,120,368
150,121,378
150,122,376
150,123,364
150,124,382
150,125,384
150,126,367
150,127,373
150,128,382
150,129,383
150,130,386
150,131,380
150,132,370
150,133,393
150,134,358
150,135,383
150,136,381
150,137,380
150,138,380
150,139,373
150,140,373
150,141,371
150,142,375
150,143,382
150,144,364
150,145,372
150,146,383
150,147,383
150,148,357
150,149,379
150,150,376
150,151,384
150,152,377
150,153,372
150,154,364
150,155,365
150,156,379
150,157,375
150,158,372
150,159,378
150,160,388
150,161,376
150,162,373
150,163,376
150,164,367
150,165,374
150,166,358
150,167,398
150,168,369
150,169,360
150,170,383
150,171,373
150,172,383
150,173,385
150,174,363
150,175,382
150,176,370
150,177,375
150,178,374
150,179,388
150,180,361
150,181,367
150,182,373
150,183,368
150,184,378
150,185,385
150,186,390
150,187,391
150,188,380
150,189,379
150,190,373
150,191,386
150,192,381
150,193,389
150,194,364
150,195,385
150,196,366
150,197,377
150,198,366
150,199,373
150,200,382
151,1,2
151,2,10
151,3,34
151,4,112
151,5,271
151,6,380
151,7,380
151,8,373
151,9,374
151,10,369
151,11,382
151,12,370
151,13,381
151,14,372
151,15,377
151,16,367
151,17,377
151,18,379
151,19,374
151,20,380
151,21,376
151,22,374
151,23,369
151,24,384
151,25,383
151,26,377
151,27,388
151,28,382
151,29,378
151,30,367
151,31,387
151,32,386
151,33,368
151,34,364
151,35,383
151,36,367
151,37,373
151,38,381
151,39,370
151,40,381
151,41,368
151,42,376
151,43,357
151,44,367
151,45,367
151,46,378
151,47,379
151,48,384
151,49,377
151,50,377
151,51,367
151,52,370
151,53,376
151,54,385
151,55,365
151,56,380
151,57,372
151,58,380
151,59,375
151,60,384
151,61,382
151,62,377
151,63,376
151,64,377
151,65,375
151,66,374
151,67,379
151,68,373
151,69,387
151,70,373
151,71,360
151,72,383
151,73,389
151,74,365
151,75,375
151,76,372
151,77,372
151,78,372
151,79,383
151,80,374
151,81,379
151,82,372
151,83,373
151,84,385
151,85,377
151,86,388
151,87,383
151,88,365
151,89,382
151,90,368
151,91,376
151,92,362
151,93,383
151,94,379
151,95,381
151,96,380
151,97,370
151,98,382
151,99,383
151,100,375
151,101,374
151,102,382
151,103,400
151,104,373
151,105,364
151,106,382
151,107,374
151,108,348
151,109,383
151,110,383
151,111,379
151,112,379
151,113,357
151,114,379
151,115,365
151,116,361
151,117,382
151,118,382
151,119,371
151,120,367
151,121,381
151,122,385
151,123,370
151,124,355
151,125,366
151,126,362
151,127,373
151,128,363
151,129,367
151,130,377
151,131,380
151,132,365
151,133,378
151,134,388
151,135,371
151,136,365
151,137,379
151,138,363
151,139,379
151,140,375
151,141,375
151,142,370
151,143,389
151,144,374
151,145,396
151,146,385
151,147,374
151,148,356
151,149,374
151,150,375
151,151,389
151,152,374
151,153,381
151,154,364
151,155,372
151,156,372
151,157,386
151,158,375
151,159,389
151,160,373
151,161,378
151,162,367
151,163,379
151,164,381
151,165,378
151,166,370
151,167,365
151,168,379
151,169,370
151,170,360
151,171,371
151,172,391
151,173,368
151,174,377
151,175,373
151,176,370
151,177,367
151,178,368
151,179,378
151,180,395
151,181,380
151,182,361
151,183,374
151,184,373
151,185,373
151,186,366
151,187,382
151,188,374
151,189,377
151,190,370
151,191,374
151,192,373
151,193,361
151,194,371
151,195,368
151,196,364
151,197,374
151,198,370
151,199,379
151,200,384
152,1,4
152,2,15
152,3,49
152,4,152
152,5,288
152,6,377
152,7,368
152,8,374
152,9,361
152,10,374
152,11,381
152,12,374
152,13,369
152,14,373
152,15,366
152,16,371
152,17,374
152,18,381
152,19,360
152,20,375
152,21,376
152,22,373
152,23,399
152,24,376
152,25,373
152,26,369
152,27,370
152,28,363
152,29,373
152,30,381
152,31,378
152,32,375
152,33,379
152,34,362
152,35,366
152,36,385
152,37,389
152,38,366
152,39,378
152,40,376
152,41,386
152,42,360
152,43,367
152,44,382
152,45,378
152,46,384
152,47,368
152,48,379
152,49,379
152,50,373
152,51,365
152,52,372
152,53,373
152,54,385
152,55,371
152,56,367
152,57,379
152,58,394
152,59,373
152,60,365
152,61,381
152,62,367
152,63,383
152,64,370
152,65,379
152,66,382
152,67,368
152,68,372
152,69,383
152,70,376
152,71,368
152,72,370
152,73,373
152,74,376
152,75,359
152,76,382
152,77,389
152,78,367
152,79,370
152,80,377
152,81,356
152,82,377
152,83,358
152,84,376
152,85,371
152,86,374
152,87,369
152,88,361
152,89,370
152,90,385
152,91,369
152,92,375
152,93,376
152,94,378
152,95,360
152,96,374
152,97,377
152,98,355
152,99,365
152,100,362
152,101,367
152,102,363
152,103,378
152,104,367
152,105,368
152,106,371
152,107,373
152,108,382
152,109,378
152,110,368
152,111,376
152,112,379
152,113,376
152,114,363
152,115,371
152,116,368
152,117,383
152,118,371
152,119,365
152,120,382
152,121,364
152,122,385
152,123,379
152,124,388
152,125,373
152,126,367
152,127,371
152,128,372
152,129,380
152,130,383
152,131,370
152,132,377
152,133,379
152,134,380
152,135,379
152,136,383
152,137,375
152,138,366
152,139,382
152,140,380
152,141,367
152,142,375
152,143,380
152,144,381
152,145,376
152,146,376
152,147,367
152,148,382
152,149,378
152,150,363
152,151,383
152,152,372
152,153,367
152,154,376
152,155,367
152,156,379
152,157,379
152,158,383
152,159,366
152,160,379
152,161,388
152,162,372
152,163,377
152,164,374
152,165,370
152,166,377
152,167,371
152,168,373
152,169,374
152,170,380
152,171,370
152,172,375
152,173,360
152,174,381
152,175,376
152,176,377
152,177,384
152,178,385
152,179,390
152,180,374
152,181,382
152,182,378
152,183,372
152,184,382
152,185,371
152,186,376
152,187,365
152,188,371
152,189,383
152,190,381
152,191,373
152,192,383
152,193,378
152,194,382
152,195,386
152,196,381
152,197,378
152,198,369
152,199,382
152,200,368
153,1,6
153,2,40
153,3,144
153,4,302
153,5,357
153,6,376
153,7,368
153,8,371
153,9,365
153,10,371
153,11,366
153,12,380
153,13,377
153,14,381
153,15,361
153,16,366
153,17,377
153,18,381
153,19,385
153,20,377
153,21,376
153,22,376
153,23,368
153,24,368
153,25,383
153,26,363
153,27,375
153,28,369
153,29,362
153,30,381
153,31,371
153,32,371
153,33,374
153,34,379
153,35,374
153,36,390
153,37,364
153,38,374
153,39,383
153,40,372
153,41,381
153,42,360
153,43,385
153,44,368
153,45,376
153,46,377
153,47,366
153,48,382
153,49,375
153,50,368
153,51,378
153,52,362
153,53,383
153,54,365
153,55,361
153,56,368
153,57,376
153,58,368
153,59,379
153,60,369
153,61,370
153,62,380
153,63,374
153,64,377
153,65,376
153,66,369
153,67,377
153,68,367
153,69,368
153,70,378
153,71,374
153,72,374
153,73,362
153,74,368
153,75,378
153,76,378
153,77,373
153,78,360
153,79,366
153,80,377
153,81,377
153,82,379
153,83,376
153,84,386
153,85,381
153,86,387
153,87,363
153,88,379
153,89,369
153,90,377
153,91,380
153,92,376
153,93,372
153,94,381
153,95,384
153,96,377
153,97,376
153,98,363
153,99,373
153,100,377
153,101,379
153,102,371
153,103,385
153,104,386
153,105,371
153,106,377
153,107,374
153,108,378
153,109,369
153,110,377
153,111,383
153,112,370
153,113,379
153,114,373
153,115,370
153,116,372
153,117,371
153,118,374
153,119,375
153,120,368
153,121,371
153,122,370
153,123,372
153,124,374
153,125,385
153,126,369
153,127,366
153,128,384
153,129,372
153,130,377
153,131,363
153,132,362
153,133,381
153,134,385
153,135,383
153,136,373
153,137,384
153,138,354
153,139,385
153,140,383
153,141,370
153,142,393
153,143,373
153,144,363
153,145,375
153,146,372
153,147,380
153,148,376
153,149,376
153,150,381
153,151,379
153,152,372
153,153,371
153,154,364
153,155,380
153,156,378
153,157,365
153,158,387
153,159,381
153,160,371
153,161,372
153,162,375
153,163,387
153,164,384
153,165,391
153,166,380
153,167,372
153,168,388
153,169,363
153,170,354
153,171,368
153,172,365
153,173,377
153,174,376
153,175,379
153,176,369
153,177,377
153,178,370
153,179,374
153,180,366
153,181,370
153,182,379
153,183,372
153,184,375
153,185,371
153,186,373
153,187,387
153,188,376
153,189,378
153,190,379
153,191,378
153,192,383
153,193,356
153,194,360
153,195,379
153,196,374
153,197,375
153,198,378
153,199,373
153,200,387
154,1,3
154,2,13
154,3,46
154,4,153
154,5,317
154,6,359
154,7,387
154,8,364
154,9,367
154,10,369
154,11,377
154,12,378
154,13,368
154,14,366
154,15,370
154,16,379
154,17,378
154,18,372
154,19,386
154,20,362
154,21,361
154,22,374
154,23,364
154,24,379
154,25,379
154,26,375
154,27,393
154,28,369
154,29,388
154,30,383
154,31,374
154,32,373
154,33,382
154,34,355
154,35,375
154,36,370
154,37,380
154,38,386
154,39,363
154,40,374
154,41,360
154,42,368
154,43,360
154,44,372
154,45,383
154,46,371
154,47,385
154,48,371
154,49,365
154,50,376
154,51,368
154,52,376
154,53,374
154,54,374
154,55,373
154,56,367
154,57,364
154,58,374
154,59,374
154,60,377
154,61,371
154,62,380
154,63,386
154,64,371
154,65,364
154,66,378
154,67,358
154,68,368
154,69,370
154,70,372
154,71,382
154,72,374
154,73,388
154,74,369
154,75,368
154,76,370
154,77,375
154,78,369
154,79,380
154,80,366
154,81,380
154,82,369
154,83,375
154,84,382
154,85,362
154,86,376
154,87,382
154,88,389
154,89,365
154,90,375
154,91,371
154,92,384
154,93,364
154,94,381
154,95,376
154,96,368
154,97,382
154,98,376
154,99,368
154,100,364
154,101,365
154,102,373
154,103,368
154,104,361
154,105,384
154,106,390
154,107,368
154,108,371
154,109,375
154,110,371
154,111,368
154,112,383
154,113,369
154,114,361
154,115,375
154,116,379
154,117,356
154,118,362
154,119,369
154,120,378
154,121,365
154,122,370
154,123,372
154,124,367
154,125,366
154,126,375
154,127,366
154,128,382
154,129,381
154,130,363
154,131,365
154,132,366
154,133,370
154,134,369
154,135,380
154,136,383
154,137,373
154,138,377
154,139,374
154,140,363
154,141,377
154,142,370
154,143,372
154,144,376
154,145,367
154,146,391
154,147,378
154,148,388
154,149,372
154,150,384
154,151,372
154,152,380
154,153,392
154,154,374
154,155,358
154,156,367
154,157,368
154,158,371
154,159,374
154,160,376
154,161,374
154,162,371
154,163,371
154,164,373
154,165,380
154,166,377
154,167,366
154,168,378
154,169,376
154,170,374
154,171,373
154,172,370
154,173,378
154,174,385
154,175,369
154,176,373
154,177,376
154,178,361
154,179,369
154,180,377
154,181,372
154,182,377
154,183,359
154,184,384
154,185,366
154,186,379
154,187,362
154,188,375
154,189,362
154,190,365
154,191,373
154,192,387
154,193,387
154,194,387
154,195,386
154,196,345
154,197,359
154,198,358
154,199,377
154,200,383
155,1,4
155,2,23
155,3,98
155,4,255
155,5,364
155,6,361
155,7,373
155,8,382
155,9,368
155,10,377
155,11,377
155,12,382
155,13,381
155,14,372
155,15,365
155,16,383
155,17,353
155,18,368
155,19,372
155,20,374
155,21,386
155,22,370
155,23,384
155,24,365
155,25,360
155,26,373
155,27,375
155,28,375
155,29,386
155,30,367
155,31,368
155,32,372
155,33,380
155,34,372
155,35,371
155,36,379
155,37,372
155,38,376
155,39,377
155,40,364
155,41,371
155,42,362
155,43,374
155,44,379
155,45,367
155,46,371
155,47,380
155,48,363
155,49,369
155,50,366
155,51,366
155,52,363
155,53,372
155,54,375
155,55,370
155,56,370
155,57,367
155,58,364
155,59,381
155,60,361
155,61,362
155,62,362
155,63,384
155,64,368
155,65,379
155,66,372
155,67,363
155,68,373
155,69,371
155,70,374
155,71,374
155,72,377
155,73,381
155,74,383
155,75,377
155,76,383
155,77,372
155,78,367
155,79,374
155,80,368
155,81,356
155,82,382
155,83,377
155,84,374
155,85,365
155,86,374
155,87,375
155,88,379
155,89,367
155,90,368
155,91,386
155,92,372
155,93,365
155,94,375
155,95,379
155,96,384
155,97,369
155,98,367
155,99,372
155,100,381
155,101,369
155,102,377
155,103,366
155,104,378
155,105,376
155,106,372
155,107,369
155,108,374
155,109,380
155,110,387
155,111,389
155,112,379
155,113,379
155,114,379
155,115,367
155,116,372
155,117,371
155,118,355
155,119,366
155,120,381
155,121,378
155,122,369
155,123,376
155,124,381
155,125,370
155,126,368
155,127,385
155,128,371
155,129,377
155,130,359
155,131,374
155,132,379
155,133,375
155,134,382
155,135,372
155,136,385
155,137,370
155,138,367
155,139,374
155,140,368
155,141,382
155,142,368
155,143,372
155,144,381
155,145,394
155,146,371
155,147,374
155,148,378
155,149,385
155,150,371
155,151,380
155,152,383
155,153,382
155,154,386
155,155,374
155,156,377
155,157,366
155,158,387
155,159,372
155,160,383
155,161,363
155,162,370
155,163,376
155,164,381
155,165,362
155,166,386
155,167,372
155,168,372
155,169,352
155,170,370
155,171,362
155,172,372
155,173,384
155,174,367
155,175,372
155,176,371
155,177,372
155,178,363
155,179,370
155,180,359
155,181,371
155,182,380
155,183,361
155,184,375
155,185,357
155,186,383
155,187,374
155,188,384
155,189,377
155,190,376
155,191,391
155,192,374
155,193,357
155,194,380
155,195,383
155,196,381
155,197,365
155,198,367
155,199,388
155,200,381
156,1,5
156,2,30
156,3,136
156,4,297
156,5,376
156,6,375
156,7,382
156,8,390
156,9,386
156,10,370
156,11,368
156,12,371
156,13,382
156,14,367
156,15,386
156,16,361
156,17,374
156,18,379
156,19,380
156,20,373
156,21,377
156,22,390
156,23,379
156,24,371
156,25,378
156,26,377
156,27,380
156,28,373
156,29,373
156,30,368
156,31,384
156,32,363
156,33,374
156,34,353
156,35,387
156,36,370
156,37,376
156,38,379
156,39,370
156,40,364
156,41,380
156,42,370
156,43,368
156,44,375
156,45,367
156,46,369
156,47,371
156,48,378
156,49,377
156,50,366
156,51,363
156,52,382
156,53,376
156,54,388
156,55,371
156,56,365
156,57,366
156,58,374
156,59,373
156,60,368
156,61,372
156,62,377
156,63,385
156,64,371
156,65,365
156,66,381
156,67,374
156,68,374
156,69,372
156,70,385
156,71,375
156,72,372
156,73,379
156,74,374
156,75,369
156,76,379
156,77,388
156,78,370
156,79,374
156,80,374
156,81,371
156,82,379
156,83,378
156,84,382
156,85,351
156,86,378
156,87,379
156,88,380
156,89,368
156,90,380
156,91,390
156,92,377
156,93,378
156,94,375
156,95,365
156,96,381
156,97,370
156,98,370
156,99,382
156,100,384
156,101,368
156,102,382
156,103,362
156,104,382
156,105,373
156,106,374
156,107,376
156,108,368
156,109,370
156,110,369
156,111,376
156,112,374
156,113,364
156,114,388
156,115,375
156,116,385
156,117,375
156,118,385
156,119,373
156,120,379
156,121,370
156,122,376
156,123,376
156,124,377
156,125,384
156,126,371
156,127,379
156,128,370
156,129,378
156,130,360
156,131,366
156,132,378
156,133,361
156,134,377
156,135,377
156,136,372
156,137,376
156,138,383
156,139,381
156,140,367
156,141,365
156,142,369
156,143,377
156,144,385
156,145,382
156,146,377
156,147,369
156,148,385
156,149,374
156,150,380
156,151,373
156,152,366
156,153,364
156,154,393
156,155,367
156,156,381
156,157,373
156,158,368
156,159,374
156,160,394
156,161,382
156,162,383
156,163,393
156,164,358
156,165,376
156,166,373
156,167,382
156,168,369
156,169,386
156,170,373
156,171,378
156,172,379
156,173,378
156,174,376
156,175,380
156,176,367
156,177,380
156,178,384
156,179,372
156,180,372
156,181,368
156,182,367
156,183,390
156,184,364
156,185,367
156,186,373
156,187,370
156,188,367
156,189,359
156,190,369
156,191,379
156,192,366
156,193,384
156,194,365
156,195,367
156,196,382
156,197,372
156,198,366
156,199,373
156,200,380
157,1,4
157,2,16
157,3,74
157,4,223
157,5,354
157,6,375
157,7,359
157,8,363
157,9,383
157,10,373
157,11,372
157,12,366
157,13,377
157,14,370
157,15,370
157,16,370
157,17,362
157,18,371
157,19,375
157,20,364
157,21,373
157,22,359
157,23,370
157,24,367
157,25,367
157,26,368
157,27,382
157,28,364
157,29,376
157,30,377
157,31,366
157,32,377
157,33,380
157,34,368
157,35,363
157,36,369
157,37,376
157,38,363
157,39,381
157,40,370
157,41,386
157,42,375
157,43,379
157,44,385
157,45,353
157,46,366
157,47,385
157,48,370
157,49,385
157,50,375
157,51,360
157,52,358
157,53,374
157,54,380
157,55,387
157,56,374
157,57,378
157,58,378
157,59,363
157,60,374
157,61,370
157,62,379
157,63,369
157,64,373
157,65,376
157,66,359
157,67,380
157,68,370
157,69,378
157,70,374
157,71,373
157,72,374
157,73,382
157,74,374
157,75,382
157,76,365
157,77,369
157,78,372
157,79,370
157,80,374
157,81,380
157,82,363
157,83,367
157,84,369
157,85,389
157,86,369
157,87,381
157,88,371
157,89,387
157,90,379
157,91,380
157,92,386
157,93,368
157,94,372
157,95,380
157,96,374
157,97,384
157,98,378
157,99,365
157,100,376
157,101,379
157,102,372
157,103,374
157,104,385
157,105,375
157,106,385
157,107,367
157,108,392
157,109,375
157,110,379
157,111,376
157,112,375
157,113,384
157,114,366
157,115,367
157,116,376
157,117,370
157,118,362
157,119,370
157,120,367
157,121,382
157,122,365
157,123,384
157,124,378
157,125,384
157,126,381
157,127,371
157,128,378
157,129,374
157,130,371
157,131,376
157,132,376
157,133,383
157,134,386
157,135,373
157,136,369
157,137,379
157,138,369
157,139,383
157,140,378
157,141,378
157,142,372
157,143,382
157,144,368
157,145,368
157,146,382
157,147,379
157,148,382
157,149,368
157,150,375
157,151,383
157,152,372
157,153,371
157,154,381
157,155,366
157,156,383
157,157,375
157,158,379
157,159,373
157,160,392
157,161,374
157,162,373
157,163,386
157,164,370
157,165,380
157,166,383
157,167,363
157,168,369
157,169,380
157,170,374
157,171,377
157,172,377
157,173,377
157,174,378
157,175,366
157,176,366
157,177,374
157,178,364
157,179,384
157,180,372
157,181,368
157,182,370
157,183,366
157,184,365
157,185,380
157,186,379
157,187,365
157,188,376
157,189,383
157,190,368
157,191,377
157,192,379
157,193,372
157,194,373
157,195,374
157,196,369
157,197,368
157,198,367
157,199,388
157,200,382
158,1,8
158,2,32
158,3,100
158,4,244
158,5,359
158,6,365
158,7,380
158,8,380
158,9,387
158,10,370
158,11,362
158,12,387
158,13,377
158,14,378
158,15,365
158,16,379
158,17,381
158,18,376
158,19,373
158,20,362
158,21,377
158,22,363
158,23,385
158,24,363
158,25,370
158,26,375
158,27,381
158,28,375
158,29,381
158,30,365
158,31,382
158,32,374
158,33,382
158,34,383
158,35,370
158,36,382
158,37,375
158,38,371
158,39,378
158,40,374
158,41,362
158,42,382
158,43,378
158,44,370
158,45,373
158,46,361
158,47,368
158,48,382
158,49,372
158,50,362
158,51,382
158,52,358
158,53,376
158,54,392
158,55,381
158,56,366
158,57,378
158,58,377
158,59,364
158,60,359
158,61,361
158,62,376
158,63,369
158,64,361
158,65,372
158,66,378
158,67,371
158,68,382
158,69,385
158,70,384
158,71,392
158,72,371
158,73,375
158,74,375
158,75,385
158,76,377
158,77,382
158,78,375
158,79,362
158,80,376
158,81,376
158,82,371
158,83,392
158,84,387
158,85,377
158,86,365
158,87,386
158,88,375
158,89,375
158,90,378
158,91,372
158,92,367
158,93,372
158,94,389
158,95,364
158,96,373
158,97,377
158,98,374
158,99,373
158,100,390
158,101,366
158,102,376
158,103,375
158,104,378
158,105,378
158,106,364
158,107,375
158,108,377
158,109,363
158,110,376
158,111,363
158,112,389
158,113,374
158,114,378
158,115,391
158,116,371
158,117,371
158,118,367
158,119,364
158,120,372
158,121,366
158,122,383
158,123,366
158,124,377
158,125,364
158,126,370
158,127,372
158,128,375
158,129,371
158,130,378
158,131,380
158,132,375
158,133,379
158,134,375
158,135,380
158,136,371
158,137,386
158,138,369
158,139,380
158,140,383
158,141,367
158,142,382
158,143,366
158,144,371
158,145,378
158,146,379
158,147,378
158,148,365
158,149,378
158,150,375
158,151,380
158,152,383
158,153,357
158,154,367
158,155,373
158,156,372
158,157,368
158,158,372
158,159,373
158,160,369
158,161,362
158,162,379
158,163,372
158,164,384
158,165,384
158,166,372
158,167,377
158,168,372
158,169,371
158,170,373
158,171,371
158,172,383
158,173,373
158,174,378
158,175,389
158,176,359
158,177,374
158,178,383
158,179,367
158,180,365
158,181,370
158,182,369
158,183,377
158,184,370
158,185,388
158,186,380
158,187,383
158,188,376
158,189,370
158,190,378
158,191,371
158,192,369
158,193,369
158,194,382
158,195,354
158,196,377
158,197,361
158,198,366
158,199,368
158,200,372
159,1,4
159,2,16
159,3,54
159,4,176
159,5,350
159,6,372
159,7,375
159,8,380
159,9,389
159,10,378
159,11,377
159,12,375
159,13,372
159,14,375
159,15,373
159,16,376
159,17,373
159,18,374
159,19,373
159,20,368
159,21,384
159,22,371
159,23,385
159,24,383
159,25,379
159,26,385
159,27,367
159,28,369
159,29,389
159,30,375
159,31,377
159,32,375
159,33,382
159,34,387
159,35,375
159,36,367
159,37,374
159,38,377
159,39,369
159,40,380
159,41,366
159,42,392
159,43,376
159,44,377
159,45,380
159,46,382
159,47,378
159,48,367
159,49,374
159,50,365
159,51,367
159,52,379
159,53,382
159,54,381
159,55,384
159,56,378
159,57,381
159,58,376
159,59,360
159,60,372
159,61,371
159,62,375
159,63,372
159,64,366
159,65,373
159,66,370
159,67,374
159,68,383
159,69,383
159,70,364
159,71,369
159,72,382
159,73,382
159,74,376
159,75,368
159,76,366
159,77,371
159,78,371
159,79,380
159,80,386
159,81,392
159,82,368
159,83,386
159,84,387
159,85,373
159,86,375
159,87,369
159,88,370
159,89,390
159,90,383
159,91,379
159,92,383
159,93,372
159,94,379
159,95,380
159,96,383
159,97,361
159,98,372
159,99,381
159,100,360
159,101,386
159,102,373
159,103,368
159,104,368
159,105,368
159,106,374
159,107,383
159,108,375
159,109,357
159,110,373
159,111,375
159,112,374
159,113,368
159,114,374
159,115,372
159,116,375
159,117,369
159,118,373
159,119,374
159,120,370
159,121,376
159,122,363
159,123,368
159,124,367
159,125,386
159,126,378
159,127,372
159,128,369
159,129,384
159,130,385
159,131,383
159,132,380
159,133,371
159,134,378
159,135,360
159,136,363
159,137,373
159,138,375
159,139,362
159,140,381
159,141,377
159,142,378
159,143,373
159,144,386
159,145,376
159,146,389
159,147,365
159,148,368
159,149,372
159,150,346
159,151,367
159,152,376
159,153,373
159,154,362
159,155,363
159,156,384
159,157,367
159,158,384
159,159,374
159,160,365
159,161,384
159,162,376
159,163,380
159,164,380
159,165,390
159,166,374
159,167,381
159,168,381
159,169,375
159,170,370
159,171,363
159,172,375
159,173,382
159,174,387
159,175,375
159,176,373
159,177,373
159,178,386
159,179,383
159,180,386
159,181,382
159,182,371
159,183,385
159,184,383
159,185,368
159,186,362
159,187,370
159,188,355
159,189,385
159,190,372
159,191,375
159,192,363
159,193,376
159,194,373
159,195,375
159,196,383
159,197,372
159,198,352
159,199,376
159,200,371
160,1,4
160,2,18
160,3,78
160,4,197
160,5,338
160,6,360
160,7,357
160,8,378
160,9,391
160,10,376
160,11,383
160,12,364
160,13,379
160,14,380
160,15,372
160,16,376
160,17,373
160,18,381
160,19,372
160,20,378
160,21,367
160,22,368
160,23,369
160,24,378
160,25,382
160,26,368
160,27,379
160,28,365
160,29,369
160,30,372
160,31,374
160,32,371
160,33,373
160,34,380
160,35,377
160,36,380
160,37,378
160,38,377
160,39,363
160,40,375
160,41,373
160,42,377
160,43,383
160,44,376
160,45,376
160,46,379
160,47,387
160,48,366
160,49,368
160,50,365
160,51,376
160,52,390
160,53,385
160,54,379
160,55,368
160,56,374
160,57,366
160,58,358
160,59,389
160,60,372
160,61,378
160,62,374
160,63,385
160,64,394
160,65,375
160,66,371
160,67,377
160,68,375
160,69,379
160,70,373
160,71,377
160,72,378
160,73,379
160,74,374
160,75,375
160,76,372
160,77,373
160,78,362
160,79,376
160,80,379
160,81,377
160,82,374
160,83,369
160,84,365
160,85,362
160,86,386
160,87,372
160,88,368
160,89,377
160,90,378
160,91,388
160,92,381
160,93,378
160,94,368
160,95,362
160,96,376
160,97,370
160,98,375
160,99,377
160,100,367
160,101,369
160,102,382
160,103,378
160,104,357
160,105,382
160,106,375
160,107,361
160,108,375
160,109,374
160,110,383
160,111,376
160,112,385
160,113,378
160,114,369
160,115,372
160,116,368
160,117,371
160,118,381
160,119,377
160,120,388
160,121,359
160,122,364
160,123,352
160,124,365
160,125,382
160,126,364
160,127,380
160,128,379
160,129,369
160,130,368
160,131,366
160,132,381
160,133,372
160,134,377
160,135,375
160,136,377
160,137,376
160,138,373
160,139,361
160,140,368
160,141,375
160,142,383
160,143,369
160,144,363
160,145,370
160,146,374
160,147,379
160,148,368
160,149,376
160,150,380
160,151,362
160,152,379
160,153,379
160,154,377
160,155,369
160,156,374
160,157,378
160,158,386
160,159,363
160,160,369
160,161,368
160,162,376
160,163,377
160,164,365
160,165,371
160,166,377
160,167,374
160,168,371
160,169,371
160,170,381
160,171,389
160,172,381
160,173,354
160,174,368
160,175,367
160,176,369
160,177,355
160,178,375
160,179,377
160,180,378
160,181,375
160,182,362
160,183,369
160,184,366
160,185,378
160,186,371
160,187,368
160,188,387
160,189,375
160,190,372
160,191,368
160,192,374
160,193,375
160,194,369
160,195,369
160,196,383
160,197,376
160,198,379
160,199,368
160,200,380
161,1,6
161,2,35
161,3,124
161,4,276
161,5,355
161,6,371
161,7,388
161,8,371
161,9,379
161,10,365
161,11,381
161,12,368
161,13,377
161,14,380
161,15,381
161,16,370
161,17,378
161,18,373
161,19,364
161,20,372
161,21,356
161,22,376
161,23,370
161,24,383
161,25,375
161,26,382
161,27,364
161,28,373
161,29,375
161,30,380
161,31,381
161,32,366
161,33,364
161,34,373
161,35,364
161,36,364
161,37,375
161,38,372
161,39,380
161,40,375
161,41,372
161,42,380
161,43,375
161,44,384
161,45,367
161,46,381
161,47,364
161,48,374
161,49,371
161,50,369
161,51,367
161,52,377
161,53,379
161,54,368
161,55,387
161,56,373
161,57,367
161,58,372
161,59,369
161,60,373
161,61,376
161,62,379
161,63,382
161,64,375
161,65,372
161,66,365
161,67,367
161,68,384
161,69,374
161,70,375
161,71,369
161,72,376
161,73,384
161,74,386
161,75,372
161,76,377
161,77,377
161,78,382
161,79,369
161,80,368
161,81,369
161,82,365
161,83,370
161,84,370
161,85,384
161,86,375
161,87,375
161,88,387
161,89,382
161,90,380
161,91,389
161,92,374
161,93,376
161,94,367
161,95,378
161,96,369
161,97,373
161,98,379
161,99,378
161,100,393
161,101,367
161,102,377
161,103,370
161,104,375
161,105,373
161,106,369
161,107,384
161,108,364
161,109,355
161,110,370
161,111,367
161,112,383
161,113,373
161,114,363
161,115,390
161,116,361
161,117,367
161,118,376
161,119,388
161,120,374
161,121,367
161,122,368
161,123,377
161,124,385
161,125,375
161,126,363
161,127,372
161,128,368
161,129,375
161,130,382
161,131,369
161,132,377
161,133,380
161,134,377
161,135,367
161,136,375
161,137,379
161,138,378
161,139,371
161,140,365
161,141,376
161,142,383
161,143,373
161,144,378
161,145,368
161,146,385
161,147,366
161,148,381
161,149,371
161,150,372
161,151,370
161,152,389
161,153,371
161,154,393
161,155,378
161,156,371
161,157,366
161,158,383
161,159,386
161,160,381
161,161,381
161,162,377
161,163,355
161,164,368
161,165,381
161,166,358
161,167,397
161,168,372
161,169,378
161,170,373
161,171,370
161,172,361
161,173,384
161,174,382
161,175,384
161,176,375
161,177,388
161,178,377
161,179,350
161,180,369
161,181,378
161,182,357
161,183,373
161,184,379
161,185,361
161,186,379
161,187,377
161,188,370
161,189,378
161,190,368
161,191,367
161,192,369
161,193,376
161,194,358
161,195,384
161,196,370
161,197,355
161,198,362
161,199,373
161,200,369
162,1,5
162,2,17
162,3,72
162,4,205
162,5,350
162,6,380
162,7,381
162,8,367
162,9,386
162,10,376
162,11,386
162,12,378
162,13,363
162,14,377
162,15,366
162,16,367
162,17,361
162,18,369
162,19,391
162,20,369
162,21,364
162,22,348
162,23,363
162,24,376
162,25,372
162,26,376
162,27,375
162,28,375
162,29,368
162,30,371
162,31,356
162,32,360
162,33,381
162,34,373
162,35,385
162,36,374
162,37,363
162,38,375
162,39,382
162,40,362
162,41,372
162,42,380
162,43,367
162,44,373
162,45,374
162,46,371
162,47,374
162,48,375
162,49,377
162,50,364
162,51,378
162,52,382
162,53,377
162,54,373
162,55,375
162,56,369
162,57,391
162,58,379
162,59,379
162,60,372
162,61,376
162,62,381
162,63,375
162,64,373
162,65,370
162,66,385
162,67,375
162,68,375
162,69,364
162,70,380
162,71,369
162,72,362
162,73,382
162,74,373
162,75,366
162,76,378
162,77,379
162,78,375
162,79,378
162,80,384
162,81,377
162,82,370
162,83,377
162,84,370
162,85,372
162,86,365
162,87,365
162,88,379
162,89,372
162,90,369
162,91,376
162,92,382
162,93,377
162,94,376
162,95,371
162,96,380
162,97,364
162,98,365
162,99,378
162,100,373
162,101,368
162,102,372
162,103,374
162,104,350
162,105,368
162,106,378
162,107,375
162,108,383
162,109,363
162,110,372
162,111,373
162,112,374
162,113,387
162,114,372
162,115,377
162,116,377
162,117,385
162,118,373
162,119,357
162,120,380
162,121,385
162,122,373
162,123,375
162,124,372
162,125,362
162,126,367
162,127,363
162,128,378
162,129,376
162,130,369
162,131,383
162,132,368
162,133,367
162,134,371
162,135,366
162,136,375
162,137,372
162,138,392
162,139,386
162,140,372
162,141,381
162,142,376
162,143,383
162,144,391
162,145,381
162,146,379
162,147,362
162,148,378
162,149,372
162,150,381
162,151,380
162,152,384
162,153,372
162,154,383
162,155,375
162,156,381
162,157,370
162,158,377
162,159,369
162,160,371
162,161,378
162,162,382
162,163,372
162,164,392
162,165,374
162,166,375
162,167,374
162,168,362
162,169,368
162,170,358
162,171,381
162,172,374
162,173,361
162,174,374
162,175,364
162,176,349
162,177,366
162,178,372
162,179,379
162,180,366
162,181,359
162,182,366
162,183,377
162,184,383
162,185,367
162,186,367
162,187,374
162,188,372
162,189,380
162,190,373
162,191,373
162,192,365
162,193,361
162,194,369
162,195,381
162,196,364
162,197,371
162,198,377
162,199,389
162,200,367
163,1,4
163,2,15
163,3,43
163,4,150
163,5,316
163,6,373
163,7,384
163,8,384
163,9,369
163,10,384
163,11,375
163,12,384
163,13,366
163,14,371
163,15,373
163,16,371
163,17,374
163,18,371
163,19,376
163,20,373
163,21,391
163,22,382
163,23,387
163,24,352
163,25,375
163,26,377
163,27,386
163,28,369
163,29,370
163,30,393
163,31,386
163,32,382
163,33,386
163,34,384
163,35,376
163,36,373
163,37,377
163,38,381
163,39,386
163,40,371
163,41,366
163,42,366
163,43,379
163,44,363
163,45,375
163,46,363
163,47,370
163,48,372
163,49,377
163,50,383
163,51,370
163,52,385
163,53,371
163,54,389
163,55,369
163,56,397
163,57,376
163,58,367
163,59,370
163,60,377
163,61,383
163,62,380
163,63,375
163,64,378
163,65,365
163,66,369
163,67,373
163,68,365
163,69,379
163,70,369
163,71,373
163,72,359
163,73,354
163,74,371
163,75,368
163,76,374
163,77,374
163,78,383
163,79,342
163,80,361
163,81,382
163,82,378
163,83,380
163,84,362
163,85,376
163,86,376
163,87,381
163,88,381
163,89,378
163,90,382
163,91,379
163,92,380
163,93,365
163,94,369
163,95,385
163,96,378
163,97,379
163,98,380
163,99,379
163,100,370
163,101,370
163,102,372
163,103,386
163,104,369
163,105,378
163,106,389
163,107,378
163,108,368
163,109,378
163,110,372
163,111,365
163,112,368
163,113,364
163,114,375
163,115,372
163,116,378
163,117,383
163,118,375
163,119,368
163,120,381
163,121,385
163,122,373
163,123,374
163,124,371
163,125,367
163,126,369
163,127,388
163,128,375
163,129,375
163,130,378
163,131,389
163,132,362
163,133,365
163,134,372
163,135,360
163,136,362
163,137,365
163,138,369
163,139,364
163,140,366
163,141,387
163,142,379
163,143,370
163,144,369
163,145,384
163,146,367
163,147,367
163,148,363
163,149,368
163,150,370
163,151,362
163,152,376
163,153,358
163,154,373
163,155,367
163,156,375
163,157,372
163,158,378
163,159,371
163,160,377
163,161,370
163,162,385
163,163,378
163,164,381
163,165,371
163,166,383
163,167,377
163,168,371
163,169,369
163,170,383
163,171,382
163,172,366
163,173,376
163,174,383
163,175,369
163,176,375
163,177,366
163,178,385
163,179,370
163,180,376
163,181,370
163,182,389
163,183,376
163,184,368
163,185,377
163,186,364
163,187,385
163,188,376
163,189,396
163,190,370
163,191,380
163,192,375
163,193,360
163,194,362
163,195,372
163,196,368
163,197,373
163,198,371
163,199,372
163,200,362
164,1,3
164,2,14
164,3,66
164,4,194
164,5,326
164,6,372
164,7,378
164,8,368
164,9,376
164,10,378
164,11,382
164,12,392
164,13,381
164,14,388
164,15,386
164,16,368
164,17,368
164,18,372
164,19,371
164,20,378
164,21,373
164,22,371
164,23,391
164,24,378
164,25,368
164,26,370
164,27,373
164,28,389
164,29,378
164,30,370
164,31,377
164,32,375
164,33,373
164,34,377
164,35,383
164,36,383
164,37,378
164,38,370
164,39,378
164,40,351
164,41,378
164,42,366
164,43,364
164,44,361
164,45,370
164,46,379
164,47,376
164,48,381
164,49,362
164,50,370
164,51,380
164,52,365
164,53,377
164,54,381
164,55,366
164,56,373
164,57,380
164,58,381
164,59,379
164,60,372
164,61,362
164,62,374
164,63,375
164,64,362
164,65,368
164,66,355
164,67,375
164,68,373
164,69,377
164,70,382
164,71,368
164,72,382
164,73,364
164,74,383
164,75,367
164,76,380
164,77,362
164,78,377
164,79,394
164,80,378
164,81,379
164,82,381
164,83,375
164,84,379
164,85,366
164,86,380
164,87,387
164,88,373
164,89,387
164,90,366
164,91,386
164,92,373
164,93,372
164,94,380
164,95,382
164,96,379
164,97,381
164,98,367
164,99,369
164,100,382
164,101,376
164,102,364
164,103,374
164,104,373
164,105,380
164,106,391
164,107,379
164,108,366
164,109,370
164,110,370
164,111,383
164,112,377
164,113,367
164,114,383
164,115,373
164,116,366
164,117,379
164,118,374
164,119,377
164,120,384
164,121,382
164,122,389
164,123,374
164,124,373
164,125,363
164,126,365
164,127,382
164,128,379
164,129,372
164,130,368
164,131,376
164,132,388
164,133,389
164,134,369
164,135,373
164,136,382
164,137,387
164,138,381
164,139,377
164,140,378
164,141,382
164,142,381
164,143,375
164,144,370
164,145,396
164,146,370
164,147,372
164,148,386
164,149,364
164,150,372
164,151,383
164,152,388
164,153,375
164,154,369
164,155,370
164,156,378
164,157,361
164,158,379
164,159,355
164,160,378
164,161,370
164,162,361
164,163,368
164,164,373
164,165,372
164,166,368
164,167,378
164,168,380
164,169,381
164,170,376
164,171,366
164,172,363
164,173,364
164,174,387
164,175,356
164,176,379
164,177,364
164,178,362
164,179,374
164,180,369
164,181,368
164,182,370
164,183,379
164,184,371
164,185,363
164,186,385
164,187,380
164,188,375
164,189,379
164,190,381
164,191,374
164,192,377
164,193,387
164,194,372
164,195,376
164,196,382
164,197,369
164,198,378
164,199,367
164,200,375
165,1,5
165,2,24
165,3,101
165,4,261
165,5,349
165,6,385
165,7,381
165,8,377
165,9,386
165,10,367
165,11,375
165,12,374
165,13,388
165,14,365
165,15,368
165,16,368
165,17,372
165,18,394
165,19,382
165,20,380
165,21,372
165,22,380
165,23,377
165,24,370
165,25,363
165,26,379
165,27,371
165,28,362
165,29,381
165,30,378
165,31,377
165,32,386
165,33,374
165,34,379
165,35,382
165,36,374
165,37,363
165,38,376
165,39,368
165,40,375
165,41,375
165,42,384
165,43,371
165,44,369
165,45,364
165,46,384
165,47,366
165,48,375
165,49,365
165,50,377
165,51,370
165,52,373
165,53,374
165,54,395
165,55,361
165,56,382
165,57,386
165,58,373
165,59,382
165,60,381
165,61,384
165,62,371
165,63,370
165,64,369
165,65,370
165,66,367
165,67,376
165,68,363
165,69,369
165,70,367
165,71,373
165,72,373
165,73,374
165,74,381
165,75,383
165,76,366
165,77,368
165,78,378
165,79,384
165,80,366
165,81,369
165,82,368
165,83,376
165,84,382
165,85,377
165,86,362
165,87,356
165,88,381
165,89,379
165,90,381
165,91,388
165,92,369
165,93,376
165,94,387
165,95,369
165,96,379
165,97,383
165,98,372
165,99,375
165,100,378
165,101,374
165,102,381
165,103,364
165,104,349
165,105,367
165,106,368
165,107,382
165,108,365
165,109,381
165,110,368
165,111,383
165,112,369
165,113,376
165,114,372
165,115,369
165,116,376
165,117,371
165,118,375
165,119,364
165,120,371
165,121,369
165,122,372
165,123,376
165,124,374
165,125,377
165,126,387
165,127,369
165,128,381
165,129,377
165,130,379
165,131,367
165,132,370
165,133,376
165,134,366
165,135,366
165,136,376
165,137,374
165,138,368
165,139,366
165,140,371
165,141,364
165,142,389
165,143,372
165,144,376
165,145,373
165,146,386
165,147,367
165,148,371
165,149,364
165,150,371
165,151,377
165,152,360
165,153,381
165,154,377
165,155,383
165,156,383
165,157,378
165,158,377
165,159,380
165,160,381
165,161,372
165,162,383
165,163,386
165,164,369
165,165,371
165,166,366
165,167,378
165,168,364
165,169,373
165,170,390
165,171,389
165,172,378
165,173,372
165,174,374
165,175,387
165,176,388
165,177,368
165,178,380
165,179,369
165,180,378
165,181,367
165,182,374
165,183,369
165,184,372
165,185,375
165,186,366
165,187,369
165,188,366
165,189,381
165,190,378
165,191,374
165,192,372
165,193,368
165,194,364
165,195,370
165,196,381
165,197,380
165,198,364
165,199,362
165,200,376
166,1,3
166,2,6
166,3,25
166,4,96
166,5,261
166,6,371
166,7,381
166,8,371
166,9,355
166,10,382
166,11,376
166,12,366
166,13,386
166,14,379
166,15,387
166,16,379
166,17,374
166,18,374
166,19,382
166,20,362
166,21,371
166,22,371
166,23,376
166,24,373
166,25,371
166,26,379
166,27,387
166,28,388
166,29,373
166,30,378
166,31,378
166,32,371
166,33,367
166,34,382
166,35,367
166,36,369
166,37,362
166,38,386
166,39,380
166,40,363
166,41,386
166,42,384
166,43,375
166,44,373
166,45,372
166,46,371
166,47,361
166,48,376
166,49,369
166,50,382
166,51,367
166,52,374
166,53,369
166,54,384
166,55,385
166,56,368
166,57,360
166,58,376
166,59,370
166,60,368
166,61,369
166,62,373
166,63,380
166,64,375
166,65,376
166,66,381
166,67,380
166,68,361
166,69,378
166,70,373
166,71,361
166,72,372
166,73,355
166,74,372
166,75,370
166,76,371
166,77,385
166,78,383
166,79,374
166,80,380
166,81,378
166,82,375
166,83,372
166,84,375
166,85,371
166,86,373
166,87,375
166,88,372
166,89,368
166,90,385
166,91,381
166,92,373
166,93,365
166,94,380
166,95,362
166,96,378
166,97,368
166,98,360
166,99,360
166,100,382
166,101,371
166,102,356
166,103,379
166,104,378
166,105,377
166,106,384
166,107,369
166,108,372
166,109,391
166,110,352
166,111,357
166,112,376
166,113,376
166,114,375
166,115,379
166,116,378
166,117,373
166,118,367
166,119,377
166,120,370
166,121,375
166,122,365
166,123,385
166,124,378
166,125,370
166,126,380
166,127,379
166,128,371
166,129,381
166,130,373
166,131,380
166,132,361
166,133,351
166,134,382
166,135,364
166,136,372
166,137,375
166,138,388
166,139,380
166,140,369
166,141,374
166,142,374
166,143,372
166,144,370
166,145,376
166,146,365
166,147,373
166,148,372
166,149,378
166,150,368
166,151,364
166,152,370
166,153,368
166,154,378
166,155,371
166,156,373
166,157,357
166,158,377
166,159,388
166,160,380
166,161,365
166,162,378
166,163,375
166,164,378
166,165,371
166,166,372
166,167,363
166,168,379
166,169,372
166,170,383
166,171,379
166,172,375
166,173,368
166,174,392
166,175,393
166,176,371
166,177,366
166,178,370
166,179,379
166,180,384
166,181,362
166,182,363
166,183,379
166,184,372
166,185,382
166,186,381
166,187,376
166,188,383
166,189,372
166,190,356
166,191,363
166,192,376
166,193,370
166,194,380
166,195,370
166,196,380
166,197,369
166,198,382
166,199,375
166,200,379
167,1,3
167,2,13
167,3,55
167,4,178
167,5,323
167,6,350
167,7,379
167,8,370
167,9,366
167,10,374
167,11,369
167,12,382
167,13,383
167,14,389
167,15,389
167,16,372
167,17,374
167,18,361
167,19,367
167,20,376
167,21,376
167,22,368
167,23,381
167,24,370
167,25,372
167,26,382
167,27,372
167,28,362
167,29,366
167,30,379
167,31,380
167,32,375
167,33,368
167,34,379
167,35,379
167,36,368
167,37,367
167,38,386
167,39,368
167,40,377
167,41,368
167,42,384
167,43,387
167,44,378
167,45,374
167,46,374
167,47,362
167,48,373
167,49,369
167,50,367
167,51,370
167,52,378
167,53,381
167,54,376
167,55,380
167,56,377
167,57,371
167,58,366
167,59,381
167,60,365
167,61,366
167,62,380
167,63,373
167,64,368
167,65,381
167,66,379
167,67,375
167,68,387
167,69,378
167,70,372
167,71,372
167,72,371
167,73,376
167,74,369
167,75,366
167,76,380
167,77,371
167,78,369
167,79,374
167,80,377
167,81,372
167,82,384
167,83,372
167,84,381
167,85,363
167,86,392
167,87,377
167,88,382
167,89,372
167,90,378
167,91,387
167,92,366
167,93,381
167,94,374
167,95,373
167,96,362
167,97,382
167,98,389
167,99,371
167,100,370
167,101,370
167,102,379
167,103,373
167,104,365
167,105,365
167,106,383
167,107,381
167,108,370
167,109,378
167,110,383
167,111,382
167,112,374
167,113,376
167,114,385
167,115,385
167,116,375
167,117,385
167,118,371
167,119,371
167,120,387
167,121,382
167,122,360
167,123,360
167,124,382
167,125,374
167,126,375
167,127,374
167,128,363
167,129,371
167,130,375
167,131,369
167,132,383
167,133,371
167,134,368
167,135,374
167,136,374
167,137,382
167,138,385
167,139,380
167,140,372
167,141,366
167,142,373
167,143,374
167,144,376
167,145,368
167,146,381
167,147,391
167,148,355
167,149,367
167,150,370
167,151,374
167,152,377
167,153,360
167,154,378
167,155,368
167,156,369
167,157,374
167,158,364
167,159,370
167,160,374
167,161,381
167,162,381
167,163,374
167,164,367
167,165,376
167,166,376
167,167,377
167,168,379
167,169,379
167,170,369
167,171,375
167,172,368
167,173,380
167,174,382
167,175,371
167,176,374
167,177,371
167,178,373
167,179,368
167,180,371
167,181,388
167,182,378
167,183,368
167,184,371
167,185,380
167,186,373
167,187,377
167,188,373
167,189,389
167,190,388
167,191,368
167,192,351
167,193,379
167,194,371
167,195,375
167,196,363
167,197,379
167,198,383
167,199,378
167,200,382
168,1,4
168,2,23
168,3,83
168,4,224
168,5,347
168,6,373
168,7,365
168,8,381
168,9,386
168,10,371
168,11,376
168,12,380
168,13,361
168,14,368
168,15,363
168,16,375
168,17,388
168,18,373
168,19,375
168,20,367
168,21,370
168,22,377
168,23,363
168,24,380
168,25,377
168,26,382
168,27,369
168,28,375
168,29,377
168,30,378
168,31,384
168,32,370
168,33,383
168,34,371
168,35,361
168,36,377
168,37,365
168,38,388
168,39,375
168,40,375
168,41,365
168,42,366
168,43,381
168,44,382
168,45,382
168,46,382
168,47,354
168,48,362
168,49,377
168,50,370
168,51,370
168,52,379
168,53,370
168,54,376
168,55,369
168,56,368
168,57,367
168,58,382
168,59,384
168,60,367
168,61,377
168,62,378
168,63,370
168,64,376
168,65,368
168,66,376
168,67,372
168,68,381
168,69,387
168,70,368
168,71,384
168,72,370
168,73,376
168,74,365
168,75,372
168,76,370
168,77,375
168,78,384
168,79,377
168,80,379
168,81,373
168,82,364
168,83,366
168,84,359
168,85,379
168,86,372
168,87,367
168,88,359
168,89,380
168,90,369
168,91,365
168,92,376
168,93,362
168,94,373
168,95,369
168,96,383
168,97,374
168,98,388
168,99,375
168,100,361
168,101,363
168,102,369
168,103,365
168,104,377
168,105,379
168,106,373
168,107,371
168,108,378
168,109,376
168,110,369
168,111,368
168,112,386
168,113,372
168,114,364
168,115,377
168,116,384
168,117,385
168,118,378
168,119,383
168,120,362
168,121,367
168,122,366
168,123,386
168,124,369
168,125,373
168,126,378
168,127,387
168,128,380
168,129,370
168,130,379
168,131,378
168,132,369
168,133,387
168,134,376
168,135,380
168,136,378
168,137,348
168,138,367
168,139,386
168,140,370
168,141,369
168,142,365
168,143,371
168,144,377
168,145,379
168,146,369
168,147,370
168,148,374
168,149,367
168,150,378
168,151,375
168,152,368
168,153,392
168,154,368
168,155,385
168,156,375
168,157,375
168,158,376
168,159,369
168,160,371
168,161,366
168,162,378
168,163,384
168,164,382
168,165,356
168,166,371
168,167,370
168,168,371
168,169,373
168,170,373
168,171,367
168,172,372
168,173,374
168,174,378
168,175,371
168,176,369
168,177,379
168,178,375
168,179,363
168,180,371
168,181,381
168,182,376
168,183,382
168,184,384
168,185,375
168,186,377
168,187,365
168,188,370
168,189,368
168,190,364
168,191,372
168,192,370
168,193,363
168,194,366
168,195,374
168,196,364
168,197,370
168,198,375
168,199,366
168,200,377
169,1,4
169,2,17
169,3,71
169,4,208
169,5,347
169,6,361
169,7,376
169,8,371
169,9,352
169,10,370
169,11,375
169,12,363
169,13,385
169,14,360
169,15,374
169,16,380
169,17,366
169,18,381
169,19,374
169,20,358
169,21,377
169,22,391
169,23,378
169,24,378
169,25,382
169,26,366
169,27,378
169,28,376
169,29,367
169,30,371
169,31,369
169,32,362
169,33,367
169,34,378
169,35,381
169,36,375
169,37,371
169,38,378
169,39,364
169,40,381
169,41,376
169,42,372
169,43,366
169,44,380
169,45,371
169,46,368
169,47,376
169,48,361
169,49,379
169,50,372
169,51,376
169,52,371
169,53,376
169,54,368
169,55,379
169,56,362
169,57,371
169,58,370
169,59,364
169,60,371
169,61,383
169,62,362
169,63,374
169,64,376
169,65,367
169,66,363
169,67,360
169,68,389
169,69,383
169,70,374
169,71,382
169,72,370
169,73,358
169,74,363
169,75,376
169,76,374
169,77,373
169,78,377
169,79,360
169,80,382
169,81,393
169,82,374
169,83,379
169,84,384
169,85,361
169,86,379
169,87,381
169,88,370
169,89,375
169,90,359
169,91,371
169,92,375
169,93,370
169,94,358
169,95,385
169,96,386
169,97,361
169,98,363
169,99,384
169,100,375
169,101,369
169,102,370
169,103,376
169,104,381
169,105,374
169,106,378
169,107,365
169,108,388
169,109,378
169,110,390
169,111,382
169,112,377
169,113,375
169,114,372
169,115,377
169,116,380
169,117,367
169,118,368
169,119,369
169,120,369
169,121,367
169,122,366
169,123,370
169,124,388
169,125,376
169,126,378
169,127,381
169,128,391
169,129,383
169,130,360
169,131,369
169,132,382
169,133,370
169,134,370
169,135,374
169,136,362
169,137,377
169,138,379
169,139,377
169,140,378
169,141,376
169,142,376
169,143,379
169,144,384
169,145,377
169,146,372
169,147,373
169,148,383
169,149,371
169,150,377
169,151,382
169,152,373
169,153,371
169,154,378
169,155,363
169,156,390
169,157,369
169,158,365
169,159,376
169,160,376
169,161,381
169,162,366
169,163,368
169,164,383
169,165,368
169,166,368
169,167,371
169,168,366
169,169,374
169,170,378
169,171,385
169,172,371
169,173,368
169,174,378
169,175,373
169,176,372
169,177,372
169,178,378
169,179,376
169,180,368
169,181,362
169,182,378
169,183,360
169,184,365
169,185,393
169,186,374
169,187,379
169,188,372
169,189,372
169,190,371
169,191,377
169,192,365
169,193,376
169,194,366
169,195,371
169,196,381
169,197,376
169,198,364
169,199,399
169,200,384
170,1,5
170,2,24
170,3,83
170,4,230
170,5,359
170,6,385
170,7,372
170,8,374
170,9,371
170,10,383
170,11,372
170,12,365
170,13,376
170,14,384
170,15,369
170,16,368
170,17,366
170,18,380
170,19,388
170,20,378
170,21,369
170,22,372
170,23,377
170,24,382
170,25,368
170,26,384
170,27,377
170,28,381
170,29,375
170,30,375
170,31,388
170,32,370
170,33,382
170,34,373
170,35,375
170,36,386
170,37,374
170,38,386
170,39,388
170,40,382
170,41,375
170,42,372
170,43,391
170,44,380
170,45,375
170,46,378
170,47,364
170,48,378
170,49,378
170,50,362
170,51,359
170,52,378
170,53,356
170,54,395
170,55,373
170,56,369
170,57,378
170,58,362
170,59,361
170,60,379
170,61,382
170,62,381
170,63,361
170,64,365
170,65,378
170,66,379
170,67,373
170,68,381
170,69,372
170,70,372
170,71,382
170,72,382
170,73,371
170,74,357
170,75,373
170,76,385
170,77,366
170,78,377
170,79,360
170,80,383
170,81,377
170,82,365
170,83,383
170,84,371
170,85,365
170,86,386
170,87,389
170,88,385
170,89,368
170,90,376
170,91,386
170,92,372
170,93,372
170,94,372
170,95,371
170,96,374
170,97,373
170,98,362
170,99,372
170,100,367
170,101,381
170,102,370
170,103,383
170,104,384
170,105,369
170,106,372
170,107,387
170,108,361
170,109,383
170,110,380
170,111,380
170,112,380
170,113,373
170,114,366
170,115,367
170,116,382
170,117,375
170,118,368
170,119,394
170,120,376
170,121,375
170,122,371
170,123,377
170,124,374
170,125,383
170,126,376
170,127,373
170,128,379
170,129,391
170,130,383
170,131,380
170,132,376
170,133,376
170,134,363
170,135,382
170,136,379
170,137,373
170,138,378
170,139,373
170,140,367
170,141,365
170,142,377
170,143,380
170,144,380
170,145,372
170,146,380
170,147,377
170,148,378
170,149,383
170,150,371
170,151,367
170,152,362
170,153,377
170,154,379
170,155,380
170,156,377
170,157,367
170,158,375
170,159,375
170,160,385
170,161,389
170,162,377
170,163,373
170,164,377
170,165,376
170,166,369
170,167,370
170,168,381
170,169,384
170,170,367
170,171,367
170,172,374
170,173,373
170,174,370
170,175,372
170,176,374
170,177,376
170,178,364
170,179,369
170,180,368
170,181,374
170,182,358
170,183,371
170,184,373
170,185,361
170,186,387
170,187,377
170,188,372
170,189,372
170,190,367
170,191,366
170,192,366
170,193,360
170,194,370
170,195,388
170,196,375
170,197,385
170,198,364
170,199,364
170,200,381
171,1,6
171,2,27
171,3,105
171,4,239
171,5,357
171,6,369
171,7,376
171,8,384
171,9,381
171,10,366
171,11,377
171,12,388
171,13,386
171,14,378
171,15,382
171,16,374
171,17,360
171,18,361
171,19,380
171,20,364
171,21,376
171,22,373
171,23,362
171,24,367
171,25,370
171,26,381
171,27,375
171,28,385
171,29,368
171,30,359
171,31,382
171,32,373
171,33,379
171,34,373
171,35,372
171,36,376
171,37,378
171,38,380
171,39,369
171,40,373
171,41,366
171,42,383
171,43,381
171,44,377
171,45,382
171,46,383
171,47,369
171,48,375
171,49,376
171,50,371
171,51,373
171,52,359
171,53,367
171,54,376
171,55,373
171,56,384
171,57,372
171,58,369
171,59,368
171,60,375
171,61,371
171,62,370
171,63,375
171,64,374
171,65,363
171,66,381
171,67,382
171,68,376
171,69,368
171,70,390
171,71,367
171,72,375
171,73,368
171,74,365
171,75,376
171,76,365
171,77,355
171,78,364
171,79,366
171,80,367
171,81,384
171,82,368
171,83,372
171,84,392
171,85,375
171,86,382
171,87,368
171,88,377
171,89,376
171,90,376
171,91,375
171,92,366
171,93,374
171,94,372
171,95,376
171,96,382
171,97,380
171,98,374
171,99,373
171,100,371
171,101,381
171,102,365
171,103,367
171,104,373
171,105,370
171,106,373
171,107,366
171,108,381
171,109,381
171,110,372
171,111,377
171,112,369
171,113,374
171,114,368
171,115,386
171,116,369
171,117,376
171,118,375
171,119,380
171,120,374
171,121,375
171,122,383
171,123,374
171,124,357
171,125,373
171,126,374
171,127,371
171,128,376
171,129,358
171,130,368
171,131,368
171,132,372
171,133,365
171,134,363
171,135,376
171,136,373
171,137,365
171,138,367
171,139,373
171,140,373
171,141,360
171,142,372
171,143,366
171,144,380
171,145,381
171,146,380
171,147,363
171,148,391
171,149,375
171,150,381
171,151,369
171,152,376
171,153,387
171,154,370
171,155,371
171,156,378
171,157,375
171,158,378
171,159,367
171,160,364
171,161,376
171,162,373
171,163,370
171,164,371
171,165,376
171,166,376
171,167,378
171,168,376
171,169,372
171,170,369
171,171,380
171,172,369
171,173,377
171,174,367
171,175,363
171,176,361
171,177,356
171,178,377
171,179,367
171,180,364
171,181,373
171,182,369
171,183,366
171,184,375
171,185,372
171,186,381
171,187,390
171,188,384
171,189,367
171,190,370
171,191,378
171,192,364
171,193,374
171,194,375
171,195,381
171,196,365
171,197,373
171,198,374
171,199,375
171,200,375
172,1,1
172,2,6
172,3,30
172,4,105
172,5,242
172,6,361
172,7,359
172,8,372
172,9,389
172,10,373
172,11,366
172,12,377
172,13,368
172,14,382
172,15,380
172,16,373
172,17,382
172,18,362
172,19,373
172,20,376
172,21,374
172,22,371
172,23,380
172,24,376
172,25,390
172,26,374
172,27,363
172,28,363
172,29,370
172,30,374
172,31,378
172,32,373
172,33,360
172,34,387
172,35,374
172,36,372
172,37,367
172,38,374
172,39,371
172,40,373
172,41,375
172,42,378
172,43,373
172,44,372
172,45,372
172,46,368
172,47,372
172,48,371
172,49,375
172,50,368
172,51,373
172,52,386
172,53,370
172,54,372
172,55,371
172,56,385
172,57,381
172,58,376
172,59,379
172,60,367
172,61,382
172,62,374
172,63,374
172,64,373
172,65,367
172,66,357
172,67,366
172,68,362
172,69,371
172,70,383
172,71,366
172,72,380
172,73,380
172,74,370
172,75,374
172,76,374
172,77,377
172,78,371
172,79,382
172,80,384
172,81,386
172,82,370
172,83,366
172,84,357
172,85,373
172,86,370
172,87,373
172,88,365
172,89,367
172,90,364
172,91,360
172,92,364
172,93,371
172,94,384
172,95,367
172,96,386
172,97,360
172,98,362
172,99,381
172,100,374
172,101,384
172,102,381
172,103,382
172,104,390
172,105,388
172,106,375
172,107,382
172,108,370
172,109,376
172,110,383
172,111,376
172,112,374
172,113,367
172,114,375
172,115,369
172,116,370
172,117,370
172,118,355
172,119,378
172,120,375
172,121,361
172,122,383
172,123,362
172,124,373
172,125,366
172,126,381
172,127,378
172,128,369
172,129,369
172,130,372
172,131,367
172,132,378
172,133,379
172,134,382
172,135,372
172,136,374
172,137,380
172,138,364
172,139,382
172,140,382
172,141,381
172,142,376
172,143,383
172,144,386
172,145,371
172,146,376
172,147,360
172,148,367
172,149,381
172,150,377
172,151,372
172,152,380
172,153,368
172,154,376
172,155,382
172,156,382
172,157,366
172,158,384
172,159,377
172,160,382
172,161,367
172,162,362
172,163,359
172,164,373
172,165,364
172,166,376
172,167,375
172,168,381
172,169,374
172,170,378
172,171,374
172,172,374
172,173,379
172,174,371
172,175,375
172,176,385
172,177,376
172,178,381
172,179,388
172,180,372
172,181,372
172,182,378
172,183,381
172,184,374
172,185,375
172,186,365
172,187,357
172,188,377
172,189,364
172,190,375
172,191,370
172,192,357
172,193,377
172,194,373
172,195,380
172,196,377
172,197,367
172,198,378
172,199,377
172,200,359
173,1,5
173,2,16
173,3,60
173,4,188
173,5,341
173,6,361
173,7,368
173,8,374
173,9,373
173,10,366
173,11,356
173,12,372
173,13,384
173,14,365
173,15,379
173,16,370
173,17,369
173,18,378
173,19,376
173,20,373
173,21,383
173,22,364
173,23,380
173,24,374
173,25,378
173,26,366
173,27,359
173,28,388
173,29,383
173,30,373
173,31,381
173,32,376
173,33,370
173,34,389
173,35,367
173,36,364
173,37,379
173,38,376
173,39,370
173,40,372
173,41,363
173,42,366
173,43,386
173,44,383
173,45,374
173,46,378
173,47,367
173,48,368
173,49,369
173,50,380
173,51,377
173,52,364
173,53,383
173,54,390
173,55,365
173,56,367
173,57,377
173,58,379
173,59,379
173,60,383
173,61,362
173,62,362
173,63,372
173,64,364
173,65,379
173,66,375
173,67,380
173,68,378
173,69,392
173,70,371
173,71,379
173,72,367
173,73,360
173,74,380
173,75,367
173,76,375
173,77,392
173,78,375
173,79,377
173,80,377
173,81,381
173,82,376
173,83,376
173,84,390
173,85,379
173,86,378
173,87,373
173,88,369
173,89,376
173,90,356
173,91,365
173,92,360
173,93,381
173,94,369
173,95,392
173,96,388
173,97,365
173,98,371
173,99,360
173,100,377
173,101,378
173,102,385
173,103,358
173,104,378
173,105,377
173,106,375
173,107,381
173,108,371
173,109,377
173,110,380
173,111,363
173,112,370
173,113,383
173,114,389
173,115,376
173,116,381
173,117,373
173,118,372
173,119,383
173,120,390
173,121,378
173,122,375
173,123,376
173,124,390
173,125,376
173,126,383
173,127,359
173,128,363
173,129,372
173,130,378
173,131,371
173,132,374
173,133,376
173,134,365
173,135,384
173,136,371
173,137,380
173,138,373
173,139,375
173,140,393
173,141,380
173,142,379
173,143,369
173,144,376
173,145,385
173,146,371
173,147,370
173,148,372
173,149,389
173,150,372
173,151,363
173,152,371
173,153,369
173,154,368
173,155,379
173,156,377
173,157,374
173,158,376
173,159,377
173,160,380
173,161,380
173,162,371
173,163,375
173,164,367
173,165,361
173,166,365
173,167,374
173,168,371
173,169,382
173,170,380
173,171,382
173,172,390
173,173,369
173,174,368
173,175,374
173,176,385
173,177,366
173,178,372
173,179,378
173,180,372
173,181,371
173,182,380
173,183,370
173,184,364
173,185,370
173,186,371
173,187,367
173,188,372
173,189,376
173,190,382
173,191,384
173,192,382
173,193,379
173,194,384
173,195,370
173,196,384
173,197,377
173,198,373
173,199,372
173,200,368
174,1,3
174,2,13
174,3,44
174,4,168
174,5,304
174,6,387
174,7,375
174,8,377
174,9,375
174,10,376
174,11,375
174,12,369
174,13,361
174,14,383
174,15,375
174,16,379
174,17,363
174,18,375
174,19,369
174,20,388
174,21,363
174,22,383
174,23,370
174,24,367
174,25,372
174,26,374
174,27,377
174,28,381
174,29,373
174,30,378
174,31,380
174,32,371
174,33,367
174,34,372
174,35,364
174,36,373
174,37,377
174,38,382
174,39,380
174,40,376
174,41,366
174,42,374
174,43,377
174,44,382
174,45,362
174,46,364
174,47,378
174,48,369
174,49,374
174,50,390
174,51,375
174,52,373
174,53,379
174,54,373
174,55,387
174,56,381
174,57,375
174,58,371
174,59,372
174,60,380
174,61,372
174,62,356
174,63,365
174,64,370
174,65,371
174,66,381
174,67,370
174,68,381
174,69,376
174,70,372
174,71,388
174,72,386
174,73,378
174,74,372
174,75,371
174,76,367
174,77,363
174,78,377
174,79,382
174,80,377
174,81,365
174,82,373
174,83,378
174,84,374
174,85,369
174,86,378
174,87,382
174,88,375
174,89,377
174,90,370
174,91,370
174,92,380
174,93,392
174,94,378
174,95,376
174,96,377
174,97,369
174,98,379
174,99,369
174,100,369
174,101,376
174,102,367
174,103,376
174,104,376
174,105,378
174,106,374
174,107,364
174,108,359
174,109,384
174,110,375
174,111,372
174,112,393
174,113,370
174,114,382
174,115,373
174,116,363
174,117,368
174,118,387
174,119,369
174,120,370
174,121,374
174,122,370
174,123,369
174,124,378
174,125,372
174,126,382
174,127,383
174,128,370
174,129,365
174,130,378
174,131,365
174,132,378
174,133,384
174,134,370
174,135,374
174,136,365
174,137,359
174,138,372
174,139,374
174,140,380
174,141,371
174,142,362
174,143,374
174,144,362
174,145,360
174,146,373
174,147,373
174,148,376
174,149,374
174,150,370
174,151,373
174,152,364
174,153,373
174,154,362
174,155,369
174,156,381
174,157,372
174,158,362
174,159,381
174,160,382
174,161,358
174,162,361
174,163,378
174,164,380
174,165,374
174,166,368
174,167,369
174,168,370
174,169,367
174,170,369
174,171,377
174,172,368
174,173,366
174,174,370
174,175,368
174,176,370
174,177,374
174,178,371
174,179,376
174,180,363
174,181,364
174,182,383
174,183,365
174,184,371
174,185,366
174,186,368
174,187,373
174,188,385
174,189,380
174,190,366
174,191,375
174,192,381
174,193,365
174,194,357
174,195,365
174,196,374
174,197,380
174,198,378
174,199,375
174,200,380
175,1,5
175,2,14
175,3,74
175,4,222
175,5,345
175,6,382
175,7,366
175,8,377
175,9,378
175,10,373
175,11,379
175,12,387
175,13,380
175,14,377
175,15,377
175,16,387
175,17,372
175,18,372
175,19,372
175,20,373
175,21,366
175,22,372
175,23,362
175,24,374
175,25,369
175,26,379
175,27,390
175,28,373
175,29,370
175,30,374
175,31,376
175,32,364
175,33,369
175,34,377
175,35,384
175,36,365
175,37,367
175,38,363
175,39,385
175,40,379
175,41,370
175,42,367
175,43,379
175,44,375
175,45,370
175,46,385
175,47,383
175,48,360
175,49,378
175,50,376
175,51,380
175,52,372
175,53,377
175,54,381
175,55,364
175,56,356
175,57,381
175,58,383
175,59,371
175,60,368
175,61,374
175,62,378
175,63,379
175,64,375
175,65,374
175,66,393
175,67,377
175,68,382
175,69,393
175,70,371
175,71,369
175,72,377
175,73,385
175,74,385
175,75,377
175,76,378
175,77,384
175,78,368
175,79,379
175,80,387
175,81,384
175,82,377
175,83,366
175,84,382
175,85,362
175,86,369
175,87,374
175,88,373
175,89,367
175,90,382
175,91,382
175,92,363
175,93,367
175,94,375
175,95,378
175,96,372
175,97,373
175,98,384
175,99,368
175,100,368
175,101,378
175,102,375
175,103,363
175,104,372
175,105,386
175,106,362
175,107,378
175,108,392
175,109,368
175,110,364
175,111,378
175,112,367
175,113,370
175,114,364
175,115,378
175,116,383
175,117,375
175,118,378
175,119,381
175,120,368
175,121,385
175,122,385
175,123,358
175,124,368
175,125,366
175,126,362
175,127,387
175,128,381
175,129,386
175,130,375
175,131,364
175,132,367
175,133,362
175,134,378
175,135,379
175,136,389
175,137,370
175,138,381
175,139,374
175,140,384
175,141,375
175,142,365
175,143,362
175,144,371
175,145,381
175,146,365
175,147,375
175,148,370
175,149,379
175,150,371
175,151,399
175,152,370
175,153,374
175,154,369
175,155,364
175,156,381
175,157,363
175,158,383
175,159,364
175,160,391
175,161,376
175,162,368
175,163,359
175,164,371
175,165,361
175,166,368
175,167,382
175,168,366
175,169,386
175,170,371
175,171,391
175,172,368
175,173,376
175,174,365
175,175,366
175,176,375
175,177,375
175,178,365
175,179,366
175,180,382
175,181,360
175,182,370
175,183,372
175,184,374
175,185,376
175,186,361
175,187,368
175,188,378
175,189,387
175,190,374
175,191,375
175,192,372
175,193,374
175,194,376
175,195,377
175,196,377
175,197,381
175,198,381
175,199,360
175,200,366
176,1,4
176,2,13
176,3,53
176,4,159
176,5,309
176,6,362
176,7,364
176,8,369
176,9,370
176,10,385
176,11,389
176,12,393
176,13,369
176,14,374
176,15,371
176,16,359
176,17,368
176,18,361
176,19,374
176,20,379
176,21,375
176,22,368
176,23,377
176,24,380
176,25,370
176,26,381
176,27,368
176,28,376
176,29,381
176,30,382
176,31,383
176,32,381
176,33,378
176,34,380
176,35,378
176,36,387
176,37,356
176,38,377
176,39,365
176,40,386
176,41,372
176,42,384
176,43,366
176,44,377
176,45,378
176,46,379
176,47,363
176,48,363
176,49,378
176,50,376
176,51,366
176,52,378
176,53,377
176,54,372
176,55,368
176,56,370
176,57,388
176,58,346
176,59,368
176,60,378
176,61,371
176,62,371
176,63,362
176,64,366
176,65,366
176,66,382
176,67,379
176,68,370
176,69,372
176,70,369
176,71,373
176,72,374
176,73,355
176,74,379
176,75,371
176,76,372
176,77,373
176,78,374
176,79,376
176,80,379
176,81,360
176,82,365
176,83,370
176,84,372
176,85,372
176,86,369
176,87,379
176,88,377
176,89,369
176,90,362
176,91,364
176,92,384
176,93,363
176,94,368
176,95,368
176,96,370
176,97,375
176,98,385
176,99,383
176,100,377
176,101,377
176,102,372
176,103,368
176,104,356
176,105,374
176,106,388
176,107,376
176,108,378
176,109,378
176,110,373
176,111,377
176,112,386
176,113,372
176,114,372
176,115,373
176,116,384
176,117,368
176,118,386
176,119,373
176,120,380
176,121,400
176,122,363
176,123,374
176,124,386
176,125,384
176,126,380
176,127,373
176,128,375
176,129,375
176,130,375
176,131,364
176,132,360
176,133,384
176,134,366
176,135,380
176,136,370
176,137,379
176,138,373
176,139,362
176,140,380
176,141,387
176,142,368
176,143,376
176,144,375
176,145,357
176,146,359
176,147,377
176,148,364
176,149,395
176,150,382
176,151,373
176,152,379
176,153,368
176,154,384
176,155,371
176,156,364
176,157,362
176,158,366
176,159,368
176,160,375
176,161,387
176,162,372
176,163,381
176,164,371
176,165,381
176,166,376
176,167,377
176,168,386
176,169,371
176,170,373
176,171,381
176,172,374
176,173,366
176,174,378
176,175,367
176,176,378
176,177,384
176,178,378
176,179,382
176,180,388
176,181,374
176,182,376
176,183,369
176,184,371
176,185,375
176,186,367
176,187,369
176,188,373
176,189,390
176,190,374
176,191,366
176,192,368
176,193,365
176,194,385
176,195,357
176,196,383
176,197,373
176,198,369
176,199,362
176,200,369
177,1,5
177,2,24
177,3,91
177,4,262
177,5,363
177,6,373
177,7,376
177,8,367
177,9,377
177,10,390
177,11,363
177,12,369
177,13,369
177,14,377
177,15,373
177,16,375
177,17,377
177,18,379
177,19,376
177,20,371
177,21,359
177,22,383
177,23,371
177,24,369
177,25,382
177,26,378
177,27,372
177,28,378
177,29,363
177,30,367
177,31,380
177,32,369
177,33,380
177,34,381
177,35,355
177,36,369
177,37,379
177,38,379
177,39,370
177,40,366
177,41,376
177,42,385
177,43,368
177,44,369
177,45,381
177,46,371
177,47,357
177,48,360
177,49,373
177,50,384
177,51,386
177,52,373
177,53,355
177,54,376
177,55,376
177,56,372
177,57,375
177,58,380
177,59,377
177,60,383
177,61,378
177,62,372
177,63,370
177,64,367
177,65,369
177,66,380
177,67,380
177,68,379
177,69,374
177,70,374
177,71,380
177,72,386
177,73,366
177,74,370
177,75,368
177,76,364
177,77,389
177,78,371
177,79,366
177,80,373
177,81,380
177,82,373
177,83,376
177,84,381
177,85,369
177,86,379
177,87,364
177,88,373
177,89,368
177,90,367
177,91,370
177,92,378
177,93,370
177,94,373
177,95,381
177,96,372
177,97,365
177,98,383
177,99,376
177,100,389
177,101,373
177,102,384
177,103,376
177,104,368
177,105,363
177,106,370
177,107,358
177,108,380
177,109,367
177,110,391
177,111,375
177,112,379
177,113,384
177,114,367
177,115,373
177,116,386
177,117,365
177,118,369
177,119,369
177,120,385
177,121,376
177,122,383
177,123,368
177,124,372
177,125,376
177,126,379
177,127,387
177,128,386
177,129,371
177,130,369
177,131,372
177,132,380
177,133,376
177,134,367
177,135,361
177,136,363
177,137,376
177,138,386
177,139,381
177,140,382
177,141,375
177,142,379
177,143,371
177,144,375
177,145,357
177,146,370
177,147,389
177,148,368
177,149,369
177,150,365
177,151,378
177,152,375
177,153,373
177,154,383
177,155,368
177,156,362
177,157,381
177,158,394
177,159,369
177,160,365
177,161,366
177,162,385
177,163,372
177,164,382
177,165,375
177,166,389
177,167,379
177,168,363
177,169,381
177,170,375
177,171,378
177,172,367
177,173,382
177,174,386
177,175,374
177,176,383
177,177,365
177,178,372
177,179,383
177,180,364
177,181,382
177,182,370
177,183,390
177,184,380
177,185,384
177,186,380
177,187,377
177,188,378
177,189,390
177,190,368
177,191,373
177,192,377
177,193,363
177,194,381
177,195,370
177,196,379
177,197,375
177,198,368
177,199,384
177,200,361
178,1,6
178,2,22
178,3,85
178,4,234
178,5,360
178,6,356
178,7,377
178,8,377
178,9,377
178,10,375
178,11,378
178,12,373
178,13,374
178,14,370
178,15,371
178,16,376
178,17,386
178,18,374
178,19,376
178,20,377
178,21,377
178,22,366
178,23,380
178,24,379
178,25,376
178,26,380
178,27,372
178,28,376
178,29,368
178,30,378
178,31,364
178,32,371
178,33,376
178,34,379
178,35,369
178,36,387
178,37,370
178,38,374
178,39,382
178,40,382
178,41,382
178,42,364
178,43,380
178,44,364
178,45,388
178,46,369
178,47,364
178,48,375
178,49,360
178,50,373
178,51,368
178,52,369
178,53,377
178,54,373
178,55,379
178,56,378
178,57,383
178,58,374
178,59,368
178,60,362
178,61,357
178,62,368
178,63,369
178,64,365
178,65,374
178,66,366
178,67,370
178,68,372
178,69,378
178,70,355
178,71,370
178,72,377
178,73,370
178,74,377
178,75,373
178,76,369
178,77,381
178,78,371
178,79,357
178,80,367
178,81,367
178,82,369
178,83,370
178,84,364
178,85,373
178,86,376
178,87,361
178,88,374
178,89,370
178,90,371
178,91,360
178,92,382
178,93,376
178,94,382
178,95,380
178,96,370
178,97,386
178,98,378
178,99,370
178,100,390
178,101,367
178,102,375
178,103,370
178,104,373
178,105,384
178,106,377
178,107,379
178,108,368
178,109,368
178,110,364
178,111,382
178,112,373
178,113,367
178,114,378
178,115,368
178,116,374
178,117,376
178,118,368
178,119,371
178,120,363
178,121,380
178,122,365
178,123,387
178,124,378
178,125,379
178,126,385
178,127,366
178,128,383
178,129,382
178,130,379
178,131,375
178,132,368
178,133,370
178,134,371
178,135,374
178,136,369
178,137,355
178,138,375
178,139,348
178,140,374
178,141,366
178,142,373
178,143,367
178,144,376
178,145,384
178,146,362
178,147,371
178,148,374
178,149,384
178,150,380
178,151,361
178,152,372
178,153,381
178,154,379
178,155,362
178,156,380
178,157,368
178,158,381
178,159,367
178,160,378
178,161,374
178,162,387
178,163,360
178,164,371
178,165,367
178,166,363
178,167,368
178,168,362
178,169,367
178,170,378
178,171,359
178,172,366
178,173,376
178,174,374
178,175,368
178,176,368
178,177,369
178,178,370
178,179,376
178,180,378
178,181,365
178,182,365
178,183,366
178,184,374
178,185,361
178,186,371
178,187,366
178,188,371
178,189,375
178,190,372
178,191,380
178,192,371
178,193,379
178,194,385
178,195,375
178,196,364
178,197,383
178,198,369
178,199,377
178,200,370
179,1,8
179,2,44
179,3,158
179,4,319
179,5,379
179,6,371
179,7,376
179,8,366
179,9,389
179,10,378
179,11,373
179,12,378
179,13,385
179,14,370
179,15,370
179,16,373
179,17,376
179,18,377
179,19,361
179,20,373
179,21,380
179,22,379
179,23,360
179,24,383
179,25,384
179,26,386
179,27,372
179,28,361
179,29,386
179,30,365
179,31,373
179,32,372
179,33,375
179,34,370
179,35,376
179,36,374
179,37,381
179,38,354
179,39,376
179,40,371
179,41,366
179,42,371
179,43,383
179,44,371
179,45,369
179,46,375
179,47,371
179,48,378
179,49,368
179,50,358
179,51,370
179,52,374
179,53,363
179,54,374
179,55,381
179,56,380
179,57,370
179,58,377
179,59,366
179,60,375
179,61,379
179,62,367
179,63,376
179,64,380
179,65,369
179,66,364
179,67,368
179,68,382
179,69,372
179,70,373
179,71,375
179,72,378
179,73,367
179,74,383
179,75,369
179,76,379
179,77,373
179,78,379
179,79,382
179,80,368
179,81,365
179,82,366
179,83,369
179,84,372
179,85,375
179,86,387
179,87,377
179,88,386
179,89,376
179,90,373
179,91,385
179,92,373
179,93,370
179,94,381
179,95,380
179,96,377
179,97,376
179,98,374
179,99,373
179,100,364
179,101,375
179,102,381
179,103,387
179,104,376
179,105,375
179,106,388
179,107,377
179,108,381
179,109,384
179,110,378
179,111,388
179,112,391
179,113,374
179,114,373
179,115,385
179,116,368
179,117,381
179,118,376
179,119,384
179,120,384
179,121,374
179,122,376
179,123,381
179,124,378
179,125,367
179,126,382
179,127,365
179,128,373
179,129,369
179,130,379
179,131,361
179,132,375
179,133,365
179,134,383
179,135,368
179,136,384
179,137,364
179,138,378
179,139,393
179,140,380
179,141,378
179,142,386
179,143,366
179,144,365
179,145,371
179,146,373
179,147,388
179,148,376
179,149,371
179,150,369
179,151,373
179,152,361
179,153,365
179,154,382
179,155,388
179,156,376
179,157,375
179,158,368
179,159,380
179,160,381
179,161,372
179,162,384
179,163,375
179,164,377
179,165,390
179,166,368
179,167,379
179,168,377
179,169,384
179,170,383
179,171,382
179,172,362
179,173,377
179,174,369
179,175,378
179,176,373
179,177,372
179,178,377
179,179,366
179,180,376
179,181,376
179,182,377
179,183,393
179,184,374
179,185,383
179,186,370
179,187,371
179,188,364
179,189,376
179,190,379
179,191,373
179,192,380
179,193,370
179,194,375
179,195,372
179,196,378
179,197,369
179,198,376
179,199,374
179,200,362
180,1,4
180,2,17
180,3,62
180,4,198
180,5,337
180,6,370
180,7,377
180,8,383
180,9,367
180,10,366
180,11,387
180,12,382
180,13,360
180,14,375
180,15,383
180,16,389
180,17,373
180,18,375
180,19,375
180,20,362
180,21,374
180,22,363
180,23,356
180,24,375
180,25,376
180,26,370
180,27,368
180,28,374
180,29,374
180,30,353
180,31,373
180,32,374
180,33,367
180,34,379
180,35,366
180,36,389
180,37,363
180,38,378
180,39,364
180,40,371
180,41,378
180,42,396
180,43,384
180,44,355
180,45,367
180,46,364
180,47,361
180,48,372
180,49,367
180,50,369
180,51,383
180,52,371
180,53,375
180,54,393
180,55,381
180,56,372
180,57,377
180,58,360
180,59,357
180,60,374
180,61,357
180,62,379
180,63,382
180,64,385
180,65,381
180,66,399
180,67,376
180,68,363
180,69,385
180,70,366
180,71,380
180,72,370
180,73,381
180,74,375
180,75,369
180,76,378
180,77,373
180,78,376
180,79,386
180,80,371
180,81,361
180,82,367
180,83,380
180,84,366
180,85,369
180,86,375
180,87,370
180,88,350
180,89,384
180,90,368
180,91,381
180,92,371
180,93,388
180,94,381
180,95,362
180,96,372
180,97,364
180,98,382
180,99,370
180,100,383
180,101,377
180,102,375
180,103,380
180,104,372
180,105,374
180,106,379
180,107,368
180,108,382
180,109,379
180,110,383
180,111,364
180,112,377
180,113,382
180,114,380
180,115,378
180,116,373
180,117,364
180,118,376
180,119,378
180,120,382
180,121,376
180,122,376
180,123,392
180,124,371
180,125,388
180,126,377
180,127,370
180,128,371
180,129,371
180,130,381
180,131,383
180,132,377
180,133,370
180,134,384
180,135,379
180,136,372
180,137,374
180,138,377
180,139,397
180,140,386
180,141,370
180,142,375
180,143,368
180,144,367
180,145,381
180,146,379
180,147,381
180,148,365
180,149,386
180,150,377
180,151,365
180,152,365
180,153,376
180,154,368
180,155,367
180,156,364
180,157,374
180,158,364
180,159,377
180,160,363
180,161,370
180,162,378
180,163,368
180,164,386
180,165,373
180,166,383
180,167,378
180,168,366
180,169,359
180,170,381
180,171,369
180,172,380
180,173,374
180,174,373
180,175,375
180,176,363
180,177,371
180,178,378
180,179,376
180,180,367
180,181,371
180,182,383
180,183,376
180,184,375
180,185,377
180,186,377
180,187,377
180,188,380
180,189,385
180,190,377
180,191,380
180,192,373
180,193,378
180,194,368
180,195,382
180,196,379
180,197,376
180,198,389
180,199,371
180,200,382
181,1,2
181,2,5
181,3,19
181,4,69
181,5,213
181,6,335
181,7,379
181,8,369
181,9,364
181,10,385
181,11,373
181,12,365
181,13,362
181,14,369
181,15,379
181,16,381
181,17,369
181,18,366
181,19,370
181,20,381
181,21,384
181,22,375
181,23,369
181,24,377
181,25,379
181,26,373
181,27,373
181,28,367
181,29,385
181,30,385
181,31,373
181,32,377
181,33,378
181,34,379
181,35,379
181,36,371
181,37,374
181,38,377
181,39,370
181,40,394
181,41,368
181,42,385
181,43,379
181,44,360
181,45,367
181,46,381
181,47,375
181,48,376
181,49,374
181,50,368
181,51,379
181,52,374
181,53,375
181,54,369
181,55,377
181,56,396
181,57,384
181,58,385
181,59,366
181,60,373
181,61,379
181,62,381
181,63,380
181,64,375
181,65,367
181,66,393
181,67,383
181,68,380
181,69,370
181,70,365
181,71,375
181,72,374
181,73,375
181,74,372
181,75,377
181,76,377
181,77,375
181,78,383
181,79,387
181,80,371
181,81,371
181,82,385
181,83,369
181,84,395
181,85,378
181,86,376
181,87,386
181,88,377
181,89,371
181,90,374
181,91,371
181,92,370
181,93,373
181,94,377
181,95,375
181,96,377
181,97,379
181,98,378
181,99,362
181,100,368
181,101,374
181,102,374
181,103,384
181,104,368
181,105,385
181,106,372
181,107,373
181,108,386
181,109,375
181,110,384
181,111,370
181,112,366
181,113,366
181,114,379
181,115,382
181,116,367
181,117,367
181,118,373
181,119,374
181,120,379
181,121,375
181,122,372
181,123,375
181,124,371
181,125,377
181,126,376
181,127,379
181,128,384
181,129,372
181,130,371
181,131,368
181,132,382
181,133,377
181,134,361
181,135,376
181,136,356
181,137,378
181,138,383
181,139,384
181,140,362
181,141,377
181,142,380
181,143,376
181,144,370
181,145,384
181,146,363
181,147,387
181,148,364
181,149,378
181,150,377
181,151,370
181,152,361
181,153,376
181,154,355
181,155,375
181,156,374
181,157,368
181,158,374
181,159,364
181,160,376
181,161,366
181,162,361
181,163,362
181,164,377
181,165,365
181,166,370
181,167,364
181,168,363
181,169,375
181,170,376
181,171,375
181,172,375
181,173,367
181,174,359
181,175,371
181,176,377
181,177,378
181,178,369
181,179,375
181,180,380
181,181,384
181,182,379
181,183,367
181,184,383
181,185,378
181,186,383
181,187,387
181,188,366
181,189,373
181,190,382
181,191,377
181,192,372
181,193,384
181,194,364
181,195,384
181,196,384
181,197,381
181,198,371
181,199,377
181,200,376
182,1,4
182,2,17
182,3,72
182,4,203
182,5,328
182,6,371
182,7,370
182,8,369
182,9,369
182,10,377
182,11,371
182,12,378
182,13,374
182,14,368
182,15,374
182,16,379
182,17,379
182,18,364
182,19,372
182,20,366
182,21,381
182,22,384
182,23,377
182,24,376
182,25,371
182,26,363
182,27,386
182,28,391
182,29,381
182,30,365
182,31,379
182,32,379
182,33,381
182,34,370
182,35,373
182,36,376
182,37,376
182,38,378
182,39,383
182,40,371
182,41,376
182,42,381
182,43,378
182,44,367
182,45,380
182,46,377
182,47,375
182,48,376
182,49,362
182,50,384
182,51,385
182,52,389
182,53,379
182,54,375
182,55,362
182,56,383
182,57,387
182,58,372
182,59,382
182,60,377
182,61,365
182,62,380
182,63,361
182,64,372
182,65,380
182,66,382
182,67,381
182,68,377
182,69,370
182,70,376
182,71,377
182,72,396
182,73,386
182,74,367
182,75,375
182,76,367
182,77,377
182,78,356
182,79,381
182,80,368
182,81,366
182,82,375
182,83,364
182,84,374
182,85,370
182,86,373
182,87,373
182,88,391
182,89,363
182,90,377
182,91,385
182,92,375
182,93,373
182,94,359
182,95,372
182,96,377
182,97,386
182,98,377
182,99,367
182,100,365
182,101,371
182,102,371
182,103,379
182,104,380
182,105,361
182,106,368
182,107,379
182,108,378
182,109,362
182,110,365
182,111,380
182,112,367
182,113,371
182,114,373
182,115,370
182,116,371
182,117,371
182,118,377
182,119,389
182,120,371
182,121,368
182,122,390
182,123,371
182,124,380
182,125,369
182,126,379
182,127,381
182,128,379
182,129,381
182,130,384
182,131,370
182,132,372
182,133,376
182,134,378
182,135,379
182,136,367
182,137,375
182,138,381
182,139,372
182,140,382
182,141,372
182,142,371
182,143,377
182,144,379
182,145,377
182,146,364
182,147,369
182,148,359
182,149,373
182,150,369
182,151,374
182,152,377
182,153,371
182,154,377
182,155,383
182,156,363
182,157,370
182,158,387
182,159,377
182,160,377
182,161,370
182,162,376
182,163,382
182,164,365
182,165,364
182,166,380
182,167,377
182,168,380
182,169,373
182,170,367
182,171,370
182,172,365
182,173,379
182,174,381
182,175,372
182,176,370
182,177,380
182,178,384
182,179,379
182,180,380
182,181,364
182,182,358
182,183,381
182,184,362
182,185,388
182,186,376
182,187,370
182,188,373
182,189,368
182,190,373
182,191,377
182,192,373
182,193,374
182,194,373
182,195,373
182,196,384
182,197,369
182,198,372
182,199,390
182,200,394
183,1,3
183,2,13
183,3,58
183,4,189
183,5,333
183,6,364
183,7,385
183,8,359
183,9,373
183,10,375
183,11,365
183,12,381
183,13,375
183,14,370
183,15,368
183,16,365
183,17,384
183,18,369
183,19,374
183,20,372
183,21,376
183,22,382
183,23,371
183,24,369
183,25,377
183,26,384
183,27,368
183,28,374
183,29,379
183,30,369
183,31,370
183,32,371
183,33,372
183,34,362
183,35,381
183,36,373
183,37,354
183,38,372
183,39,374
183,40,373
183,41,375
183,42,376
183,43,374
183,44,388
183,45,364
183,46,361
183,47,376
183,48,368
183,49,382
183,50,377
183,51,381
183,52,357
183,53,382
183,54,374
183,55,371
183,56,374
183,57,378
183,58,390
183,59,373
183,60,357
183,61,371
183,62,383
183,63,382
183,64,386
183,65,375
183,66,378
183,67,361
183,68,387
183,69,367
183,70,374
183,71,370
183,72,382
183,73,362
183,74,387
183,75,372
183,76,386
183,77,373
183,78,387
183,79,370
183,80,374
183,81,369
183,82,376
183,83,373
183,84,367
183,85,363
183,86,382
183,87,373
183,88,390
183,89,379
183,90,378
183,91,369
183,92,377
183,93,380
183,94,378
183,95,377
183,96,378
183,97,375
183,98,372
183,99,371
183,100,385
183,101,382
183,102,372
183,103,381
183,104,375
183,105,370
183,106,390
183,107,386
183,108,387
183,109,367
183,110,387
183,111,381
183,112,377
183,113,370
183,114,374
183,115,374
183,116,371
183,117,359
183,118,365
183,119,367
183,120,374
183,121,364
183,122,383
183,123,358
183,124,381
183,125,370
183,126,377
183,127,372
183,128,375
183,129,379
183,130,375
183,131,386
183,132,381
183,133,374
183,134,382
183,135,373
183,136,376
183,137,368
183,138,376
183,139,378
183,140,374
183,141,371
183,142,372
183,143,374
183,144,374
183,145,386
183,146,367
183,147,387
183,148,389
183,149,372
183,150,370
183,151,377
183,152,377
183,153,385
183,154,379
183,155,372
183,156,368
183,157,381
183,158,372
183,159,377
183,160,383
183,161,380
183,162,380
183,163,376
183,164,380
183,165,366
183,166,374
183,167,388
183,168,368
183,169,363
183,170,357
183,171,370
183,172,380
183,173,365
183,174,356
183,175,372
183,176,373
183,177,370
183,178,376
183,179,392
183,180,376
183,181,361
183,182,370
183,183,376
183,184,389
183,185,372
183,186,380
183,187,370
183,188,368
183,189,362
183,190,364
183,191,369
183,192,373
183,193,376
183,194,360
183,195,388
183,196,367
183,197,367
183,198,369
183,199,375
183,200,381
184,1,7
184,2,25
184,3,96
184,4,267
184,5,361
184,6,359
184,7,379
184,8,377
184,9,368
184,10,357
184,11,370
184,12,370
184,13,389
184,14,379
184,15,375
184,16,368
184,17,373
184,18,375
184,19,380
184,20,364
184,21,368
184,22,376
184,23,384
184,24,375
184,25,372
184,26,376
184,27,372
184,28,366
184,29,370
184,30,384
184,31,376
184,32,375
184,33,387
184,34,368
184,35,371
184,36,380
184,37,378
184,38,375
184,39,368
184,40,373
184,41,365
184,42,376
184,43,371
184,44,380
184,45,376
184,46,375
184,47,371
184,48,367
184,49,385
184,50,376
184,51,372
184,52,374
184,53,371
184,54,371
184,55,368
184,56,376
184,57,373
184,58,362
184,59,372
184,60,384
184,61,368
184,62,379
184,63,388
184,64,365
184,65,357
184,66,382
184,67,350
184,68,366
184,69,384
184,70,381
184,71,381
184,72,366
184,73,361
184,74,375
184,75,376
184,76,373
184,77,373
184,78,375
184,79,380
184,80,386
184,81,367
184,82,367
184,83,375
184,84,363
184,85,381
184,86,369
184,87,373
184,88,383
184,89,367
184,90,364
184,91,382
184,92,371
184,93,367
184,94,369
184,95,370
184,96,362
184,97,371
184,98,380
184,99,374
184,100,369
184,101,370
184,102,376
184,103,373
184,104,376
184,105,382
184,106,362
184,107,369
184,108,361
184,109,378
184,110,379
184,111,359
184,112,368
184,113,365
184,114,365
184,115,364
184,116,369
184,117,371
184,118,374
184,119,370
184,120,363
184,121,375
184,122,368
184,123,382
184,124,388
184,125,365
184,126,387
184,127,384
184,128,371
184,129,359
184,130,369
184,131,385
184,132,380
184,133,375
184,134,384
184,135,376
184,136,363
184,137,378
184,138,371
184,139,371
184,140,379
184,141,374
184,142,375
184,143,379
184,144,366
184,145,374
184,146,369
184,147,376
184,148,377
184,149,373
184,150,376
184,151,385
184,152,374
184,153,367
184,154,378
184,155,380
184,156,380
184,157,363
184,158,366
184,159,375
184,160,372
184,161,376
184,162,371
184,163,381
184,164,373
184,165,368
184,166,386
184,167,369
184,168,377
184,169,373
184,170,375
184,171,378
184,172,364
184,173,367
184,174,378
184,175,392
184,176,382
184,177,363
184,178,368
184,179,367
184,180,366
184,181,369
184,182,365
184,183,370
184,184,375
184,185,358
184,186,369
184,187,373
184,188,370
184,189,374
184,190,360
184,191,372
184,192,378
184,193,378
184,194,368
184,195,375
184,196,373
184,197,365
184,198,375
184,199,381
184,200,378
185,1,7
185,2,37
185,3,137
185,4,315
185,5,365
185,6,365
185,7,367
185,8,382
185,9,388
185,10,378
185,11,392
185,12,378
185,13,367
185,14,373
185,15,379
185,16,368
185,17,377
185,18,372
185,19,380
185,20,375
185,21,386
185,22,362
185,23,396
185,24,376
185,25,370
185,26,367
185,27,377
185,28,387
185,29,376
185,30,381
185,31,382
185,32,367
185,33,378
185,34,363
185,35,370
185,36,373
185,37,375
185,38,380
185,39,357
185,40,385
185,41,375
185,42,382
185,43,366
185,44,368
185,45,382
185,46,376
185,47,376
185,48,371
185,49,377
185,50,373
185,51,360
185,52,377
185,53,374
185,54,373
185,55,387
185,56,371
185,57,382
185,58,383
185,59,393
185,60,384
185,61,376
185,62,381
185,63,365
185,64,373
185,65,380
185,66,361
185,67,378
185,68,375
185,69,364
185,70,370
185,71,377
185,72,369
185,73,384
185,74,372
185,75,371
185,76,376
185,77,395
185,78,375
185,79,377
185,80,372
185,81,393
185,82,368
185,83,364
185,84,373
185,85,372
185,86,379
185,87,382
185,88,376
185,89,365
185,90,379
185,91,373
185,92,382
185,93,370
185,94,375
185,95,376
185,96,378
185,97,364
185,98,379
185,99,376
185,100,386
185,101,370
185,102,365
185,103,385
185,104,376
185,105,361
185,106,372
185,107,369
185,108,368
185,109,369
185,110,369
185,111,384
185,112,372
185,113,387
185,114,359
185,115,373
185,116,378
185,117,384
185,118,374
185,119,377
185,120,387
185,121,365
185,122,380
185,123,381
185,124,374
185,125,371
185,126,362
185,127,366
185,128,370
185,129,371
185,130,373
185,131,368
185,132,372
185,133,369
185,134,381
185,135,372
185,136,371
185,137,372
185,138,377
185,139,395
185,140,370
185,141,362
185,142,378
185,143,372
185,144,382
185,145,366
185,146,364
185,147,363
185,148,351
185,149,368
185,150,357
185,151,373
185,152,366
185,153,369
185,154,379
185,155,373
185,156,372
185,157,371
185,158,379
185,159,370
185,160,372
185,161,378
185,162,375
185,163,372
185,164,371
185,165,365
185,166,373
185,167,366
185,168,380
185,169,372
185,170,382
185,171,362
185,172,376
185,173,384
185,174,365
185,175,382
185,176,377
185,177,367
185,178,379
185,179,372
185,180,385
185,181,370
185,182,376
185,183,384
185,184,373
185,185,386
185,186,368
185,187,369
185,188,352
185,189,396
185,190,378
185,191,381
185,192,383
185,193,375
185,194,379
185,195,376
185,196,380
185,197,376
185,198,366
185,199,359
185,200,376
186,1,5
186,2,19
186,3,71
186,4,215
186,5,360
186,6,364
186,7,361
186,8,385
186,9,386
186,10,383
186,11,377
186,12,368
186,13,384
186,14,375
186,15,375
186,16,364
186,17,372
186,18,372
186,19,373
186,20,357
186,21,363
186,22,378
186,23,380
186,24,381
186,25,385
186,26,371
186,27,386
186,28,378
186,29,366
186,30,369
186,31,381
186,32,360
186,33,372
186,34,366
186,35,378
186,36,373
186,37,367
186,38,377
186,39,372
186,40,373
186,41,372
186,42,379
186,43,383
186,44,375
186,45,383
186,46,391
186,47,382
186,48,385
186,49,382
186,50,376
186,51,373
186,52,383
186,53,366
186,54,384
186,55,374
186,56,376
186,57,358
186,58,370
186,59,372
186,60,377
186,61,367
186,62,365
186,63,367
186,64,377
186,65,369
186,66,366
186,67,382
186,68,376
186,69,372
186,70,372
186,71,376
186,72,377
186,73,364
186,74,361
186,75,380
186,76,379
186,77,372
186,78,382
186,79,379
186,80,377
186,81,383
186,82,369
186,83,371
186,84,381
186,85,380
186,86,366
186,87,365
186,88,378
186,89,379
186,90,380
186,91,375
186,92,382
186,93,368
186,94,375
186,95,390
186,96,356
186,97,368
186,98,372
186,99,381
186,100,365
186,101,384
186,102,379
186,103,376
186,104,366
186,105,375
186,106,373
186,107,367
186,108,374
186,109,358
186,110,387
186,111,374
186,112,379
186,113,373
186,114,388
186,115,384
186,116,371
186,117,377
186,118,367
186,119,378
186,120,380
186,121,377
186,122,361
186,123,387
186,124,373
186,125,369
186,126,383
186,127,376
186,128,385
186,129,382
186,130,376
186,131,369
186,132,380
186,133,380
186,134,387
186,135,364
186,136,381
186,137,372
186,138,374
186,139,366
186,140,369
186,141,370
186,142,372
186,143,390
186,144,366
186,145,388
186,146,374
186,147,376
186,148,376
186,149,376
186,150,356
186,151,372
186,152,386
186,153,379
186,154,370
186,155,369
186,156,396
186,157,375
186,158,370
186,159,374
186,160,373
186,161,381
186,162,372
186,163,376
186,164,371
186,165,372
186,166,378
186,167,373
186,168,375
186,169,370
186,170,367
186,171,370
186,172,372
186,173,377
186,174,378
186,175,380
186,176,377
186,177,369
186,178,360
186,179,369
186,180,367
186,181,380
186,182,380
186,183,379
186,184,380
186,185,378
186,186,376
186,187,372
186,188,361
186,189,367
186,190,374
186,191,372
186,192,384
186,193,380
186,194,370
186,195,378
186,196,376
186,197,366
186,198,376
186,199,366
186,200,383
187,1,4
187,2,14
187,3,54
187,4,169
187,5,335
187,6,368
187,7,371
187,8,372
187,9,366
187,10,380
187,11,381
187,12,378
187,13,380
187,14,370
187,15,369
187,16,385
187,17,368
187,18,382
187,19,380
187,20,379
187,21,387
187,22,383
187,23,375
187,24,362
187,25,367
187,26,379
187,27,371
187,28,382
187,29,374
187,30,374
187,31,369
187,32,374
187,33,384
187,34,375
187,35,368
187,36,371
187,37,373
187,38,375
187,39,368
187,40,373
187,41,367
187,42,376
187,43,375
187,44,375
187,45,379
187,46,366
187,47,377
187,48,373
187,49,366
187,50,372
187,51,371
187,52,386
187,53,370
187,54,382
187,55,372
187,56,374
187,57,378
187,58,372
187,59,383
187,60,373
187,61,374
187,62,375
187,63,370
187,64,369
187,65,370
187,66,375
187,67,384
187,68,370
187,69,378
187,70,374
187,71,379
187,72,380
187,73,388
187,74,381
187,75,380
187,76,364
187,77,373
187,78,375
187,79,371
187,80,373
187,81,372
187,82,395
187,83,363
187,84,385
187,85,360
187,86,387
187,87,379
187,88,372
187,89,375
187,90,379
187,91,374
187,92,380
187,93,367
187,94,384
187,95,371
187,96,379
187,97,362
187,98,369
187,99,389
187,100,377
187,101,379
187,102,368
187,103,382
187,104,368
187,105,380
187,106,360
187,107,354
187,108,361
187,109,369
187,110,378
187,111,376
187,112,362
187,113,365
187,114,375
187,115,381
187,116,370
187,117,372
187,118,383
187,119,397
187,120,362
187,121,379
187,122,385
187,123,378
187,124,367
187,125,373
187,126,372
187,127,384
187,128,375
187,129,378
187,130,368
187,131,370
187,132,370
187,133,370
187,134,383
187,135,382
187,136,382
187,137,376
187,138,381
187,139,371
187,140,355
187,141,376
187,142,377
187,143,372
187,144,378
187,145,375
187,146,362
187,147,373
187,148,368
187,149,369
187,150,372
187,151,367
187,152,380
187,153,377
187,154,391
187,155,373
187,156,388
187,157,365
187,158,373
187,159,377
187,160,380
187,161,382
187,162,369
187,163,372
187,164,385
187,165,387
187,166,378
187,167,375
187,168,378
187,169,381
187,170,370
187,171,374
187,172,385
187,173,381
187,174,364
187,175,372
187,176,377
187,177,371
187,178,371
187,179,375
187,180,382
187,181,382
187,182,379
187,183,373
187,184,376
187,185,375
187,186,373
187,187,381
187,188,388
187,189,386
187,190,383
187,191,364
187,192,386
187,193,374
187,194,386
187,195,375
187,196,370
187,197,378
187,198,371
187,199,378
187,200,370
188,1,4
188,2,17
188,3,66
188,4,198
188,5,363
188,6,375
188,7,368
188,8,375
188,9,375
188,10,367
188,11,367
188,12,382
188,13,390
188,14,372
188,15,378
188,16,367
188,17,375
188,18,384
188,19,363
188,20,376
188,21,380
188,22,366
188,23,381
188,24,361
188,25,370
188,26,386
188,27,370
188,28,376
188,29,370
188,30,375
188,31,375
188,32,379
188,33,380
188,34,375
188,35,370
188,36,368
188,37,383
188,38,376
188,39,360
188,40,386
188,41,383
188,42,361
188,43,383
188,44,378
188,45,384
188,46,364
188,47,363
188,48,373
188,49,377
188,50,366
188,51,372
188,52,355
188,53,370
188,54,367
188,55,358
188,56,363
188,57,366
188,58,375
188,59,365
188,60,368
188,61,373
188,62,371
188,63,360
188,64,384
188,65,366
188,66,371
188,67,370
188,68,371
188,69,385
188,70,383
188,71,371
188,72,381
188,73,379
188,74,366
188,75,382
188,76,370
188,77,371
188,78,368
188,79,369
188,80,380
188,81,385
188,82,385
188,83,377
188,84,383
188,85,380
188,86,364
188,87,367
188,88,384
188,89,375
188,90,365
188,91,371
188,92,391
188,93,378
188,94,370
188,95,377
188,96,376
188,97,374
188,98,371
188,99,381
188,100,377
188,101,377
188,102,357
188,103,371
188,104,376
188,105,381
188,106,369
188,107,376
188,108,374
188,109,376
188,110,380
188,111,385
188,112,370
188,113,385
188,114,374
188,115,374
188,116,358
188,117,366
188,118,378
188,119,378
188,120,363
188,121,373
188,122,380
188,123,378
188,124,382
188,125,370
188,126,377
188,127,360
188,128,383
188,129,383
188,130,379
188,131,373
188,132,371
188,133,368
188,134,368
188,135,381
188,136,389
188,137,384
188,138,372
188,139,385
188,140,373
188,141,376
188,142,385
188,143,366
188,144,362
188,145,382
188,146,375
188,147,360
188,148,382
188,149,368
188,150,359
188,151,382
188,152,384
188,153,383
188,154,384
188,155,365
188,156,348
188,157,377
188,158,382
188,159,387
188,160,390
188,161,369
188,162,369
188,163,361
188,164,385
188,165,387
188,166,376
188,167,376
188,168,369
188,169,366
188,170,384
188,171,379
188,172,372
188,173,368
188,174,375
188,175,365
188,176,365
188,177,382
188,178,357
188,179,373
188,180,364
188,181,375
188,182,380
188,183,382
188,184,376
188,185,378
188,186,380
188,187,390
188,188,366
188,189,376
188,190,380
188,191,377
188,192,378
188,193,367
188,194,363
188,195,374
188,196,364
188,197,374
188,198,366
188,199,368
188,200,371
189,1,5
189,2,19
189,3,70
189,4,209
189,5,348
189,6,359
189,7,365
189,8,375
189,9,371
189,10,374
189,11,385
189,12,377
189,13,374
189,14,368
189,15,376
189,16,381
189,17,376
189,18,350
189,19,379
189,20,367
189,21,366
189,22,380
189,23,383
189,24,358
189,25,377
189,26,362
189,27,369
189,28,372
189,29,366
189,30,380
189,31,371
189,32,370
189,33,372
189,34,374
189,35,378
189,36,372
189,37,374
189,38,386
189,39,379
189,40,360
189,41,375
189,42,370
189,43,383
189,44,369
189,45,384
189,46,379
189,47,373
189,48,367
189,49,372
189,50,370
189,51,369
189,52,378
189,53,374
189,54,378
189,55,377
189,56,367
189,57,370
189,58,369
189,59,371
189,60,381
189,61,373
189,62,381
189,63,379
189,64,379
189,65,363
189,66,361
189,67,369
189,68,366
189,69,374
189,70,375
189,71,388
189,72,383
189,73,359
189,74,373
189,75,368
189,76,374
189,77,364
189,78,371
189,79,368
189,80,365
189,81,373
189,82,379
189,83,385
189,84,372
189,85,380
189,86,372
189,87,383
189,88,371
189,89,378
189,90,381
189,91,386
189,92,370
189,93,377
189,94,366
189,95,367
189,96,374
189,97,386
189,98,376
189,99,378
189,100,374
189,101,378
189,102,370
189,103,361
189,104,359
189,105,375
189,106,377
189,107,384
189,108,361
189,109,384
189,110,366
189,111,373
189,112,379
189,113,385
189,114,371
189,115,368
189,116,364
189,117,380
189,118,372
189,119,376
189,120,378
189,121,376
189,122,369
189,123,368
189,124,372
189,125,369
189,126,372
189,127,379
189,128,378
189,129,385
189,130,377
189,131,371
189,132,363
189,133,375
189,134,369
189,135,368
189,136,379
189,137,378
189,138,371
189,139,383
189,140,387
189,141,368
189,142,369
189,143,370
189,144,374
189,145,374
189,146,353
189,147,374
189,148,378
189,149,370
189,150,377
189,151,374
189,152,382
189,153,378
189,154,375
189,155,371
189,156,358
189,157,371
189,158,375
189,159,385
189,160,365
189,161,361
189,162,377
189,163,368
189,164,372
189,165,382
189,166,382
189,167,384
189,168,364
189,169,386
189,170,365
189,171,371
189,172,380
189,173,363
189,174,370
189,175,366
189,176,373
189,177,390
189,178,374
189,179,387
189,180,376
189,181,374
189,182,367
189,183,362
189,184,380
189,185,366
189,186,377
189,187,362
189,188,384
189,189,375
189,190,371
189,191,377
189,192,372
189,193,387
189,194,376
189,195,372
189,196,373
189,197,385
189,198,378
189,199,379
189,200,399
190,1,4
190,2,17
190,3,73
190,4,204
190,5,339
190,6,370
190,7,382
190,8,374
190,9,375
190,10,370
190,11,379
190,12,384
190,13,365
190,14,383
190,15,369
190,16,371
190,17,374
190,18,360
190,19,375
190,20,378
190,21,381
190,22,379
190,23,377
190,24,372
190,25,376
190,26,389
190,27,377
190,28,377
190,29,373
190,30,382
190,31,370
190,32,372
190,33,378
190,34,378
190,35,376
190,36,358
190,37,374
190,38,364
190,39,372
190,40,369
190,41,379
190,42,376
190,43,369
190,44,373
190,45,367
190,46,378
190,47,371
190,48,370
190,49,379
190,50,369
190,51,383
190,52,366
190,53,384
190,54,370
190,55,366
190,56,374
190,57,366
190,58,379
190,59,379
190,60,375
190,61,366
190,62,375
190,63,371
190,64,357
190,65,377
190,66,370
190,67,375
190,68,373
190,69,379
190,70,373
190,71,375
190,72,387
190,73,382
190,74,370
190,75,371
190,76,375
190,77,370
190,78,370
190,79,365
190,80,372
190,81,384
190,82,384
190,83,370
190,84,380
190,85,371
190,86,357
190,87,369
190,88,379
190,89,379
190,90,359
190,91,382
190,92,381
190,93,357
190,94,377
190,95,364
190,96,385
190,97,377
190,98,383
190,99,367
190,100,380
190,101,381
190,102,372
190,103,381
190,104,368
190,105,377
190,106,375
190,107,379
190,108,370
190,109,372
190,110,375
190,111,372
190,112,369
190,113,378
190,114,367
190,115,369
190,116,368
190,117,380
190,118,368
190,119,372
190,120,374
190,121,381
190,122,386
190,123,381
190,124,375
190,125,380
190,126,377
190,127,374
190,128,370
190,129,360
190,130,372
190,131,369
190,132,385
190,133,372
190,134,363
190,135,382
190,136,377
190,137,362
190,138,383
190,139,367
190,140,371
190,141,367
190,142,366
190,143,368
190,144,372
190,145,374
190,146,377
190,147,388
190,148,376
190,149,359
190,150,375
190,151,370
190,152,371
190,153,368
190,154,366
190,155,382
190,156,377
190,157,376
190,158,372
190,159,383
190,160,378
190,161,386
190,162,371
190,163,376
190,164,372
190,165,373
190,166,385
190,167,384
190,168,376
190,169,376
190,170,380
190,171,380
190,172,384
190,173,379
190,174,375
190,175,364
190,176,383
190,177,364
190,178,373
190,179,385
190,180,367
190,181,389
190,182,371
190,183,363
190,184,372
190,185,368
190,186,364
190,187,362
190,188,381
190,189,375
190,190,379
190,191,374
190,192,375
190,193,375
190,194,366
190,195,372
190,196,377
190,197,386
190,198,380
190,199,377
190,200,389
191,1,8
191,2,31
191,3,102
191,4,263
191,5,351
191,6,366
191,7,382
191,8,369
191,9,383
191,10,387
191,11,377
191,12,367
191,13,366
191,14,380
191,15,386
191,16,363
191,17,379
191,18,375
191,19,378
191,20,370
191,21,360
191,22,365
191,23,367
191,24,368
191,25,363
191,26,375
191,27,368
191,28,378
191,29,369
191,30,380
191,31,373
191,32,376
191,33,385
191,34,377
191,35,375
191,36,384
191,37,359
191,38,369
191,39,377
191,40,369
191,41,380
191,42,355
191,43,373
191,44,370
191,45,374
191,46,380
191,47,377
191,48,372
191,49,383
191,50,379
191,51,376
191,52,381
191,53,368
191,54,366
191,55,366
191,56,376
191,57,382
191,58,375
191,59,384
191,60,369
191,61,378
191,62,367
191,63,368
191,64,365
191,65,370
191,66,369
191,67,359
191,68,375
191,69,393
191,70,368
191,71,380
191,72,366
191,73,381
191,74,365
191,75,379
191,76,380
191,77,386
191,78,376
191,79,370
191,80,374
191,81,369
191,82,376
191,83,386
191,84,389
191,85,366
191,86,372
191,87,369
191,88,381
191,89,367
191,90,381
191,91,386
191,92,382
191,93,367
191,94,370
191,95,359
191,96,373
191,97,379
191,98,387
191,99,370
191,100,386
191,101,387
191,102,378
191,103,388
191,104,365
191,105,372
191,106,379
191,107,365
191,108,375
191,109,382
191,110,377
191,111,375
191,112,367
191,113,387
191,114,360
191,115,371
191,116,368
191,117,381
191,118,379
191,119,374
191,120,375
191,121,367
191,122,364
191,123,372
191,124,377
191,125,378
191,126,388
191,127,373
191,128,373
191,129,361
191,130,361
191,131,384
191,132,379
191,133,384
191,134,375
191,135,373
191,136,380
191,137,369
191,138,381
191,139,373
191,140,370
191,141,368
191,142,371
191,143,383
191,144,372
191,145,374
191,146,374
191,147,372
191,148,373
191,149,384
191,150,380
191,151,378
191,152,379
191,153,361
191,154,370
191,155,362
191,156,378
191,157,381
191,158,382
191,159,380
191,160,372
191,161,378
191,162,365
191,163,376
191,164,391
191,165,381
191,166,374
191,167,375
191,168,370
191,169,364
191,170,376
191,171,365
191,172,367
191,173,367
191,174,382
191,175,394
191,176,383
191,177,369
191,178,379
191,179,378
191,180,369
191,181,361
191,182,384
191,183,382
191,184,373
191,185,382
191,186,386
191,187,372
191,188,375
191,189,376
191,190,371
191,191,378
191,192,378
191,193,375
191,194,378
191,195,382
191,196,376
191,197,373
191,198,376
191,199,359
191,200,378
192,1,3
192,2,11
192,3,41
192,4,152
192,5,323
192,6,371
192,7,374
192,8,389
192,9,373
192,10,358
192,11,385
192,12,365
192,13,365
192,14,377
192,15,387
192,16,373
192,17,368
192,18,372
192,19,382
192,20,369
192,21,371
192,22,381
192,23,382
192,24,371
192,25,373
192,26,369
192,27,372
192,28,369
192,29,379
192,30,365
192,31,385
192,32,380
192,33,362
192,34,377
192,35,356
192,36,389
192,37,368
192,38,373
192,39,384
192,40,383
192,41,366
192,42,362
192,43,355
192,44,366
192,45,375
192,46,380
192,47,372
192,48,372
192,49,368
192,50,380
192,51,379
192,52,366
192,53,390
192,54,384
192,55,369
192,56,370
192,57,376
192,58,362
192,59,369
192,60,377
192,61,365
192,62,370
192,63,375
192,64,365
192,65,371
192,66,379
192,67,358
192,68,366
192,69,380
192,70,376
192,71,363
192,72,364
192,73,367
192,74,368
192,75,379
192,76,375
192,77,372
192,78,381
192,79,384
192,80,373
192,81,369
192,82,364
192,83,371
192,84,363
192,85,370
192,86,375
192,87,371
192,88,370
192,89,378
192,90,380
192,91,372
192,92,369
192,93,369
192,94,379
192,95,369
192,96,366
192,97,373
192,98,377
192,99,382
192,100,369
192,101,384
192,102,369
192,103,370
192,104,381
192,105,371
192,106,371
192,107,384
192,108,369
192,109,374
192,110,376
192,111,373
192,112,375
192,113,368
192,114,388
192,115,372
192,116,371
192,117,371
192,118,359
192,119,374
192,120,378
192,121,380
192,122,379
192,123,358
192,124,377
192,125,367
192,126,391
192,127,377
192,128,381
192,129,372
192,130,372
192,131,385
192,132,372
192,133,389
192,134,373
192,135,366
192,136,363
192,137,365
192,138,379
192,139,376
192,140,372
192,141,378
192,142,367
192,143,384
192,144,355
192,145,367
192,146,375
192,147,396
192,148,365
192,149,373
192,150,373
192,151,363
192,152,379
192,153,370
192,154,381
192,155,380
192,156,374
192,157,366
192,158,363
192,159,372
192,160,368
192,161,378
192,162,377
192,163,378
192,164,377
192,165,366
192,166,371
192,167,364
192,168,377
192,169,366
192,170,372
192,171,378
192,172,376
192,173,372
192,174,375
192,175,374
192,176,371
192,177,365
192,178,364
192,179,379
192,180,367
192,181,375
192,182,381
192,183,384
192,184,368
192,185,366
192,186,376
192,187,373
192,188,378
192,189,385
192,190,380
192,191,380
192,192,361
192,193,379
192,194,374
192,195,389
192,196,385
192,197,375
192,198,356
192,199,368
192,200,381
193,1,2
193,2,6
193,3,33
193,4,117
193,5,282
193,6,358
193,7,373
193,8,384
193,9,370
193,10,369
193,11,372
193,12,376
193,13,377
193,14,379
193,15,377
193,16,378
193,17,380
193,18,374
193,19,376
193,20,385
193,21,368
193,22,366
193,23,366
193,24,379
193,25,385
193,26,363
193,27,378
193,28,377
193,29,377
193,30,385
193,31,365
193,32,386
193,33,373
193,34,373
193,35,359
193,36,351
193,37,371
193,38,378
193,39,374
193,40,374
193,41,381
193,42,370
193,43,374
193,44,384
193,45,373
193,46,377
193,47,390
193,48,375
193,49,382
193,50,379
193,51,364
193,52,372
193,53,357
193,54,375
193,55,363
193,56,370
193,57,374
193,58,369
193,59,381
193,60,375
193,61,378
193,62,373
193,63,382
193,64,378
193,65,375
193,66,374
193,67,378
193,68,376
193,69,372
193,70,381
193,71,361
193,72,380
193,73,378
193,74,374
193,75,370
193,76,371
193,77,361
193,78,359
193,79,379
193,80,369
193,81,381
193,82,369
193,83,368
193,84,372
193,85,361
193,86,363
193,87,375
193,88,371
193,89,376
193,90,367
193,91,377
193,92,386
193,93,381
193,94,367
193,95,390
193,96,381
193,97,366
193,98,372
193,99,382
193,100,382
193,101,373
193,102,373
193,103,370
193,104,382
193,105,381
193,106,370
193,107,360
193,108,380
193,109,381
193,110,378
193,111,373
193,112,387
193,113,377
193,114,385
193,115,385
193,116,375
193,117,374
193,118,369
193,119,387
193,120,371
193,121,369
193,122,385
193,123,372
193,124,383
193,125,378
193,126,377
193,127,381
193,128,373
193,129,375
193,130,381
193,131,372
193,132,371
193,133,359
193,134,388
193,135,369
193,136,368
193,137,363
193,138,359
193,139,374
193,140,368
193,141,373
193,142,376
193,143,387
193,144,379
193,145,371
193,146,372
193,147,375
193,148,378
193,149,368
193,150,385
193,151,386
193,152,375
193,153,371
193,154,376
193,155,374
193,156,370
193,157,382
193,158,368
193,159,381
193,160,381
193,161,378
193,162,365
193,163,387
193,164,362
193,165,377
193,166,396
193,167,371
193,168,390
193,169,360
193,170,381
193,171,378
193,172,365
193,173,376
193,174,371
193,175,387
193,176,376
193,177,368
193,178,371
193,179,380
193,180,377
193,181,364
193,182,373
193,183,375
193,184,379
193,185,383
193,186,390
193,187,373
193,188,380
193,189,366
193,190,366
193,191,388
193,192,363
193,193,369
193,194,375
193,195,382
193,196,373
193,197,361
193,198,368
193,199,382
193,200,368
194,1,6
194,2,30
194,3,107
194,4,267
194,5,362
194,6,383
194,7,365
194,8,363
194,9,364
194,10,369
194,11,376
194,12,363
194,13,369
194,14,353
194,15,372
194,16,374
194,17,379
194,18,372
194,19,384
194,20,378
194,21,372
194,22,374
194,23,368
194,24,364
194,25,365
194,26,386
194,27,382
194,28,388
194,29,365
194,30,366
194,31,369
194,32,372
194,33,379
194,34,378
194,35,376
194,36,380
194,37,352
194,38,376
194,39,360
194,40,367
194,41,360
194,42,369
194,43,373
194,44,372
194,45,378
194,46,378
194,47,373
194,48,372
194,49,379
194,50,382
194,51,379
194,52,372
194,53,373
194,54,372
194,55,368
194,56,361
194,57,380
194,58,384
194,59,362
194,60,375
194,61,366
194,62,382
194,63,376
194,64,372
194,65,370
194,66,369
194,67,373
194,68,368
194,69,368
194,70,374
194,71,393
194,72,365
194,73,381
194,74,370
194,75,367
194,76,364
194,77,371
194,78,341
194,79,374
194,80,363
194,81,376
194,82,375
194,83,379
194,84,372
194,85,365
194,86,373
194,87,375
194,88,373
194,89,370
194,90,382
194,91,371
194,92,376
194,93,373
194,94,382
194,95,355
194,96,366
194,97,382
194,98,357
194,99,366
194,100,364
194,101,385
194,102,383
194,103,355
194,104,366
194,105,359
194,106,358
194,107,372
194,108,368
194,109,373
194,110,380
194,111,379
194,112,377
194,113,369
194,114,386
194,115,374
194,116,383
194,117,372
194,118,382
194,119,377
194,120,378
194,121,375
194,122,370
194,123,369
194,124,366
194,125,365
194,126,381
194,127,378
194,128,361
194,129,370
194,130,386
194,131,377
194,132,375
194,133,371
194,134,367
194,135,376
194,136,374
194,137,371
194,138,380
194,139,384
194,140,369
194,141,370
194,142,365
194,143,381
194,144,364
194,145,369
194,146,367
194,147,382
194,148,378
194,149,377
194,150,365
194,151,372
194,152,366
194,153,375
194,154,388
194,155,380
194,156,368
194,157,376
194,158,374
194,159,372
194,160,376
194,161,377
194,162,377
194,163,364
194,164,386
194,165,376
194,166,371
194,167,365
194,168,372
194,169,383
194,170,380
194,171,371
194,172,373
194,173,369
194,174,374
194,175,371
194,176,367
194,177,363
194,178,380
194,179,385
194,180,387
194,181,362
194,182,378
194,183,373
194,184,368
194,185,379
194,186,372
194,187,367
194,188,367
194,189,383
194,190,362
194,191,379
194,192,354
194,193,378
194,194,370
194,195,375
194,196,387
194,197,384
194,198,377
194,199,376
194,200,363
195,1,1
195,2,1
195,3,3
195,4,15
195,5,68
195,6,197
195,7,353
195,8,360
195,9,368
195,10,369
195,11,365
195,12,368
195,13,394
195,14,364
195,15,373
195,16,374
195,17,377
195,18,367
195,19,361
195,20,380
195,21,370
195,22,381
195,23,376
195,24,372
195,25,376
195,26,381
195,27,376
195,28,379
195,29,363
195,30,363
195,31,382
195,32,383
195,33,383
195,34,378
195,35,374
195,36,369
195,37,382
195,38,380
195,39,368
195,40,379
195,41,380
195,42,364
195,43,374
195,44,371
195,45,364
195,46,377
195,47,367
195,48,379
195,49,375
195,50,370
195,51,380
195,52,376
195,53,361
195,54,377
195,55,381
195,56,370
195,57,372
195,58,389
195,59,369
195,60,370
195,61,377
195,62,374
195,63,361
195,64,374
195,65,361
195,66,369
195,67,380
195,68,373
195,69,371
195,70,372
195,71,366
195,72,379
195,73,395
195,74,374
195,75,371
195,76,373
195,77,370
195,78,384
195,79,375
195,80,374
195,81,379
195,82,368
195,83,370
195,84,363
195,85,375
195,86,378
195,87,379
195,88,366
195,89,382
195,90,385
195,91,365
195,92,373
195,93,365
195,94,363
195,95,380
195,96,389
195,97,377
195,98,385
195,99,371
195,100,376
195,101,380
195,102,373
195,103,381
195,104,367
195,105,358
195,106,375
195,107,372
195,108,379
195,109,373
195,110,369
195,111,383
195,112,375
195,113,382
195,114,380
195,115,372
195,116,369
195,117,378
195,118,374
195,119,379
195,120,375
195,121,365
195,122,383
195,123,371
195,124,388
195,125,376
195,126,386
195,127,369
195,128,372
195,129,365
195,130,377
195,131,372
195,132,375
195,133,357
195,134,372
195,135,376
195,136,374
195,137,373
195,138,370
195,139,357
195,140,372
195,141,380
195,142,375
195,143,377
195,144,381
195,145,373
195,146,368
195,147,368
195,148,384
195,149,384
195,150,390
195,151,384
195,152,388
195,153,376
195,154,381
195,155,368
195,156,396
195,157,369
195,158,358
195,159,377
195,160,371
195,161,367
195,162,368
195,163,369
195,164,372
195,165,381
195,166,363
195,167,372
195,168,371
195,169,372
195,170,379
195,171,383
195,172,367
195,173,384
195,174,374
195,175,360
195,176,373
195,177,377
195,178,372
195,179,379
195,180,369
195,181,377
195,182,369
195,183,373
195,184,361
195,185,369
195,186,381
195,187,373
195,188,355
195,189,370
195,190,376
195,191,369
195,192,374
195,193,366
195,194,365
195,195,376
195,196,364
195,197,365
195,198,383
195,199,369
195,200,391
196,1,5
196,2,17
196,3,60
196,4,164
196,5,314
196,6,372
196,7,364
196,8,365
196,9,358
196,10,378
196,11,364
196,12,377
196,13,375
196,14,380
196,15,370
196,16,376
196,17,386
196,18,359
196,19,353
196,20,377
196,21,378
196,22,381
196,23,365
196,24,376
196,25,377
196,26,376
196,27,380
196,28,362
196,29,380
196,30,370
196,31,380
196,32,369
196,33,387
196,34,376
196,35,379
196,36,365
196,37,380
196,38,363
196,39,356
196,40,373
196,41,371
196,42,371
196,43,361
196,44,372
196,45,375
196,46,364
196,47,379
196,48,354
196,49,364
196,50,375
196,51,370
196,52,377
196,53,381
196,54,358
196,55,364
196,56,379
196,57,377
196,58,378
196,59,380
196,60,367
196,61,389
196,62,370
196,63,367
196,64,371
196,65,375
196,66,381
196,67,368
196,68,376
196,69,360
196,70,374
196,71,376
196,72,372
196,73,368
196,74,382
196,75,380
196,76,396
196,77,368
196,78,366
196,79,374
196,80,373
196,81,375
196,82,370
196,83,375
196,84,374
196,85,376
196,86,373
196,87,364
196,88,366
196,89,372
196,90,369
196,91,376
196,92,371
196,93,377
196,94,373
196,95,375
196,96,372
196,97,364
196,98,376
196,99,380
196,100,369
196,101,383
196,102,381
196,103,378
196,104,371
196,105,363
196,106,375
196,107,368
196,108,377
196,109,374
196,110,385
196,111,357
196,112,367
196,113,372
196,114,374
196,115,372
196,116,373
196,117,364
196,118,385
196,119,384
196,120,367
196,121,373
196,122,381
196,123,351
196,124,383
196,125,386
196,126,379
196,127,379
196,128,381
196,129,377
196,130,384
196,131,366
196,132,370
196,133,383
196,134,366
196,135,379
196,136,380
196,137,381
196,138,364
196,139,367
196,140,382
196,141,370
196,142,374
196,143,366
196,144,375
196,145,369
196,146,380
196,147,371
196,148,373
196,149,372
196,150,382
196,151,374
196,152,369
196,153,378
196,154,382
196,155,378
196,156,382
196,157,389
196,158,366
196,159,372
196,160,369
196,161,375
196,162,373
196,163,388
196,164,386
196,165,369
196,166,387
196,167,376
196,168,371
196,169,379
196,170,380
196,171,370
196,172,376
196,173,377
196,174,377
196,175,379
196,176,380
196,177,368
196,178,380
196,179,386
196,180,369
196,181,386
196,182,368
196,183,373
196,184,362
196,185,369
196,186,373
196,187,384
196,188,381
196,189,372
196,190,377
196,191,379
196,192,357
196,193,369
196,194,378
196,195,380
196,196,376
196,197,387
196,198,369
196,199,365
196,200,379
197,1,6
197,2,28
197,3,110
197,4,282
197,5,367
197,6,360
197,7,375
197,8,374
197,9,386
197,10,373
197,11,382
197,12,367
197,13,379
197,14,363
197,15,379
197,16,384
197,17,368
197,18,384
197,19,366
197,20,379
197,21,378
197,22,378
197,23,394
197,24,386
197,25,371
197,26,373
197,27,371
197,28,373
197,29,366
197,30,381
197,31,378
197,32,379
197,33,379
197,34,370
197,35,380
197,36,364
197,37,367
197,38,374
197,39,376
197,40,389
197,41,375
197,42,373
197,43,373
197,44,371
197,45,371
197,46,375
197,47,378
197,48,371
197,49,384
197,50,379
197,51,372
197,52,374
197,53,384
197,54,388
197,55,371
197,56,371
197,57,385
197,58,381
197,59,360
197,60,372
197,61,380
197,62,357
197,63,379
197,64,379
197,65,382
197,66,374
197,67,373
197,68,380
197,69,375
197,70,379
197,71,371
197,72,379
197,73,375
197,74,373
197,75,357
197,76,370
197,77,379
197,78,369
197,79,361
197,80,366
197,81,367
197,82,382
197,83,380
197,84,384
197,85,375
197,86,381
197,87,383
197,88,387
197,89,377
197,90,379
197,91,374
197,92,387
197,93,384
197,94,376
197,95,383
197,96,378
197,97,366
197,98,376
197,99,376
197,100,365
197,101,379
197,102,378
197,103,377
197,104,381
197,105,379
197,106,373
197,107,365
197,108,361
197,109,384
197,110,387
197,111,368
197,112,374
197,113,380
197,114,363
197,115,370
197,116,372
197,117,368
197,118,376
197,119,375
197,120,370
197,121,371
197,122,378
197,123,373
197,124,383
197,125,360
197,126,375
197,127,380
197,128,378
197,129,378
197,130,373
197,131,382
197,132,374
197,133,372
197,134,377
197,135,375
197,136,381
197,137,377
197,138,388
197,139,368
197,140,381
197,141,374
197,142,375
197,143,366
197,144,372
197,145,375
197,146,369
197,147,382
197,148,370
197,149,372
197,150,372
197,151,376
197,152,371
197,153,376
197,154,372
197,155,372
197,156,370
197,157,375
197,158,379
197,159,369
197,160,378
197,161,369
197,162,388
197,163,379
197,164,379
197,165,368
197,166,373
197,167,369
197,168,351
197,169,369
197,170,371
197,171,366
197,172,362
197,173,369
197,174,363
197,175,371
197,176,377
197,177,359
197,178,370
197,179,378
197,180,374
197,181,376
197,182,363
197,183,360
197,184,375
197,185,375
197,186,383
197,187,381
197,188,375
197,189,376
197,190,380
197,191,378
197,192,377
197,193,370
197,194,373
197,195,376
197,196,369
197,197,365
197,198,368
197,199,377
197,200,379
198,1,1
198,2,2
198,3,6
198,4,21
198,5,70
198,6,210
198,7,332
198,8,374
198,9,383
198,10,370
198,11,373
198,12,367
198,13,378
198,14,389
198,15,378
198,16,368
198,17,374
198,18,390
198,19,374
198,20,374
198,21,374
198,22,372
198,23,373
198,24,380
198,25,387
198,26,374
198,27,378
198,28,380
198,29,378
198,30,377
198,31,371
198,32,387
198,33,384
198,34,370
198,35,375
198,36,374
198,37,380
198,38,367
198,39,376
198,40,377
198,41,364
198,42,383
198,43,379
198,44,371
198,45,374
198,46,384
198,47,365
198,48,369
198,49,380
198,50,370
198,51,381
198,52,377
198,53,354
198,54,378
198,55,366
198,56,370
198,57,390
198,58,378
198,59,378
198,60,380
198,61,380
198,62,370
198,63,373
198,64,368
198,65,373
198,66,382
198,67,377
198,68,374
198,69,380
198,70,367
198,71,370
198,72,372
198,73,384
198,74,376
198,75,367
198,76,380
198,77,387
198,78,374
198,79,377
198,80,373
198,81,365
198,82,370
198,83,374
198,84,378
198,85,384
198,86,373
198,87,380
198,88,379
198,89,386
198,90,371
198,91,378
198,92,374
198,93,375
198,94,374
198,95,381
198,96,377
198,97,367
198,98,383
198,99,368
198,100,376
198,101,371
198,102,380
198,103,371
198,104,373
198,105,367
198,106,370
198,107,385
198,108,370
198,109,366
198,110,364
198,111,374
198,112,377
198,113,372
198,114,376
198,115,385
198,116,379
198,117,380
198,118,369
198,119,362
198,120,384
198,121,385
198,122,382
198,123,367
198,124,383
198,125,375
198,126,375
198,127,367
198,128,377
198,129,365
198,130,374
198,131,385
198,132,373
198,133,381
198,134,366
198,135,379
198,136,377
198,137,375
198,138,386
198,139,368
198,140,384
198,141,362
198,142,376
198,143,389
198,144,375
198,145,367
198,146,375
198,147,373
198,148,367
198,149,376
198,150,391
198,151,373
198,152,370
198,153,366
198,154,373
198,155,374
198,156,381
198,157,366
198,158,385
198,159,367
198,160,371
198,161,373
198,162,380
198,163,388
198,164,368
198,165,384
198,166,374
198,167,371
198,168,364
198,169,382
198,170,379
198,171,383
198,172,366
198,173,358
198,174,381
198,175,371
198,176,370
198,177,374
198,178,384
198,179,370
198,180,377
198,181,367
198,182,365
198,183,358
198,184,376
198,185,378
198,186,373
198,187,382
198,188,381
198,189,364
198,190,353
198,191,370
198,192,387
198,193,383
198,194,379
198,195,379
198,196,371
198,197,371
198,198,369
198,199,384
198,200,379
199,1,6
199,2,23
199,3,84
199,4,229
199,5,359
199,6,361
199,7,379
199,8,377
199,9,374
199,10,363
199,11,365
199,12,382
199,13,377
199,14,375
199,15,380
199,16,371
199,17,370
199,18,370
199,19,375
199,20,378
199,21,379
199,22,368
199,23,381
199,24,366
199,25,356
199,26,360
199,27,367
199,28,374
199,29,371
199,30,373
199,31,373
199,32,363
199,33,381
199,34,381
199,35,355
199,36,370
199,37,369
199,38,370
199,39,382
199,40,369
199,41,367
199,42,374
199,43,369
199,44,371
199,45,377
199,46,378
199,47,379
199,48,370
199,49,367
199,50,361
199,51,374
199,52,378
199,53,376
199,54,378
199,55,371
199,56,380
199,57,364
199,58,377
199,59,370
199,60,367
199,61,394
199,62,367
199,63,371
199,64,374
199,65,393
199,66,386
199,67,381
199,68,366
199,69,384
199,70,381
199,71,383
199,72,371
199,73,374
199,74,375
199,75,372
199,76,386
199,77,376
199,78,388
199,79,366
199,80,365
199,81,376
199,82,377
199,83,373
199,84,376
199,85,361
199,86,392
199,87,369
199,88,383
199,89,358
199,90,376
199,91,370
199,92,378
199,93,377
199,94,378
199,95,382
199,96,368
199,97,375
199,98,368
199,99,353
199,100,388
199,101,387
199,102,369
199,103,378
199,104,380
199,105,377
199,106,380
199,107,374
199,108,384
199,109,378
199,110,365
199,111,375
199,112,378
199,113,365
199,114,373
199,115,367
199,116,366
199,117,381
199,118,362
199,119,374
199,120,370
199,121,359
199,122,387
199,123,372
199,124,362
199,125,375
199,126,372
199,127,365
199,128,376
199,129,387
199,130,380
199,131,376
199,132,379
199,133,374
199,134,360
199,135,376
199,136,366
199,137,374
199,138,376
199,139,387
199,140,384
199,141,376
199,142,364
199,143,368
199,144,391
199,145,397
199,146,383
199,147,377
199,148,371
199,149,368
199,150,379
199,151,377
199,152,375
199,153,364
199,154,374
199,155,382
199,156,378
199,157,381
199,158,368
199,159,370
199,160,382
199,161,367
199,162,367
199,163,359
199,164,373
199,165,369
199,166,368
199,167,372
199,168,378
199,169,359
199,170,380
199,171,382
199,172,368
199,173,389
199,174,383
199,175,370
199,176,371
199,177,376
199,178,372
199,179,382
199,180,385
199,181,371
199,182,359
199,183,381
199,184,357
199,185,372
199,186,388
199,187,366
199,188,375
199,189,367
199,190,371
199,191,378
199,192,385
199,193,367
199,194,370
199,195,374
199,196,366
199,197,370
199,198,369
199,199,363
199,200,385
200,1,6
200,2,36
200,3,122
200,4,265
200,5,360
200,6,374
200,7,363
200,8,366
200,9,385
200,10,376
200,11,375
200,12,379
200,13,384
200,14,383
200,15,381
200,16,376
200,17,376
200,18,375
200,19,373
200,20,385
200,21,370
200,22,382
200,23,369
200,24,379
200,25,377
200,26,373
200,27,369
200,28,381
200,29,371
200,30,379
200,31,372
200,32,378
200,33,385
200,34,382
200,35,376
200,36,382
200,37,380
200,38,373
200,39,379
200,40,391
200,41,371
200,42,397
200,43,380
200,44,378
200,45,383
200,46,380
200,47,379
200,48,375
200,49,372
200,50,358
200,51,379
200,52,375
200,53,370
200,54,372
200,55,371
200,56,389
200,57,381
200,58,364
200,59,361
200,60,371
200,61,376
200,62,367
200,63,371
200,64,365
200,65,368
200,66,371
200,67,362
200,68,374
200,69,384
200,70,382
200,71,368
200,72,374
200,73,372
200,74,383
200,75,385
200,76,367
200,77,389
200,78,365
200,79,374
200,80,376
200,81,370
200,82,380
200,83,368
200,84,382
200,85,368
200,86,380
200,87,380
200,88,362
200,89,378
200,90,379
200,91,368
200,92,377
200,93,366
200,94,376
200,95,362
200,96,382
200,97,381
200,98,363
200,99,371
200,100,377
200,101,366
200,102,371
200,103,368
200,104,372
200,105,365
200,106,373
200,107,371
200,108,378
200,109,377
200,110,377
200,111,376
200,112,374
200,113,377
200,114,372
200,115,373
200,116,378
200,117,385
200,118,379
200,119,367
200,120,355
200,121,383
200,122,373
200,123,378
200,124,372
200,125,378
200,126,381
200,127,372
200,128,379
200,129,366
200,130,377
200,131,379
200,132,384
200,133,361
200,134,381
200,135,366
200,136,380
200,137,368
200,138,372
200,139,377
200,140,376
200,141,371
200,142,355
200,143,379
200,144,377
200,145,380
200,146,387
200,147,376
200,148,379
200,149,372
200,150,368
200,151,373
200,152,369
200,153,372
200,154,387
200,155,366
200,156,365
200,157,372
200,158,360
200,159,363
200,160,377
200,161,382
200,162,365
200,163,365
200,164,381
200,165,363
200,166,371
200,167,372
200,168,367
200,169,387
200,170,367
200,171,385
200,172,383
200,173,377
200,174,388
200,175,373
200,176,372
200,177,363
200,178,371
200,179,365
200,180,379
200,181,379
200,182,364
200,183,379
200,184,375
200,185,377
200,186,373
200,187,379
200,188,384
200,189,385
200,190,384
200,191,378
200,192,368
200,193,384
200,194,368
200,195,365
200,196,375
200,197,366
200,198,379
200,199,364
200,200,386
201,1,7
201,2,35
201,3,119
201,4,283
201,5,364
201,6,367
201,7,372
201,8,374
201,9,367
201,10,378
201,11,378
201,12,364
201,13,375
201,14,373
201,15,390
201,16,375
201,17,357
201,18,366
201,19,362
201,20,351
201,21,362
201,22,378
201,23,383
201,24,380
201,25,372
201,26,395
201,27,373
201,28,380
201,29,382
201,30,376
201,31,376
201,32,380
201,33,367
201,34,378
201,35,369
201,36,378
201,37,367
201,38,373
201,39,381
201,40,374
201,41,380
201,42,381
201,43,381
201,44,372
201,45,376
201,46,374
201,47,369
201,48,383
201,49,371
201,50,393
201,51,388
201,52,394
201,53,371
201,54,367
201,55,372
201,56,371
201,57,375
201,58,370
201,59,377
201,60,377
201,61,376
201,62,383
201,63,386
201,64,363
201,65,361
201,66,367
201,67,365
201,68,375
201,69,377
201,70,376
201,71,361
201,72,375
201,73,383
201,74,375
201,75,382
201,76,376
201,77,379
201,78,379
201,79,380
201,80,367
201,81,369
201,82,377
201,83,362
201,84,383
201,85,379
201,86,365
201,87,365
201,88,368
201,89,369
201,90,390
201,91,378
201,92,366
201,93,378
201,94,382
201,95,376
201,96,383
201,97,377
201,98,380
201,99,381
201,100,372
201,101,359
201,102,385
201,103,366
201,104,375
201,105,393
201,106,382
201,107,368
201,108,353
201,109,374
201,110,381
201,111,380
201,112,378
201,113,384
201,114,375
201,115,373
201,116,372
201,117,387
201,118,376
201,119,367
201,120,379
201,121,372
201,122,367
201,123,372
201,124,373
201,125,375
201,126,369
201,127,369
201,128,363
201,129,376
201,130,367
201,131,382
201,132,386
201,133,377
201,134,372
201,135,367
201,136,381
201,137,369
201,138,366
201,139,370
201,140,384
201,141,373
201,142,376
201,143,374
201,144,375
201,145,383
201,146,369
201,147,375
201,148,373
201,149,361
201,150,378
201,151,367
201,152,374
201,153,378
201,154,367
201,155,365
201,156,369
201,157,377
201,158,376
201,159,389
201,160,380
201,161,381
201,162,389
201,163,370
201,164,379
201,165,366
201,166,379
201,167,377
201,168,373
201,169,379
201,170,388
201,171,372
201,172,367
201,173,379
201,174,376
201,175,378
201,176,383
201,177,366
201,178,381
201,179,373
201,180,381
201,181,369
201,182,377
201,183,370
201,184,363
201,185,383
201,186,371
201,187,370
201,188,380
201,189,375
201,190,348
201,191,374
201,192,376
201,193,361
201,194,392
201,195,364
201,196,370
201,197,366
201,198,376
201,199,368
201,200,370
202,1,1
202,2,5
202,3,29
202,4,113
202,5,269
202,6,360
202,7,381
202,8,369
202,9,368
202,10,358
202,11,374
202,12,363
202,13,371
202,14,367
202,15,370
202,16,367
202,17,376
202,18,366
202,19,385
202,20,382
202,21,358
202,22,379
202,23,370
202,24,373
202,25,382
202,26,374
202,27,375
202,28,387
202,29,371
202,30,378
202,31,356
202,32,378
202,33,377
202,34,385
202,35,361
202,36,387
202,37,372
202,38,358
202,39,364
202,40,370
202,41,384
202,42,371
202,43,380
202,44,383
202,45,377
202,46,376
202,47,382
202,48,376
202,49,374
202,50,359
202,51,369
202,52,380
202,53,364
202,54,365
202,55,368
202,56,381
202,57,371
202,58,375
202,59,363
202,60,377
202,61,376
202,62,376
202,63,364
202,64,375
202,65,378
202,66,379
202,67,378
202,68,378
202,69,363
202,70,374
202,71,371
202,72,364
202,73,362
202,74,379
202,75,383
202,76,389
202,77,366
202,78,375
202,79,384
202,80,373
202,81,377
202,82,369
202,83,372
202,84,375
202,85,376
202,86,382
202,87,372
202,88,376
202,89,379
202,90,369
202,91,378
202,92,376
202,93,375
202,94,372
202,95,370
202,96,363
202,97,381
202,98,372
202,99,381
202,100,365
202,101,385
202,102,382
202,103,377
202,104,377
202,105,375
202,106,375
202,107,372
202,108,377
202,109,376
202,110,361
202,111,378
202,112,381
202,113,377
202,114,374
202,115,386
202,116,378
202,117,372
202,118,377
202,119,367
202,120,363
202,121,376
202,122,369
202,123,371
202,124,372
202,125,372
202,126,380
202,127,380
202,128,380
202,129,379
202,130,373
202,131,387
202,132,373
202,133,373
202,134,377
202,135,375
202,136,380
202,137,376
202,138,387
202,139,378
202,140,363
202,141,365
202,142,379
202,143,377
202,144,368
202,145,374
202,146,377
202,147,368
202,148,367
202,149,372
202,150,366
202,151,384
202,152,384
202,153,372
202,154,369
202,155,371
202,156,374
202,157,372
202,158,366
202,159,358
202,160,384
202,161,369
202,162,370
202,163,357
202,164,390
202,165,372
202,166,380
202,167,368
202,168,375
202,169,365
202,170,378
202,171,371
202,172,370
202,173,379
202,174,379
202,175,376
202,176,370
202,177,380
202,178,376
202,179,377
202,180,376
202,181,365
202,182,375
202,183,372
202,184,372
202,185,382
202,186,373
202,187,378
202,188,364
202,189,374
202,190,371
202,191,383
202,192,371
202,193,376
202,194,374
202,195,377
202,196,377
202,197,372
202,198,386
202,199,363
202,200,379
203,1,4
203,2,14
203,3,71
203,4,206
203,5,353
203,6,379
203,7,378
203,8,380
203,9,368
203,10,362
203,11,362
203,12,369
203,13,379
203,14,375
203,15,376
203,16,381
203,17,366
203,18,365
203,19,387
203,20,376
203,21,374
203,22,381
203,23,367
203,24,375
203,25,379
203,26,365
203,27,373
203,28,364
203,29,375
203,30,362
203,31,359
203,32,366
203,33,381
203,34,365
203,35,357
203,36,377
203,37,380
203,38,383
203,39,383
203,40,382
203,41,385
203,42,371
203,43,376
203,44,379
203,45,372
203,46,375
203,47,374
203,48,372
203,49,376
203,50,369
203,51,375
203,52,386
203,53,383
203,54,384
203,55,384
203,56,371
203,57,382
203,58,381
203,59,370
203,60,372
203,61,375
203,62,377
203,63,376
203,64,373
203,65,362
203,66,360
203,67,382
203,68,380
203,69,375
203,70,382
203,71,375
203,72,378
203,73,375
203,74,377
203,75,383
203,76,368
203,77,364
203,78,382
203,79,386
203,80,376
203,81,369
203,82,375
203,83,379
203,84,384
203,85,376
203,86,381
203,87,371
203,88,372
203,89,363
203,90,371
203,91,369
203,92,377
203,93,382
203,94,373
203,95,387
203,96,378
203,97,357
203,98,369
203,99,363
203,100,377
203,101,364
203,102,372
203,103,362
203,104,382
203,105,376
203,106,375
203,107,376
203,108,367
203,109,381
203,110,379
203,111,380
203,112,372
203,113,377
203,114,358
203,115,366
203,116,375
203,117,373
203,118,369
203,119,382
203,120,369
203,121,380
203,122,373
203,123,370
203,124,384
203,125,375
203,126,383
203,127,372
203,128,374
203,129,368
203,130,375
203,131,370
203,132,374
203,133,372
203,134,384
203,135,361
203,136,366
203,137,370
203,138,381
203,139,373
203,140,366
203,141,374
203,142,375
203,143,378
203,144,384
203,145,377
203,146,372
203,147,372
203,148,375
203,149,380
203,150,368
203,151,372
203,152,375
203,153,381
203,154,384
203,155,379
203,156,385
203,157,371
203,158,381
203,159,375
203,160,375
203,161,365
203,162,376
203,163,395
203,164,357
203,165,364
203,166,365
203,167,390
203,168,369
203,169,383
203,170,373
203,171,378
203,172,367
203,173,365
203,174,386
203,175,362
203,176,382
203,177,381
203,178,379
203,179,379
203,180,364
203,181,387
203,182,381
203,183,385
203,184,373
203,185,378
203,186,376
203,187,385
203,188,380
203,189,382
203,190,362
203,191,370
203,192,382
203,193,372
203,194,389
203,195,379
203,196,373
203,197,375
203,198,377
203,199,386
203,200,373
204,1,4
204,2,18
204,3,69
204,4,223
204,5,349
204,6,365
204,7,372
204,8,376
204,9,367
204,10,385
204,11,377
204,12,375
204,13,369
204,14,375
204,15,364
204,16,365
204,17,379
204,18,371
204,19,384
204,20,391
204,21,377
204,22,375
204,23,369
204,24,382
204,25,372
204,26,371
204,27,362
204,28,383
204,29,381
204,30,383
204,31,382
204,32,383
204,33,370
204,34,375
204,35,377
204,36,376
204,37,380
204,38,375
204,39,371
204,40,363
204,41,370
204,42,380
204,43,369
204,44,384
204,45,373
204,46,379
204,47,368
204,48,366
204,49,373
204,50,377
204,51,388
204,52,384
204,53,376
204,54,375
204,55,376
204,56,378
204,57,379
204,58,379
204,59,375
204,60,360
204,61,379
204,62,369
204,63,383
204,64,370
204,65,379
204,66,369
204,67,360
204,68,357
204,69,384
204,70,373
204,71,372
204,72,375
204,73,371
204,74,378
204,75,380
204,76,382
204,77,370
204,78,381
204,79,377
204,80,379
204,81,372
204,82,381
204,83,360
204,84,369
204,85,374
204,86,373
204,87,371
204,88,377
204,89,373
204,90,372
204,91,385
204,92,379
204,93,378
204,94,371
204,95,384
204,96,370
204,97,376
204,98,378
204,99,357
204,100,385
204,101,370
204,102,376
204,103,376
204,104,371
204,105,379
204,106,368
204,107,381
204,108,372
204,109,369
204,110,382
204,111,370
204,112,379
204,113,386
204,114,367
204,115,370
204,116,377
204,117,369
204,118,385
204,119,375
204,120,365
204,121,383
204,122,373
204,123,377
204,124,357
204,125,370
204,126,374
204,127,365
204,128,369
204,129,382
204,130,374
204,131,358
204,132,371
204,133,384
204,134,384
204,135,372
204,136,365
204,137,371
204,138,383
204,139,367
204,140,365
204,141,384
204,142,373
204,143,374
204,144,383
204,145,368
204,146,370
204,147,380
204,148,374
204,149,371
204,150,380
204,151,360
204,152,371
204,153,383
204,154,383
204,155,372
204,156,363
204,157,376
204,158,364
204,159,379
204,160,381
204,161,374
204,162,362
204,163,375
204,164,374
204,165,377
204,166,383
204,167,365
204,168,386
204,169,379
204,170,379
204,171,382
204,172,379
204,173,361
204,174,363
204,175,386
204,176,374
204,177,371
204,178,363
204,179,365
204,180,367
204,181,385
204,182,373
204,183,365
204,184,384
204,185,374
204,186,379
204,187,377
204,188,369
204,189,381
204,190,378
204,191,364
204,192,370
204,193,368
204,194,359
204,195,384
204,196,370
204,197,370
204,198,372
204,199,358
204,200,382
205,1,6
205,2,28
205,3,117
205,4,270
205,5,350
205,6,366
205,7,361
205,8,374
205,9,381
205,10,364
205,11,380
205,12,388
205,13,371
205,14,377
205,15,384
205,16,385
205,17,373
205,18,363
205,19,382
205,20,373
205,21,391
205,22,388
205,23,376
205,24,375
205,25,368
205,26,377
205,27,369
205,28,368
205,29,373
205,30,374
205,31,370
205,32,360
205,33,367
205,34,368
205,35,365
205,36,358
205,37,369
205,38,381
205,39,378
205,40,363
205,41,366
205,42,371
205,43,370
205,44,384
205,45,375
205,46,375
205,47,379
205,48,376
205,49,364
205,50,391
205,51,353
205,52,370
205,53,367
205,54,370
205,55,355
205,56,375
205,57,372
205,58,381
205,59,371
205,60,387
205,61,361
205,62,371
205,63,372
205,64,376
205,65,368
205,66,365
205,67,377
205,68,381
205,69,372
205,70,372
205,71,368
205,72,379
205,73,370
205,74,377
205,75,375
205,76,386
205,77,369
205,78,376
205,79,376
205,80,376
205,81,368
205,82,359
205,83,382
205,84,383
205,85,379
205,86,362
205,87,378
205,88,372
205,89,380
205,90,368
205,91,377
205,92,380
205,93,373
205,94,373
205,95,373
205,96,369
205,97,380
205,98,380
205,99,379
205,100,363
205,101,392
205,102,384
205,103,371
205,104,369
205,105,376
205,106,373
205,107,390
205,108,374
205,109,370
205,110,367
205,111,360
205,112,368
205,113,368
205,114,385
205,115,380
205,116,365
205,117,373
205,118,373
205,119,365
205,120,386
205,121,384
205,122,385
205,123,374
205,124,380
205,125,370
205,126,369
205,127,372
205,128,371
205,129,387
205,130,375
205,131,367
205,132,383
205,133,382
205,134,380
205,135,370
205,136,373
205,137,388
205,138,371
205,139,375
205,140,364
205,141,378
205,142,382
205,143,376
205,144,373
205,145,367
205,146,387
205,147,380
205,148,362
205,149,377
205,150,362
205,151,367
205,152,377
205,153,368
205,154,377
205,155,377
205,156,376
205,157,390
205,158,369
205,159,374
205,160,365
205,161,376
205,162,383
205,163,379
205,164,372
205,165,372
205,166,369
205,167,371
205,168,376
205,169,375
205,170,383
205,171,393
205,172,381
205,173,385
205,174,384
205,175,360
205,176,371
205,177,371
205,178,370
205,179,378
205,180,371
205,181,376
205,182,373
205,183,390
205,184,369
205,185,372
205,186,385
205,187,371
205,188,382
205,189,362
205,190,369
205,191,374
205,192,365
205,193,376
205,194,372
205,195,378
205,196,381
205,197,368
205,198,373
205,199,381
205,200,375
206,1,6
206,2,26
206,3,95
206,4,254
206,5,355
206,6,359
206,7,383
206,8,378
206,9,384
206,10,365
206,11,376
206,12,374
206,13,383
206,14,373
206,15,381
206,16,383
206,17,374
206,18,379
206,19,358
206,20,372
206,21,369
206,22,376
206,23,375
206,24,377
206,25,377
206,26,374
206,27,383
206,28,362
206,29,353
206,30,377
206,31,373
206,32,383
206,33,370
206,34,360
206,35,387
206,36,377
206,37,388
206,38,376
206,39,380
206,40,365
206,41,378
206,42,358
206,43,370
206,44,372
206,45,368
206,46,382
206,47,375
206,48,383
206,49,369
206,50,373
206,51,386
206,52,369
206,53,375
206,54,385
206,55,384
206,56,371
206,57,364
206,58,381
206,59,378
206,60,380
206,61,373
206,62,370
206,63,369
206,64,382
206,65,376
206,66,379
206,67,375
206,68,358
206,69,376
206,70,359
206,71,371
206,72,367
206,73,361
206,74,365
206,75,373
206,76,374
206,77,369
206,78,376
206,79,379
206,80,373
206,81,382
206,82,370
206,83,365
206,84,376
206,85,384
206,86,366
206,87,380
206,88,363
206,89,378
206,90,365
206,91,387
206,92,376
206,93,361
206,94,370
206,95,371
206,96,378
206,97,367
206,98,363
206,99,375
206,100,361
206,101,371
206,102,372
206,103,381
206,104,380
206,105,380
206,106,367
206,107,381
206,108,386
206,109,370
206,110,377
206,111,361
206,112,373
206,113,375
206,114,367
206,115,365
206,116,356
206,117,362
206,118,373
206,119,386
206,120,366
206,121,377
206,122,373
206,123,374
206,124,366
206,125,364
206,126,384
206,127,378
206,128,372
206,129,378
206,130,378
206,131,360
206,132,365
206,133,382
206,134,360
206,135,372
206,136,377
206,137,364
206,138,376
206,139,364
206,140,359
206,141,371
206,142,378
206,143,363
206,144,368
206,145,372
206,146,377
206,147,371
206,148,380
206,149,375
206,150,384
206,151,386
206,152,376
206,153,366
206,154,374
206,155,370
206,156,381
206,157,358
206,158,364
206,159,373
206,160,370
206,161,380
206,162,374
206,163,377
206,164,358
206,165,374
206,166,378
206,167,375
206,168,379
206,169,379
206,170,384
206,171,380
206,172,365
206,173,373
206,174,375
206,175,385
206,176,378
206,177,370
206,178,368
206,179,381
206,180,359
206,181,358
206,182,382
206,183,367
206,184,374
206,185,369
206,186,382
206,187,364
206,188,373
206,189,384
206,190,372
206,191,382
206,192,374
206,193,372
206,194,378
206,195,361
206,196,383
206,197,372
206,198,381
206,199,356
206,200,355
207,1,5
207,2,21
207,3,74
207,4,231
207,5,353
207,6,374
207,7,378
207,8,382
207,9,382
207,10,368
207,11,366
207,12,374
207,13,380
207,14,379
207,15,375
207,16,372
207,17,375
207,18,376
207,19,382
207,20,375
207,21,366
207,22,377
207,23,373
207,24,377
207,25,385
207,26,376
207,27,384
207,28,380
207,29,388
207,30,379
207,31,373
207,32,370
207,33,378
207,34,381
207,35,380
207,36,377
207,37,379
207,38,372
207,39,365
207,40,390
207,41,363
207,42,374
207,43,378
207,44,376
207,45,371
207,46,368
207,47,376
207,48,370
207,49,374
207,50,391
207,51,365
207,52,378
207,53,379
207,54,382
207,55,365
207,56,355
207,57,374
207,58,374
207,59,367
207,60,376
207,61,369
207,62,385
207,63,377
207,64,369
207,65,360
207,66,362
207,67,375
207,68,369
207,69,373
207,70,376
207,71,369
207,72,381
207,73,371
207,74,368
207,75,369
207,76,375
207,77,374
207,78,383
207,79,368
207,80,373
207,81,372
207,82,390
207,83,375
207,84,375
207,85,370
207,86,375
207,87,368
207,88,389
207,89,368
207,90,375
207,91,369
207,92,366
207,93,387
207,94,377
207,95,377
207,96,373
207,97,382
207,98,373
207,99,388
207,100,371
207,101,377
207,102,382
207,103,369
207,104,367
207,105,369
207,106,379
207,107,395
207,108,367
207,109,368
207,110,363
207,111,382
207,112,371
207,113,389
207,114,378
207,115,374
207,116,362
207,117,368
207,118,388
207,119,366
207,120,366
207,121,380
207,122,373
207,123,389
207,124,371
207,125,382
207,126,370
207,127,375
207,128,372
207,129,382
207,130,377
207,131,375
207,132,380
207,133,376
207,134,377
207,135,379
207,136,382
207,137,374
207,138,376
207,139,379
207,140,371
207,141,367
207,142,364
207,143,367
207,144,376
207,145,381
207,146,364
207,147,366
207,148,373
207,149,367
207,150,377
207,151,379
207,152,373
207,153,385
207,154,391
207,155,370
207,156,383
207,157,379
207,158,364
207,159,378
207,160,376
207,161,352
207,162,359
207,163,383
207,164,368
207,165,380
207,166,367
207,167,371
207,168,373
207,169,371
207,170,357
207,171,388
207,172,384
207,173,374
207,174,387
207,175,385
207,176,372
207,177,378
207,178,388
207,179,373
207,180,372
207,181,365
207,182,367
207,183,365
207,184,372
207,185,382
207,186,376
207,187,387
207,188,374
207,189,377
207,190,370
207,191,381
207,192,365
207,193,373
207,194,389
207,195,375
207,196,366
207,197,380
207,198,376
207,199,376
207,200,368
208,1,5
208,2,25
208,3,92
208,4,261
208,5,367
208,6,376
208,7,382
208,8,381
208,9,366
208,10,379
208,11,365
208,12,371
208,13,358
208,14,376
208,15,380
208,16,374
208,17,369
208,18,377
208,19,368
208,20,385
208,21,380
208,22,381
208,23,378
208,24,383
208,25,379
208,26,375
208,27,380
208,28,379
208,29,370
208,30,366
208,31,374
208,32,378
208,33,373
208,34,357
208,35,378
208,36,383
208,37,372
208,38,375
208,39,383
208,40,361
208,41,376
208,42,377
208,43,376
208,44,378
208,45,381
208,46,361
208,47,376
208,48,380
208,49,371
208,50,373
208,51,356
208,52,367
208,53,376
208,54,371
208,55,389
208,56,380
208,57,375
208,58,377
208,59,369
208,60,371
208,61,375
208,62,382
208,63,372
208,64,378
208,65,374
208,66,384
208,67,389
208,68,378
208,69,367
208,70,379
208,71,388
208,72,375
208,73,370
208,74,369
208,75,379
208,76,379
208,77,385
208,78,391
208,79,389
208,80,357
208,81,378
208,82,375
208,83,369
208,84,383
208,85,374
208,86,378
208,87,378
208,88,360
208,89,380
208,90,380
208,91,364
208,92,366
208,93,386
208,94,374
208,95,386
208,96,379
208,97,371
208,98,383
208,99,378
208,100,385
208,101,366
208,102,374
208,103,377
208,104,375
208,105,378
208,106,365
208,107,382
208,108,383
208,109,374
208,110,370
208,111,371
208,112,371
208,113,382
208,114,371
208,115,374
208,116,380
208,117,377
208,118,368
208,119,367
208,120,376
208,121,362
208,122,378
208,123,369
208,124,390
208,125,376
208,126,374
208,127,377
208,128,375
208,129,380
208,130,375
208,131,378
208,132,372
208,133,386
208,134,390
208,135,355
208,136,366
208,137,377
208,138,375
208,139,363
208,140,371
208,141,380
208,142,381
208,143,384
208,144,373
208,145,373
208,146,372
208,147,382
208,148,378
208,149,368
208,150,369
208,151,376
208,152,367
208,153,364
208,154,368
208,155,368
208,156,376
208,157,368
208,158,385
208,159,376
208,160,379
208,161,385
208,162,376
208,163,367
208,164,369
208,165,377
208,166,382
208,167,368
208,168,374
208,169,376
208,170,372
208,171,374
208,172,367
208,173,385
208,174,370
208,175,375
208,176,367
208,177,392
208,178,391
208,179,382
208,180,361
208,181,374
208,182,377
208,183,371
208,184,380
208,185,389
208,186,382
208,187,366
208,188,371
208,189,386
208,190,373
208,191,386
208,192,375
208,193,372
208,194,371
208,195,363
208,196,375
208,197,381
208,198,377
208,199,374
208,200,368
209,1,6
209,2,23
209,3,88
209,4,257
209,5,350
209,6,362
209,7,374
209,8,367
209,9,373
209,10,373
209,11,379
209,12,371
209,13,382
209,14,379
209,15,371
209,16,383
209,17,377
209,18,377
209,19,378
209,20,369
209,21,377
209,22,382
209,23,376
209,24,368
209,25,380
209,26,378
209,27,363
209,28,378
209,29,370
209,30,374
209,31,375
209,32,391
209,33,378
209,34,366
209,35,386
209,36,386
209,37,373
209,38,379
209,39,376
209,40,384
209,41,377
209,42,373
209,43,376
209,44,369
209,45,382
209,46,373
209,47,383
209,48,385
209,49,362
209,50,377
209,51,382
209,52,359
209,53,373
209,54,371
209,55,364
209,56,381
209,57,373
209,58,371
209,59,384
209,60,371
209,61,379
209,62,374
209,63,373
209,64,368
209,65,378
209,66,380
209,67,371
209,68,398
209,69,374
209,70,359
209,71,377
209,72,363
209,73,371
209,74,376
209,75,368
209,76,371
209,77,365
209,78,380
209,79,379
209,80,376
209,81,376
209,82,373
209,83,395
209,84,382
209,85,369
209,86,378
209,87,385
209,88,364
209,89,374
209,90,381
209,91,379
209,92,362
209,93,379
209,94,362
209,95,379
209,96,382
209,97,382
209,98,370
209,99,373
209,100,375
209,101,377
209,102,361
209,103,368
209,104,367
209,105,370
209,106,367
209,107,378
209,108,373
209,109,365
209,110,371
209,111,377
209,112,379
209,113,364
209,114,369
209,115,371
209,116,369
209,117,368
209,118,392
209,119,385
209,120,370
209,121,372
209,122,375
209,123,376
209,124,371
209,125,370
209,126,377
209,127,370
209,128,366
209,129,359
209,130,366
209,131,370
209,132,372
209,133,364
209,134,380
209,135,368
209,136,366
209,137,362
209,138,378
209,139,363
209,140,366
209,141,380
209,142,377
209,143,386
209,144,367
209,145,368
209,146,381
209,147,380
209,148,372
209,149,388
209,150,383
209,151,382
209,152,373
209,153,374
209,154,375
209,155,359
209,156,378
209,157,371
209,158,367
209,159,377
209,160,363
209,161,372
209,162,380
209,163,371
209,164,369
209,165,385
209,166,376
209,167,378
209,168,370
209,169,372
209,170,381
209,171,380
209,172,364
209,173,368
209,174,370
209,175,372
209,176,375
209,177,375
209,178,380
209,179,374
209,180,384
209,181,359
209,182,383
209,183,370
209,184,374
209,185,377
209,186,384
209,187,366
209,188,363
209,189,373
209,190,373
209,191,359
209,192,379
209,193,378
209,194,368
209,195,364
209,196,360
209,197,362
209,198,359
209,199,370
209,200,378
210,1,4
210,2,13
210,3,46
210,4,147
210,5,313
210,6,366
210,7,368
210,8,376
210,9,383
210,10,365
210,11,377
210,12,373
210,13,371
210,14,352
210,15,372
210,16,376
210,17,366
210,18,385
210,19,378
210,20,369
210,21,378
210,22,364
210,23,385
210,24,375
210,25,382
210,26,383
210,27,377
210,28,371
210,29,372
210,30,380
210,31,376
210,32,363
210,33,378
210,34,383
210,35,373
210,36,364
210,37,372
210,38,365
210,39,375
210,40,370
210,41,368
210,42,391
210,43,372
210,44,358
210,45,375
210,46,375
210,47,371
210,48,375
210,49,384
210,50,376
210,51,379
210,52,370
210,53,370
210,54,362
210,55,377
210,56,374
210,57,375
210,58,364
210,59,380
210,60,378
210,61,378
210,62,371
210,63,370
210,64,382
210,65,366
210,66,374
210,67,363
210,68,369
210,69,378
210,70,364
210,71,369
210,72,373
210,73,382
210,74,380
210,75,381
210,76,373
210,77,361
210,78,382
210,79,367
210,80,367
210,81,376
210,82,381
210,83,352
210,84,377
210,85,377
210,86,368
210,87,384
210,88,369
210,89,367
210,90,374
210,91,365
210,92,382
210,93,366
210,94,369
210,95,371
210,96,375
210,97,368
210,98,367
210,99,382
210,100,370
210,101,372
210,102,388
210,103,372
210,104,380
210,105,376
210,106,379
210,107,384
210,108,378
210,109,369
210,110,371
210,111,382
210,112,384
210,113,378
210,114,369
210,115,378
210,116,376
210,117,366
210,118,371
210,119,373
210,120,379
210,121,374
210,122,368
210,123,372
210,124,367
210,125,375
210,126,358
210,127,381
210,128,364
210,129,366
210,130,366
210,131,368
210,132,370
210,133,376
210,134,376
210,135,377
210,136,380
210,137,371
210,138,379
210,139,365
210,140,371
210,141,373
210,142,380
210,143,377
210,144,373
210,145,372
210,146,371
210,147,389
210,148,376
210,149,386
210,150,384
210,151,367
210,152,371
210,153,380
210,154,379
210,155,374
210,156,370
210,157,385
210,158,368
210,159,379
210,160,371
210,161,368
210,162,369
210,163,374
210,164,374
210,165,372
210,166,375
210,167,372
210,168,357
210,169,384
210,170,375
210,171,371
210,172,380
210,173,381
210,174,365
210,175,372
210,176,379
210,177,372
210,178,375
210,179,371
210,180,377
210,181,377
210,182,363
210,183,370
210,184,371
210,185,385
210,186,385
210,187,369
210,188,378
210,189,377
210,190,382
210,191,377
210,192,392
210,193,374
210,194,372
210,195,370
210,196,368
210,197,379
210,198,381
210,199,371
210,200,379
211,1,5
211,2,20
211,3,81
211,4,225
211,5,355
211,6,370
211,7,375
211,8,376
211,9,369
211,10,371
211,11,372
211,12,379
211,13,384
211,14,379
211,15,378
211,16,362
211,17,383
211,18,373
211,19,374
211,20,360
211,21,377
211,22,370
211,23,374
211,24,363
211,25,370
211,26,360
211,27,370
211,28,369
211,29,368
211,30,367
211,31,366
211,32,374
211,33,372
211,34,360
211,35,359
211,36,367
211,37,385
211,38,364
211,39,378
211,40,382
211,41,373
211,42,370
211,43,380
211,44,373
211,45,378
211,46,375
211,47,376
211,48,369
211,49,367
211,50,373
211,51,374
211,52,388
211,53,377
211,54,379
211,55,369
211,56,372
211,57,372
211,58,371
211,59,386
211,60,374
211,61,371
211,62,382
211,63,380
211,64,371
211,65,354
211,66,372
211,67,370
211,68,371
211,69,372
211,70,379
211,71,378
211,72,387
211,73,384
211,74,374
211,75,371
211,76,374
211,77,374
211,78,370
211,79,364
211,80,368
211,81,374
211,82,369
211,83,375
211,84,373
211,85,375
211,86,367
211,87,379
211,88,368
211,89,376
211,90,380
211,91,376
211,92,363
211,93,368
211,94,369
211,95,367
211,96,364
211,97,364
211,98,381
211,99,355
211,100,376
211,101,385
211,102,381
211,103,379
211,104,367
211,105,381
211,106,365
211,107,372
211,108,375
211,109,368
211,110,378
211,111,376
211,112,370
211,113,368
211,114,372
211,115,363
211,116,372
211,117,375
211,118,363
211,119,373
211,120,361
211,121,381
211,122,380
211,123,367
211,124,371
211,125,384
211,126,374
211,127,371
211,128,365
211,129,384
211,130,362
211,131,377
211,132,370
211,133,384
211,134,371
211,135,382
211,136,379
211,137,363
211,138,375
211,139,375
211,140,372
211,141,372
211,142,366
211,143,374
211,144,375
211,145,376
211,146,364
211,147,366
211,148,379
211,149,373
211,150,376
211,151,386
211,152,380
211,153,380
211,154,369
211,155,357
211,156,382
211,157,382
211,158,374
211,159,366
211,160,370
211,161,374
211,162,347
211,163,370
211,164,374
211,165,371
211,166,376
211,167,379
211,168,369
211,169,371
211,170,375
211,171,359
211,172,376
211,173,368
211,174,375
211,175,369
211,176,372
211,177,382
211,178,367
211,179,375
211,180,366
211,181,380
211,182,379
211,183,367
211,184,372
211,185,357
211,186,371
211,187,368
211,188,365
211,189,381
211,190,379
211,191,366
211,192,377
211,193,363
211,194,369
211,195,367
211,196,364
211,197,369
211,198,361
211,199,374
211,200,380
212,1,3
212,2,9
212,3,39
212,4,131
212,5,276
212,6,351
212,7,361
212,8,369
212,9,370
212,10,380
212,11,373
212,12,384
212,13,371
212,14,374
212,15,386
212,16,376
212,17,372
212,18,370
212,19,383
212,20,376
212,21,371
212,22,376
212,23,368
212,24,380
212,25,369
212,26,388
212,27,372
212,28,371
212,29,383
212,30,379
212,31,375
212,32,376
212,33,378
212,34,369
212,35,368
212,36,366
212,37,368
212,38,378
212,39,359
212,40,371
212,41,367
212,42,383
212,43,394
212,44,371
212,45,362
212,46,370
212,47,375
212,48,371
212,49,377
212,50,373
212,51,375
212,52,378
212,53,370
212,54,372
212,55,376
212,56,366
212,57,370
212,58,372
212,59,372
212,60,382
212,61,370
212,62,378
212,63,373
212,64,378
212,65,370
212,66,379
212,67,366
212,68,371
212,69,376
212,70,370
212,71,371
212,72,360
212,73,379
212,74,371
212,75,384
212,76,374
212,77,376
212,78,371
212,79,370
212,80,374
212,81,362
212,82,369
212,83,378
212,84,357
212,85,372
212,86,395
212,87,384
212,88,379
212,89,382
212,90,376
212,91,384
212,92,376
212,93,375
212,94,384
212,95,386
212,96,385
212,97,367
212,98,366
212,99,368
212,100,374
212,101,375
212,102,371
212,103,373
212,104,374
212,105,358
212,106,372
212,107,381
212,108,374
212,109,358
212,110,367
212,111,367
212,112,382
212,113,371
212,114,371
212,115,374
212,116,354
212,117,371
212,118,385
212,119,374
212,120,378
212,121,376
212,122,377
212,123,373
212,124,367
212,125,375
212,126,380
212,127,368
212,128,374
212,129,371
212,130,375
212,131,364
212,132,368
212,133,373
212,134,385
212,135,374
212,136,389
212,137,369
212,138,372
212,139,387
212,140,371
212,141,384
212,142,376
212,143,376
212,144,373
212,145,384
212,146,373
212,147,374
212,148,383
212,149,371
212,150,384
212,151,378
212,152,381
212,153,375
212,154,377
212,155,377
212,156,386
212,157,379
212,158,371
212,159,368
212,160,387
212,161,381
212,162,377
212,163,383
212,164,379
212,165,376
212,166,381
212,167,381
212,168,365
212,169,367
212,170,373
212,171,369
212,172,377
212,173,369
212,174,377
212,175,367
212,176,373
212,177,374
212,178,385
212,179,376
212,180,372
212,181,374
212,182,379
212,183,394
212,184,370
212,185,373
212,186,388
212,187,369
212,188,364
212,189,378
212,190,378
212,191,373
212,192,375
212,193,366
212,194,378
212,195,372
212,196,372
212,197,383
212,198,356
212,199,389
212,200,382
213,1,6
213,2,21
213,3,80
213,4,228
213,5,350
213,6,373
213,7,376
213,8,377
213,9,369
213,10,358
213,11,375
213,12,368
213,13,381
213,14,375
213,15,379
213,16,375
213,17,378
213,18,373
213,19,380
213,20,375
213,21,376
213,22,360
213,23,378
213,24,377
213,25,373
213,26,373
213,27,377
213,28,374
213,29,373
213,30,374
213,31,373
213,32,381
213,33,369
213,34,377
213,35,389
213,36,378
213,37,373
213,38,378
213,39,365
213,40,374
213,41,383
213,42,372
213,43,363
213,44,379
213,45,369
213,46,377
213,47,375
213,48,367
213,49,370
213,50,392
213,51,374
213,52,381
213,53,384
213,54,380
213,55,374
213,56,373
213,57,369
213,58,373
213,59,365
213,60,377
213,61,391
213,62,373
213,63,372
213,64,378
213,65,365
213,66,379
213,67,371
213,68,372
213,69,377
213,70,380
213,71,365
213,72,367
213,73,371
213,74,376
213,75,377
213,76,363
213,77,370
213,78,367
213,79,367
213,80,380
213,81,373
213,82,378
213,83,371
213,84,386
213,85,372
213,86,378
213,87,363
213,88,379
213,89,371
213,90,377
213,91,382
213,92,376
213,93,378
213,94,383
213,95,364
213,96,385
213,97,376
213,98,376
213,99,374
213,100,386
213,101,387
213,102,375
213,103,373
213,104,368
213,105,378
213,106,382
213,107,368
213,108,379
213,109,366
213,110,373
213,111,381
213,112,377
213,113,376
213,114,378
213,115,376
213,116,361
213,117,381
213,118,370
213,119,370
213,120,374
213,121,362
213,122,374
213,123,386
213,124,373
213,125,382
213,126,370
213,127,383
213,128,380
213,129,366
213,130,377
213,131,376
213,132,383
213,133,371
213,134,369
213,135,371
213,136,373
213,137,365
213,138,380
213,139,364
213,140,379
213,141,365
213,142,373
213,143,375
213,144,379
213,145,364
213,146,375
213,147,371
213,148,373
213,149,364
213,150,376
213,151,384
213,152,376
213,153,374
213,154,368
213,155,372
213,156,366
213,157,368
213,158,368
213,159,378
213,160,376
213,161,374
213,162,375
213,163,372
213,164,361
213,165,398
213,166,375
213,167,388
213,168,376
213,169,366
213,170,382
213,171,364
213,172,363
213,173,348
213,174,373
213,175,373
213,176,383
213,177,381
213,178,368
213,179,374
213,180,360
213,181,376
213,182,359
213,183,380
213,184,371
213,185,377
213,186,381
213,187,383
213,188,376
213,189,393
213,190,372
213,191,374
213,192,373
213,193,391
213,194,375
213,195,382
213,196,364
213,197,379
213,198,362
213,199,365
213,200,372
214,1,5
214,2,25
214,3,94
214,4,254
214,5,359
214,6,375
214,7,376
214,8,378
214,9,367
214,10,366
214,11,380
214,12,361
214,13,370
214,14,384
214,15,380
214,16,380
214,17,373
214,18,373
214,19,369
214,20,372
214,21,372
214,22,373
214,23,372
214,24,386
214,25,375
214,26,380
214,27,372
214,28,380
214,29,369
214,30,363
214,31,370
214,32,361
214,33,375
214,34,374
214,35,375
214,36,366
214,37,373
214,38,373
214,39,379
214,40,385
214,41,370
214,42,369
214,43,372
214,44,373
214,45,371
214,46,373
214,47,382
214,48,364
214,49,368
214,50,371
214,51,374
214,52,385
214,53,382
214,54,392
214,55,370
214,56,389
214,57,373
214,58,361
214,59,366
214,60,380
214,61,377
214,62,371
214,63,380
214,64,386
214,65,366
214,66,355
214,67,366
214,68,382
214,69,374
214,70,377
214,71,372
214,72,370
214,73,375
214,74,364
214,75,382
214,76,372
214,77,367
214,78,359
214,79,377
214,80,374
214,81,377
214,82,387
214,83,370
214,84,385
214,85,371
214,86,388
214,87,357
214,88,367
214,89,381
214,90,370
214,91,365
214,92,380
214,93,366
214,94,385
214,95,377
214,96,364
214,97,351
214,98,378
214,99,369
214,100,372
214,101,376
214,102,368
214,103,367
214,104,371
214,105,369
214,106,379
214,107,372
214,108,370
214,109,374
214,110,380
214,111,377
214,112,359
214,113,378
214,114,374
214,115,377
214,116,380
214,117,372
214,118,374
214,119,372
214,120,373
214,121,376
214,122,380
214,123,371
214,124,365
214,125,375
214,126,377
214,127,364
214,128,377
214,129,383
214,130,365
214,131,383
214,132,382
214,133,351
214,134,377
214,135,372
214,136,357
214,137,363
214,138,369
214,139,376
214,140,382
214,141,367
214,142,380
214,143,380
214,144,377
214,145,370
214,146,384
214,147,371
214,148,373
214,149,378
214,150,363
214,151,377
214,152,371
214,153,370
214,154,384
214,155,371
214,156,371
214,157,371
214,158,371
214,159,372
214,160,382
214,161,379
214,162,373
214,163,366
214,164,370
214,165,385
214,166,375
214,167,381
214,168,379
214,169,377
214,170,377
214,171,372
214,172,382
214,173,375
214,174,371
214,175,361
214,176,373
214,177,372
214,178,373
214,179,375
214,180,382
214,181,364
214,182,379
214,183,364
214,184,375
214,185,384
214,186,383
214,187,371
214,188,356
214,189,370
214,190,372
214,191,385
214,192,380
214,193,365
214,194,360
214,195,367
214,196,388
214,197,359
214,198,372
214,199,375
214,200,368
215,1,5
215,2,18
215,3,69
215,4,202
215,5,352
215,6,380
215,7,382
215,8,371
215,9,381
215,10,375
215,11,364
215,12,370
215,13,387
215,14,378
215,15,384
215,16,384
215,17,379
215,18,390
215,19,378
215,20,373
215,21,373
215,22,380
215,23,377
215,24,371
215,25,376
215,26,370
215,27,386
215,28,368
215,29,365
215,30,366
215,31,371
215,32,384
215,33,367
215,34,373
215,35,370
215,36,370
215,37,363
215,38,387
215,39,365
215,40,370
215,41,369
215,42,362
215,43,356
215,44,366
215,45,380
215,46,364
215,47,375
215,48,381
215,49,371
215,50,376
215,51,374
215,52,377
215,53,384
215,54,388
215,55,375
215,56,375
215,57,368
215,58,373
215,59,389
215,60,379
215,61,371
215,62,371
215,63,371
215,64,364
215,65,366
215,66,376
215,67,387
215,68,378
215,69,374
215,70,373
215,71,377
215,72,378
215,73,374
215,74,382
215,75,364
215,76,375
215,77,377
215,78,356
215,79,382
215,80,373
215,81,367
215,82,365
215,83,361
215,84,381
215,85,378
215,86,373
215,87,363
215,88,373
215,89,368
215,90,376
215,91,366
215,92,378
215,93,382
215,94,372
215,95,389
215,96,367
215,97,372
215,98,384
215,99,375
215,100,372
215,101,385
215,102,366
215,103,372
215,104,370
215,105,381
215,106,377
215,107,389
215,108,380
215,109,384
215,110,381
215,111,382
215,112,373
215,113,378
215,114,375
215,115,382
215,116,372
215,117,369
215,118,370
215,119,371
215,120,365
215,121,375
215,122,372
215,123,366
215,124,381
215,125,370
215,126,381
215,127,358
215,128,371
215,129,363
215,130,358
215,131,383
215,132,379
215,133,376
215,134,375
215,135,399
215,136,379
215,137,371
215,138,369
215,139,373
215,140,370
215,141,361
215,142,383
215,143,383
215,144,380
215,145,380
215,146,377
215,147,385
215,148,367
215,149,383
215,150,352
215,151,363
215,152,373
215,153,381
215,154,376
215,155,363
215,156,364
215,157,371
215,158,374
215,159,376
215,160,375
215,161,391
215,162,374
215,163,370
215,164,378
215,165,366
215,166,370
215,167,362
215,168,376
215,169,359
215,170,383
215,171,385
215,172,357
215,173,379
215,174,371
215,175,382
215,176,381
215,177,369
215,178,376
215,179,383
215,180,381
215,181,383
215,182,380
215,183,382
215,184,374
215,185,384
215,186,374
215,187,352
215,188,364
215,189,381
215,190,371
215,191,384
215,192,365
215,193,377
215,194,377
215,195,374
215,196,360
215,197,376
215,198,367
215,199,375
215,200,361
216,1,6
216,2,35
216,3,118
216,4,286
216,5,363
216,6,372
216,7,381
216,8,366
216,9,374
216,10,372
216,11,372
216,12,378
216,13,364
216,14,368
216,15,367
216,16,371
216,17,368
216,18,361
216,19,370
216,20,376
216,21,386
216,22,372
216,23,381
216,24,378
216,25,369
216,26,381
216,27,370
216,28,378
216,29,375
216,30,360
216,31,383
216,32,371
216,33,381
216,34,381
216,35,364
216,36,376
216,37,393
216,38,384
216,39,372
216,40,381
216,41,379
216,42,367
216,43,376
216,44,364
216,45,379
216,46,367
216,47,377
216,48,379
216,49,376
216,50,385
216,51,374
216,52,366
216,53,373
216,54,369
216,55,386
216,56,383
216,57,369
216,58,360
216,59,378
216,60,373
216,61,369
216,62,365
216,63,362
216,64,368
216,65,374
216,66,373
216,67,385
216,68,384
216,69,360
216,70,374
216,71,373
216,72,378
216,73,374
216,74,363
216,75,389
216,76,371
216,77,371
216,78,370
216,79,387
216,80,378
216,81,388
216,82,392
216,83,368
216,84,371
216,85,371
216,86,374
216,87,381
216,88,366
216,89,382
216,90,370
216,91,375
216,92,376
216,93,377
216,94,365
216,95,384
216,96,372
216,97,376
216,98,374
216,99,390
216,100,365
216,101,362
216,102,381
216,103,364
216,104,391
216,105,380
216,106,385
216,107,373
216,108,381
216,109,377
216,110,371
216,111,382
216,112,375
216,113,366
216,114,370
216,115,373
216,116,356
216,117,361
216,118,373
216,119,372
216,120,378
216,121,368
216,122,370
216,123,381
216,124,369
216,125,368
216,126,362
216,127,372
216,128,375
216,129,366
216,130,381
216,131,376
216,132,378
216,133,378
216,134,381
216,135,378
216,136,387
216,137,374
216,138,376
216,139,363
216,140,382
216,141,378
216,142,376
216,143,365
216,144,379
216,145,380
216,146,368
216,147,390
216,148,375
216,149,366
216,150,375
216,151,365
216,152,382
216,153,387
216,154,369
216,155,375
216,156,372
216,157,381
216,158,374
216,159,386
216,160,360
216,161,375
216,162,369
216,163,366
216,164,379
216,165,384
216,166,383
216,167,369
216,168,370
216,169,378
216,170,365
216,171,383
216,172,390
216,173,382
216,174,373
216,175,375
216,176,375
216,177,363
216,178,373
216,179,366
216,180,387
216,181,384
216,182,372
216,183,380
216,184,383
216,185,366
216,186,379
216,187,357
216,188,376
216,189,365
216,190,382
216,191,370
216,192,373
216,193,370
216,194,393
216,195,372
216,196,376
216,197,357
216,198,363
216,199,354
216,200,377
217,1,5
217,2,17
217,3,68
217,4,191
217,5,334
217,6,370
217,7,372
217,8,377
217,9,381
217,10,377
217,11,373
217,12,375
217,13,371
217,14,379
217,15,356
217,16,379
217,17,362
217,18,383
217,19,374
217,20,376
217,21,377
217,22,372
217,23,376
217,24,372
217,25,381
217,26,376
217,27,367
217,28,376
217,29,372
217,30,368
217,31,369
217,32,378
217,33,386
217,34,373
217,35,395
217,36,384
217,37,373
217,38,374
217,39,375
217,40,369
217,41,354
217,42,391
217,43,378
217,44,367
217,45,376
217,46,353
217,47,348
217,48,375
217,49,374
217,50,368
217,51,376
217,52,375
217,53,370
217,54,362
217,55,374
217,56,365
217,57,367
217,58,384
217,59,374
217,60,392
217,61,368
217,62,376
217,63,370
217,64,367
217,65,387
217,66,375
217,67,372
217,68,373
217,69,370
217,70,372
217,71,377
217,72,373
217,73,368
217,74,375
217,75,378
217,76,376
217,77,373
217,78,374
217,79,372
217,80,366
217,81,390
217,82,382
217,83,376
217,84,361
217,85,375
217,86,381
217,87,382
217,88,378
217,89,365
217,90,365
217,91,373
217,92,374
217,93,371
217,94,357
217,95,379
217,96,382
217,97,373
217,98,381
217,99,380
217,100,382
217,101,376
217,102,373
217,103,372
217,104,375
217,105,373
217,106,370
217,107,376
217,108,370
217,109,369
217,110,385
217,111,375
217,112,361
217,113,374
217,114,366
217,115,370
217,116,383
217,117,385
217,118,361
217,119,363
217,120,367
217,121,380
217,122,368
217,123,359
217,124,380
217,125,383
217,126,368
217,127,381
217,128,381
217,129,369
217,130,389
217,131,376
217,132,375
217,133,387
217,134,370
217,135,371
217,136,373
217,137,366
217,138,373
217,139,375
217,140,365
217,141,373
217,142,364
217,143,381
217,144,364
217,145,381
217,146,368
217,147,373
217,148,382
217,149,358
217,150,377
217,151,371
217,152,375
217,153,366
217,154,363
217,155,378
217,156,376
217,157,379
217,158,377
217,159,371
217,160,361
217,161,370
217,162,370
217,163,365
217,164,366
217,165,382
217,166,370
217,167,374
217,168,369
217,169,366
217,170,366
217,171,378
217,172,378
217,173,368
217,174,382
217,175,364
217,176,374
217,177,369
217,178,377
217,179,376
217,180,375
217,181,366
217,182,389
217,183,380
217,184,384
217,185,372
217,186,380
217,187,382
217,188,367
217,189,379
217,190,383
217,191,365
217,192,386
217,193,385
217,194,377
217,195,370
217,196,370
217,197,380
217,198,374
217,199,372
217,200,372
218,1,3
218,2,14
218,3,69
218,4,203
218,5,347
218,6,375
218,7,381
218,8,390
218,9,386
218,10,369
218,11,375
218,12,369
218,13,377
218,14,376
218,15,371
218,16,375
218,17,363
218,18,359
218,19,363
218,20,372
218,21,358
218,22,361
218,23,378
218,24,368
218,25,371
218,26,377
218,27,366
218,28,365
218,29,377
218,30,383
218,31,375
218,32,379
218,33,378
218,34,372
218,35,388
218,36,373
218,37,382
218,38,365
218,39,382
218,40,392
218,41,381
218,42,379
218,43,366
218,44,372
218,45,383
218,46,381
218,47,373
218,48,381
218,49,380
218,50,383
218,51,373
218,52,378
218,53,378
218,54,372
218,55,373
218,56,369
218,57,371
218,58,385
218,59,357
218,60,372
218,61,365
218,62,366
218,63,371
218,64,374
218,65,373
218,66,379
218,67,385
218,68,379
218,69,366
218,70,384
218,71,374
218,72,383
218,73,354
218,74,373
218,75,379
218,76,378
218,77,377
218,78,373
218,79,373
218,80,378
218,81,375
218,82,362
218,83,368
218,84,367
218,85,363
218,86,357
218,87,387
218,88,380
218,89,380
218,90,374
218,91,365
218,92,370
218,93,387
218,94,382
218,95,380
218,96,368
218,97,371
218,98,378
218,99,375
218,100,372
218,101,381
218,102,368
218,103,388
218,104,359
218,105,394
218,106,378
218,107,380
218,108,371
218,109,384
218,110,381
218,111,361
218,112,378
218,113,369
218,114,365
218,115,364
218,116,373
218,117,369
218,118,369
218,119,366
218,120,380
218,121,380
218,122,369
218,123,373
218,124,373
218,125,373
218,126,386
218,127,366
218,128,385
218,129,380
218,130,375
218,131,383
218,132,386
218,133,381
218,134,372
218,135,372
218,136,373
218,137,364
218,138,375
218,139,387
218,140,357
218,141,386
218,142,379
218,143,369
218,144,367
218,145,384
218,146,376
218,147,361
218,148,376
218,149,388
218,150,378
218,151,371
218,152,389
218,153,365
218,154,372
218,155,387
218,156,375
218,157,384
218,158,372
218,159,380
218,160,362
218,161,375
218,162,369
218,163,375
218,164,381
218,165,363
218,166,376
218,167,389
218,168,383
218,169,366
218,170,367
218,171,371
218,172,379
218,173,379
218,174,383
218,175,384
218,176,379
218,177,375
218,178,372
218,179,367
218,180,368
218,181,373
218,182,377
218,183,375
218,184,372
218,185,381
218,186,370
218,187,378
218,188,373
218,189,371
218,190,382
218,191,368
218,192,370
218,193,361
218,194,372
218,195,382
218,196,384
218,197,375
218,198,381
218,199,374
218,200,361
219,1,5
219,2,19
219,3,76
219,4,223
219,5,349
219,6,374
219,7,373
219,8,381
219,9,388
219,10,381
219,11,373
219,12,378
219,13,386
219,14,374
219,15,383
219,16,386
219,17,379
219,18,373
219,19,373
219,20,371
219,21,365
219,22,369
219,23,376
219,24,375
219,25,366
219,26,375
219,27,380
219,28,382
219,29,376
219,30,378
219,31,369
219,32,377
219,33,372
219,34,368
219,35,378
219,36,363
219,37,379
219,38,359
219,39,386
219,40,365
219,41,378
219,42,369
219,43,364
219,44,367
219,45,359
219,46,369
219,47,370
219,48,372
219,49,376
219,50,378
219,51,367
219,52,375
219,53,373
219,54,381
219,55,376
219,56,376
219,57,364
219,58,375
219,59,374
219,60,389
219,61,373
219,62,381
219,63,366
219,64,368
219,65,380
219,66,361
219,67,381
219,68,362
219,69,373
219,70,375
219,71,377
219,72,379
219,73,371
219,74,368
219,75,372
219,76,394
219,77,371
219,78,385
219,79,378
219,80,376
219,81,369
219,82,373
219,83,370
219,84,367
219,85,372
219,86,374
219,87,379
219,88,365
219,89,380
219,90,382
219,91,382
219,92,362
219,93,352
219,94,361
219,95,369
219,96,352
219,97,384
219,98,365
219,99,370
219,100,382
219,101,381
219,102,358
219,103,388
219,104,371
219,105,372
219,106,376
219,107,365
219,108,368
219,109,377
219,110,370
219,111,386
219,112,366
219,113,374
219,114,367
219,115,369
219,116,379
219,117,374
219,118,366
219,119,371
219,120,381
219,121,384
219,122,379
219,123,372
219,124,383
219,125,389
219,126,384
219,127,375
219,128,388
219,129,361
219,130,375
219,131,373
219,132,376
219,133,376
219,134,367
219,135,378
219,136,381
219,137,380
219,138,361
219,139,383
219,140,368
219,141,366
219,142,370
219,143,379
219,144,382
219,145,371
219,146,380
219,147,372
219,148,376
219,149,373
219,150,364
219,151,376
219,152,364
219,153,373
219,154,379
219,155,370
219,156,373
219,157,369
219,158,363
219,159,378
219,160,375
219,161,378
219,162,377
219,163,362
219,164,365
219,165,366
219,166,369
219,167,384
219,168,363
219,169,366
219,170,369
219,171,370
219,172,372
219,173,379
219,174,370
219,175,373
219,176,384
219,177,382
219,178,371
219,179,378
219,180,366
219,181,380
219,182,379
219,183,367
219,184,380
219,185,372
219,186,380
219,187,373
219,188,383
219,189,374
219,190,369
219,191,366
219,192,369
219,193,380
219,194,371
219,195,374
219,196,368
219,197,376
219,198,377
219,199,375
219,200,374
220,1,4
220,2,16
220,3,67
220,4,206
220,5,352
220,6,378
220,7,383
220,8,382
220,9,366
220,10,371
220,11,367
220,12,363
220,13,372
220,14,371
220,15,374
220,16,380
220,17,375
220,18,375
220,19,363
220,20,366
220,21,374
220,22,386
220,23,370
220,24,368
220,25,382
220,26,390
220,27,373
220,28,376
220,29,387
220,30,373
220,31,377
220,32,377
220,33,380
220,34,366
220,35,375
220,36,393
220,37,366
220,38,371
220,39,376
220,40,383
220,41,375
220,42,380
220,43,362
220,44,374
220,45,367
220,46,372
220,47,355
220,48,384
220,49,381
220,50,367
220,51,381
220,52,360
220,53,383
220,54,380
220,55,382
220,56,369
220,57,373
220,58,369
220,59,371
220,60,371
220,61,379
220,62,378
220,63,377
220,64,368
220,65,378
220,66,376
220,67,372
220,68,376
220,69,374
220,70,368
220,71,380
220,72,385
220,73,366
220,74,370
220,75,362
220,76,374
220,77,383
220,78,369
220,79,370
220,80,389
220,81,376
220,82,383
220,83,382
220,84,367
220,85,382
220,86,361
220,87,389
220,88,371
220,89,369
220,90,376
220,91,372
220,92,377
220,93,390
220,94,367
220,95,376
220,96,384
220,97,362
220,98,367
220,99,380
220,100,369
220,101,377
220,102,370
220,103,377
220,104,384
220,105,370
220,106,364
220,107,378
220,108,374
220,109,371
220,110,381
220,111,369
220,112,374
220,113,370
220,114,367
220,115,364
220,116,389
220,117,368
220,118,366
220,119,384
220,120,370
220,121,374
220,122,382
220,123,369
220,124,366
220,125,359
220,126,381
220,127,383
220,128,372
220,129,377
220,130,377
220,131,364
220,132,381
220,133,369
220,134,374
220,135,367
220,136,380
220,137,369
220,138,379
220,139,369
220,140,376
220,141,370
220,142,378
220,143,386
220,144,381
220,145,383
220,146,378
220,147,371
220,148,375
220,149,368
220,150,375
220,151,379
220,152,378
220,153,365
220,154,387
220,155,377
220,156,375
220,157,383
220,158,366
220,159,362
220,160,377
220,161,362
220,162,375
220,163,386
220,164,381
220,165,372
220,166,374
220,167,361
220,168,377
220,169,392
220,170,371
220,171,389
220,172,365
220,173,378
220,174,387
220,175,378
220,176,370
220,177,370
220,178,374
220,179,371
220,180,372
220,181,371
220,182,374
220,183,366
220,184,373
220,185,372
220,186,384
220,187,375
220,188,374
220,189,365
220,190,378
220,191,387
220,192,368
220,193,374
220,194,370
220,195,373
220,196,385
220,197,368
220,198,373
220,199,374
220,200,377
221,1,5
221,2,25
221,3,97
221,4,236
221,5,347
221,6,375
221,7,362
221,8,375
221,9,375
221,10,374
221,11,386
221,12,373
221,13,382
221,14,371
221,15,370
221,16,372
221,17,372
221,18,374
221,19,370
221,20,366
221,21,370
221,22,365
221,23,369
221,24,374
221,25,370
221,26,374
221,27,369
221,28,371
221,29,373
221,30,374
221,31,366
221,32,365
221,33,379
221,34,377
221,35,381
221,36,389
221,37,366
221,38,372
221,39,376
221,40,369
221,41,378
221,42,376
221,43,374
221,44,382
221,45,373
221,46,368
221,47,379
221,48,379
221,49,385
221,50,383
221,51,365
221,52,373
221,53,362
221,54,388
221,55,381
221,56,388
221,57,384
221,58,375
221,59,380
221,60,368
221,61,364
221,62,388
221,63,372
221,64,370
221,65,380
221,66,376
221,67,371
221,68,379
221,69,378
221,70,366
221,71,382
221,72,371
221,73,376
221,74,380
221,75,383
221,76,377
221,77,376
221,78,381
221,79,374
221,80,365
221,81,376
221,82,383
221,83,377
221,84,374
221,85,366
221,86,378
221,87,380
221,88,377
221,89,371
221,90,389
221,91,364
221,92,364
221,93,367
221,94,378
221,95,385
221,96,364
221,97,362
221,98,362
221,99,364
221,100,376
221,101,373
221,102,376
221,103,363
221,104,371
221,105,368
221,106,372
221,107,372
221,108,361
221,109,389
221,110,372
221,111,376
221,112,375
221,113,379
221,114,375
221,115,373
221,116,372
221,117,387
221,118,350
221,119,372
221,120,373
221,121,381
221,122,384
221,123,368
221,124,377
221,125,384
221,126,368
221,127,372
221,128,373
221,129,382
221,130,370
221,131,383
221,132,374
221,133,367
221,134,374
221,135,377
221,136,385
221,137,366
221,138,368
221,139,367
221,140,366
221,141,374
221,142,381
221,143,370
221,144,385
221,145,368
221,146,382
221,147,369
221,148,382
221,149,366
221,150,384
221,151,349
221,152,371
221,153,366
221,154,372
221,155,377
221,156,386
221,157,384
221,158,383
221,159,367
221,160,373
221,161,384
221,162,362
221,163,384
221,164,382
221,165,374
221,166,370
221,167,378
221,168,372
221,169,355
221,170,365
221,171,383
221,172,369
221,173,371
221,174,374
221,175,385
221,176,364
221,177,382
221,178,377
221,179,381
221,180,362
221,181,376
221,182,373
221,183,368
221,184,375
221,185,374
221,186,365
221,187,383
221,188,370
221,189,385
221,190,373
221,191,372
221,192,364
221,193,377
221,194,377
221,195,367
221,196,371
221,197,379
221,198,369
221,199,364
221,200,373
222,1,1
222,2,2
222,3,2
222,4,4
222,5,19
222,6,78
222,7,218
222,8,341
222,9,371
222,10,372
222,11,388
222,12,371
222,13,350
222,14,374
222,15,361
222,16,373
222,17,368
222,18,372
222,19,373
222,20,378
222,21,370
222,22,374
222,23,380
222,24,358
222,25,370
222,26,368
222,27,381
222,28,374
222,29,373
222,30,365
222,31,372
222,32,377
222,33,375
222,34,373
222,35,376
222,36,367
222,37,377
222,38,371
222,39,369
222,40,375
222,41,378
222,42,367
222,43,377
222,44,372
222,45,375
222,46,375
222,47,364
222,48,381
222,49,379
222,50,370
222,51,383
222,52,362
222,53,368
222,54,368
222,55,373
222,56,376
222,57,380
222,58,368
222,59,387
222,60,383
222,61,383
222,62,367
222,63,377
222,64,382
222,65,391
222,66,370
222,67,389
222,68,382
222,69,373
222,70,381
222,71,377
222,72,371
222,73,375
222,74,366
222,75,372
222,76,363
222,77,382
222,78,362
222,79,387
222,80,375
222,81,385
222,82,370
222,83,375
222,84,383
222,85,375
222,86,384
222,87,386
222,88,380
222,89,365
222,90,384
222,91,370
222,92,390
222,93,389
222,94,376
222,95,369
222,96,375
222,97,387
222,98,389
222,99,372
222,100,388
222,101,380
222,102,381
222,103,375
222,104,378
222,105,379
222,106,372
222,107,367
222,108,384
222,109,374
222,110,375
222,111,373
222,112,375
222,113,372
222,114,376
222,115,385
222,116,369
222,117,363
222,118,383
222,119,367
222,120,380
222,121,376
222,122,375
222,123,384
222,124,374
222,125,378
222,126,388
222,127,355
222,128,373
222,129,377
222,130,363
222,131,365
222,132,378
222,133,376
222,134,373
222,135,383
222,136,383
222,137,381
222,138,365
222,139,379
222,140,389
222,141,374
222,142,382
222,143,369
222,144,365
222,145,398
222,146,388
222,147,359
222,148,370
222,149,373
222,150,383
222,151,372
222,152,366
222,153,376
222,154,379
222,155,380
222,156,387
222,157,374
222,158,375
222,159,375
222,160,377
222,161,364
222,162,375
222,163,380
222,164,383
222,165,383
222,166,369
222,167,368
222,168,381
222,169,368
222,170,368
222,171,379
222,172,376
222,173,375
222,174,381
222,175,388
222,176,372
222,177,380
222,178,375
222,179,369
222,180,354
222,181,368
222,182,382
222,183,380
222,184,369
222,185,374
222,186,385
222,187,380
222,188,356
222,189,373
222,190,382
222,191,374
222,192,378
222,193,386
222,194,394
222,195,364
222,196,365
222,197,375
222,198,383
222,199,376
222,200,370
223,1,6
223,2,31
223,3,109
223,4,274
223,5,354
223,6,359
223,7,380
223,8,381
223,9,365
223,10,377
223,11,367
223,12,381
223,13,374
223,14,364
223,15,372
223,16,371
223,17,372
223,18,382
223,19,372
223,20,372
223,21,355
223,22,381
223,23,366
223,24,373
223,25,381
223,26,377
223,27,367
223,28,388
223,29,378
223,30,378
223,31,363
223,32,373
223,33,384
223,34,374
223,35,374
223,36,391
223,37,377
223,38,359
223,39,369
223,40,373
223,41,375
223,42,382
223,43,369
223,44,369
223,45,366
223,46,371
223,47,378
223,48,372
223,49,377
223,50,383
223,51,366
223,52,379
223,53,367
223,54,379
223,55,371
223,56,367
223,57,370
223,58,371
223,59,375
223,60,370
223,61,367
223,62,374
223,63,388
223,64,368
223,65,378
223,66,374
223,67,362
223,68,367
223,69,381
223,70,371
223,71,366
223,72,366
223,73,376
223,74,379
223,75,384
223,76,376
223,77,375
223,78,367
223,79,378
223,80,376
223,81,380
223,82,367
223,83,356
223,84,379
223,85,382
223,86,379
223,87,369
223,88,379
223,89,374
223,90,372
223,91,369
223,92,378
223,93,375
223,94,385
223,95,384
223,96,376
223,97,372
223,98,371
223,99,379
223,100,369
223,101,363
223,102,375
223,103,387
223,104,384
223,105,369
223,106,385
223,107,371
223,108,373
223,109,389
223,110,379
223,111,361
223,112,363
223,113,366
223,114,375
223,115,391
223,116,375
223,117,359
223,118,374
223,119,369
223,120,371
223,121,374
223,122,381
223,123,376
223,124,370
223,125,364
223,126,367
223,127,367
223,128,368
223,129,372
223,130,373
223,131,380
223,132,382
223,133,365
223,134,374
223,135,366
223,136,374
223,137,375
223,138,372
223,139,375
223,140,370
223,141,379
223,142,364
223,143,379
223,144,368
223,145,371
223,146,373
223,147,373
223,148,380
223,149,366
223,150,368
223,151,359
223,152,368
223,153,369
223,154,368
223,155,373
223,156,380
223,157,373
223,158,383
223,159,376
223,160,365
223,161,360
223,162,387
223,163,361
223,164,374
223,165,360
223,166,376
223,167,379
223,168,384
223,169,379
223,170,380
223,171,381
223,172,378
223,173,373
223,174,371
223,175,378
223,176,377
223,177,371
223,178,382
223,179,380
223,180,378
223,181,352
223,182,375
223,183,368
223,184,375
223,185,388
223,186,376
223,187,375
223,188,365
223,189,369
223,190,365
223,191,381
223,192,363
223,193,381
223,194,372
223,195,373
223,196,380
223,197,370
223,198,375
223,199,378
223,200,377
224,1,10
224,2,37
224,3,115
224,4,278
224,5,355
224,6,366
224,7,365
224,8,376
224,9,361
224,10,372
224,11,375
224,12,378
224,13,371
224,14,377
224,15,375
224,16,362
224,17,368
224,18,382
224,19,362
224,20,377
224,21,371
224,22,385
224,23,373
224,24,378
224,25,372
224,26,370
224,27,363
224,28,388
224,29,374
224,30,375
224,31,368
224,32,367
224,33,375
224,34,384
224,35,370
224,36,375
224,37,373
224,38,373
224,39,380
224,40,381
224,41,372
224,42,363
224,43,382
224,44,365
224,45,375
224,46,376
224,47,385
224,48,367
224,49,355
224,50,370
224,51,376
224,52,369
224,53,380
224,54,379
224,55,377
224,56,386
224,57,372
224,58,357
224,59,381
224,60,369
224,61,366
224,62,378
224,63,382
224,64,384
224,65,384
224,66,372
224,67,379
224,68,373
224,69,364
224,70,376
224,71,369
224,72,380
224,73,377
224,74,387
224,75,371
224,76,386
224,77,367
224,78,373
224,79,375
224,80,389
224,81,397
224,82,376
224,83,368
224,84,373
224,85,360
224,86,368
224,87,363
224,88,366
224,89,379
224,90,367
224,91,375
224,92,368
224,93,381
224,94,375
224,95,363
224,96,379
224,97,391
224,98,387
224,99,373
224,100,378
224,101,368
224,102,363
224,103,377
224,104,363
224,105,378
224,106,375
224,107,370
224,108,388
224,109,380
224,110,377
224,111,371
224,112,356
224,113,365
224,114,381
224,115,385
224,116,373
224,117,376
224,118,366
224,119,379
224,120,373
224,121,380
224,122,374
224,123,372
224,124,374
224,125,377
224,126,364
224,127,379
224,128,384
224,129,373
224,130,364
224,131,364
224,132,375
224,133,364
224,134,372
224,135,366
224,136,374
224,137,369
224,138,369
224,139,372
224,140,378
224,141,367
224,142,376
224,143,379
224,144,371
224,145,387
224,146,364
224,147,380
224,148,373
224,149,377
224,150,362
224,151,381
224,152,366
224,153,371
224,154,375
224,155,385
224,156,362
224,157,373
224,158,372
224,159,366
224,160,381
224,161,362
224,162,380
224,163,389
224,164,376
224,165,371
224,166,374
224,167,380
224,168,370
224,169,380
224,170,371
224,171,371
224,172,364
224,173,368
224,174,371
224,175,378
224,176,377
224,177,367
224,178,372
224,179,379
224,180,378
224,181,371
224,182,381
224,183,374
224,184,380
224,185,376
224,186,390
224,187,366
224,188,377
224,189,374
224,190,377
224,191,392
224,192,384
224,193,372
224,194,376
224,195,376
224,196,383
224,197,382
224,198,383
224,199,373
224,200,375
225,1,6
225,2,19
225,3,66
225,4,210
225,5,347
225,6,367
225,7,367
225,8,376
225,9,364
225,10,371
225,11,380
225,12,380
225,13,367
225,14,372
225,15,379
225,16,374
225,17,370
225,18,383
225,19,360
225,20,383
225,21,368
225,22,363
225,23,362
225,24,361
225,25,370
225,26,372
225,27,385
225,28,371
225,29,365
225,30,365
225,31,373
225,32,359
225,33,376
225,34,380
225,35,366
225,36,387
225,37,387
225,38,378
225,39,375
225,40,387
225,41,381
225,42,379
225,43,379
225,44,374
225,45,377
225,46,366
225,47,371
225,48,370
225,49,380
225,50,369
225,51,376
225,52,379
225,53,371
225,54,383
225,55,380
225,56,374
225,57,385
225,58,364
225,59,374
225,60,364
225,61,370
225,62,384
225,63,383
225,64,369
225,65,371
225,66,368
225,67,379
225,68,366
225,69,374
225,70,374
225,71,370
225,72,372
225,73,381
225,74,372
225,75,369
225,76,369
225,77,382
225,78,367
225,79,381
225,80,393
225,81,376
225,82,381
225,83,377
225,84,372
225,85,376
225,86,377
225,87,390
225,88,382
225,89,390
225,90,391
225,91,377
225,92,384
225,93,385
225,94,368
225,95,369
225,96,364
225,97,373
225,98,394
225,99,372
225,100,382
225,101,380
225,102,367
225,103,375
225,104,362
225,105,385
225,106,384
225,107,379
225,108,378
225,109,369
225,110,373
225,111,391
225,112,371
225,113,371
225,114,372
225,115,369
225,116,372
225,117,382
225,118,384
225,119,372
225,120,371
225,121,375
225,122,374
225,123,378
225,124,378
225,125,368
225,126,376
225,127,376
225,128,376
225,129,373
225,130,381
225,131,376
225,132,363
225,133,377
225,134,376
225,135,380
225,136,372
225,137,375
225,138,380
225,139,375
225,140,369
225,141,369
225,142,374
225,143,383
225,144,378
225,145,364
225,146,365
225,147,382
225,148,378
225,149,376
225,150,376
225,151,368
225,152,372
225,153,378
225,154,378
225,155,361
225,156,358
225,157,373
225,158,378
225,159,383
225,160,364
225,161,379
225,162,369
225,163,376
225,164,376
225,165,383
225,166,368
225,167,368
225,168,371
225,169,372
225,170,379
225,171,385
225,172,369
225,173,367
225,174,378
225,175,373
225,176,378
225,177,382
225,178,386
225,179,381
225,180,386
225,181,370
225,182,378
225,183,365
225,184,390
225,185,375
225,186,385
225,187,375
225,188,367
225,189,373
225,190,375
225,191,366
225,192,374
225,193,370
225,194,385
225,195,380
225,196,361
225,197,372
225,198,371
225,199,373
225,200,374
226,1,3
226,2,13
226,3,51
226,4,155
226,5,337
226,6,377
226,7,377
226,8,368
226,9,371
226,10,363
226,11,361
226,12,371
226,13,355
226,14,376
226,15,375
226,16,379
226,17,382
226,18,375
226,19,377
226,20,377
226,21,384
226,22,378
226,23,385
226,24,363
226,25,371
226,26,375
226,27,369
226,28,382
226,29,371
226,30,376
226,31,380
226,32,372
226,33,379
226,34,372
226,35,379
226,36,385
226,37,375
226,38,378
226,39,391
226,40,372
226,41,375
226,42,386
226,43,373
226,44,374
226,45,387
226,46,380
226,47,359
226,48,371
226,49,363
226,50,383
226,51,377
226,52,381
226,53,367
226,54,374
226,55,368
226,56,364
226,57,361
226,58,371
226,59,374
226,60,397
226,61,376
226,62,383
226,63,363
226,64,388
226,65,373
226,66,376
226,67,381
226,68,383
226,69,380
226,70,366
226,71,374
226,72,372
226,73,381
226,74,371
226,75,369
226,76,372
226,77,384
226,78,394
226,79,391
226,80,380
226,81,373
226,82,387
226,83,380
226,84,369
226,85,378
226,86,380
226,87,367
226,88,369
226,89,373
226,90,385
226,91,370
226,92,369
226,93,379
226,94,386
226,95,375
226,96,370
226,97,370
226,98,372
226,99,357
226,100,374
226,101,378
226,102,373
226,103,370
226,104,373
226,105,370
226,106,383
226,107,371
226,108,378
226,109,377
226,110,385
226,111,362
226,112,366
226,113,373
226,114,376
226,115,372
226,116,371
226,117,377
226,118,350
226,119,376
226,120,373
226,121,380
226,122,378
226,123,366
226,124,366
226,125,360
226,126,394
226,127,384
226,128,377
226,129,381
226,130,362
226,131,358
226,132,380
226,133,369
226,134,369
226,135,375
226,136,385
226,137,367
226,138,373
226,139,377
226,140,386
226,141,375
226,142,374
226,143,372
226,144,381
226,145,380
226,146,369
226,147,375
226,148,387
226,149,370
226,150,380
226,151,379
226,152,376
226,153,376
226,154,369
226,155,384
226,156,379
226,157,370
226,158,366
226,159,378
226,160,382
226,161,378
226,162,383
226,163,367
226,164,375
226,165,377
226,166,376
226,167,372
226,168,386
226,169,372
226,170,369
226,171,376
226,172,379
226,173,392
226,174,366
226,175,368
226,176,387
226,177,374
226,178,367
226,179,376
226,180,376
226,181,376
226,182,393
226,183,376
226,184,373
226,185,376
226,186,380
226,187,367
226,188,368
226,189,376
226,190,373
226,191,379
226,192,375
226,193,355
226,194,382
226,195,369
226,196,374
226,197,370
226,198,374
226,199,361
226,200,370
227,1,6
227,2,25
227,3,94
227,4,239
227,5,352
227,6,364
227,7,373
227,8,373
227,9,370
227,10,364
227,11,372
227,12,357
227,13,388
227,14,365
227,15,367
227,16,366
227,17,362
227,18,378
227,19,389
227,20,370
227,21,379
227,22,384
227,23,384
227,24,374
227,25,380
227,26,373
227,27,364
227,28,379
227,29,381
227,30,377
227,31,373
227,32,380
227,33,369
227,34,371
227,35,392
227,36,376
227,37,382
227,38,385
227,39,378
227,40,379
227,41,372
227,42,369
227,43,382
227,44,370
227,45,374
227,46,378
227,47,381
227,48,372
227,49,375
227,50,366
227,51,369
227,52,380
227,53,368
227,54,384
227,55,380
227,56,354
227,57,375
227,58,364
227,59,367
227,60,373
227,61,365
227,62,377
227,63,355
227,64,366
227,65,385
227,66,355
227,67,376
227,68,362
227,69,392
227,70,371
227,71,368
227,72,357
227,73,369
227,74,381
227,75,368
227,76,367
227,77,379
227,78,374
227,79,374
227,80,375
227,81,379
227,82,365
227,83,372
227,84,371
227,85,376
227,86,366
227,87,372
227,88,373
227,89,369
227,90,379
227,91,377
227,92,382
227,93,376
227,94,378
227,95,363
227,96,376
227,97,386
227,98,369
227,99,359
227,100,366
227,101,374
227,102,366
227,103,387
227,104,368
227,105,384
227,106,362
227,107,379
227,108,363
227,109,366
227,110,383
227,111,372
227,112,373
227,113,366
227,114,363
227,115,370
227,116,375
227,117,387
227,118,367
227,119,379
227,120,379
227,121,382
227,122,381
227,123,376
227,124,374
227,125,373
227,126,366
227,127,371
227,128,379
227,129,370
227,130,374
227,131,374
227,132,379
227,133,369
227,134,378
227,135,378
227,136,379
227,137,381
227,138,370
227,139,375
227,140,387
227,141,368
227,142,372
227,143,368
227,144,376
227,145,360
227,146,370
227,147,371
227,148,377
227,149,367
227,150,368
227,151,371
227,152,371
227,153,369
227,154,382
227,155,380
227,156,374
227,157,373
227,158,381
227,159,379
227,160,382
227,161,370
227,162,369
227,163,377
227,164,373
227,165,378
227,166,373
227,167,365
227,168,371
227,169,367
227,170,369
227,171,387
227,172,363
227,173,379
227,174,373
227,175,372
227,176,373
227,177,374
227,178,368
227,179,381
227,180,362
227,181,374
227,182,374
227,183,377
227,184,369
227,185,369
227,186,378
227,187,388
227,188,372
227,189,379
227,190,381
227,191,369
227,192,374
227,193,372
227,194,384
227,195,373
227,196,360
227,197,378
227,198,380
227,199,368
227,200,379
228,1,7
228,2,35
228,3,118
228,4,292
228,5,371
228,6,377
228,7,375
228,8,376
228,9,358
228,10,380
228,11,370
228,12,374
228,13,382
228,14,382
228,15,375
228,16,370
228,17,376
228,18,366
228,19,378
228,20,380
228,21,374
228,22,384
228,23,369
228,24,378
228,25,380
228,26,370
228,27,376
228,28,372
228,29,368
228,30,372
228,31,364
228,32,354
228,33,379
228,34,379
228,35,378
228,36,383
228,37,371
228,38,373
228,39,378
228,40,371
228,41,374
228,42,361
228,43,360
228,44,370
228,45,374
228,46,390
228,47,369
228,48,373
228,49,383
228,50,371
228,51,365
228,52,386
228,53,378
228,54,378
228,55,365
228,56,385
228,57,370
228,58,370
228,59,383
228,60,376
228,61,359
228,62,374
228,63,363
228,64,363
228,65,375
228,66,373
228,67,385
228,68,367
228,69,393
228,70,378
228,71,387
228,72,377
228,73,366
228,74,368
228,75,364
228,76,365
228,77,376
228,78,379
228,79,375
228,80,371
228,81,378
228,82,380
228,83,372
228,84,378
228,85,367
228,86,368
228,87,372
228,88,373
228,89,364
228,90,379
228,91,368
228,92,384
228,93,372
228,94,377
228,95,380
228,96,361
228,97,376
228,98,378
228,99,377
228,100,385
228,101,362
228,102,378
228,103,374
228,104,360
228,105,374
228,106,377
228,107,379
228,108,377
228,109,358
228,110,385
228,111,383
228,112,378
228,113,379
228,114,377
228,115,376
228,116,357
228,117,377
228,118,360
228,119,369
228,120,369
228,121,382
228,122,374
228,123,364
228,124,375
228,125,380
228,126,373
228,127,361
228,128,386
228,129,372
228,130,379
228,131,368
228,132,377
228,133,376
228,134,382
228,135,382
228,136,374
228,137,378
228,138,383
228,139,372
228,140,374
228,141,387
228,142,381
228,143,382
228,144,382
228,145,384
228,146,374
228,147,373
228,148,378
228,149,370
228,150,368
228,151,373
228,152,373
228,153,374
228,154,368
228,155,390
228,156,371
228,157,384
228,158,372
228,159,394
228,160,379
228,161,387
228,162,381
228,163,368
228,164,379
228,165,366
228,166,362
228,167,374
228,168,370
228,169,370
228,170,380
228,171,382
228,172,373
228,173,372
228,174,390
228,175,376
228,176,370
228,177,370
228,178,376
228,179,371
228,180,379
228,181,377
228,182,362
228,183,377
228,184,371
228,185,389
228,186,371
228,187,377
228,188,379
228,189,371
228,190,397
228,191,372
228,192,382
228,193,369
228,194,376
228,195,371
228,196,376
228,197,372
228,198,378
228,199,361
228,200,383
229,1,4
229,2,18
229,3,72
229,4,211
229,5,343
229,6,379
229,7,368
229,8,385
229,9,375
229,10,367
229,11,370
229,12,396
229,13,381
229,14,363
229,15,368
229,16,379
229,17,387
229,18,371
229,19,377
229,20,388
229,21,364
229,22,349
229,23,366
229,24,367
229,25,365
229,26,372
229,27,376
229,28,372
229,29,370
229,30,374
229,31,368
229,32,375
229,33,366
229,34,360
229,35,379
229,36,373
229,37,373
229,38,382
229,39,372
229,40,378
229,41,368
229,42,365
229,43,372
229,44,374
229,45,370
229,46,372
229,47,375
229,48,368
229,49,374
229,50,369
229,51,360
229,52,398
229,53,374
229,54,396
229,55,374
229,56,377
229,57,363
229,58,384
229,59,388
229,60,374
229,61,368
229,62,376
229,63,382
229,64,380
229,65,366
229,66,367
229,67,370
229,68,376
229,69,374
229,70,371
229,71,363
229,72,381
229,73,367
229,74,377
229,75,373
229,76,376
229,77,377
229,78,382
229,79,372
229,80,383
229,81,378
229,82,375
229,83,367
229,84,364
229,85,367
229,86,382
229,87,372
229,88,381
229,89,372
229,90,356
229,91,378
229,92,366
229,93,379
229,94,367
229,95,370
229,96,369
229,97,380
229,98,360
229,99,376
229,100,369
229,101,377
229,102,366
229,103,376
229,104,364
229,105,379
229,106,365
229,107,366
229,108,371
229,109,381
229,110,349
229,111,369
229,112,376
229,113,354
229,114,374
229,115,379
229,116,377
229,117,374
229,118,379
229,119,374
229,120,386
229,121,364
229,122,372
229,123,386
229,124,364
229,125,376
229,126,378
229,127,382
229,128,381
229,129,370
229,130,376
229,131,376
229,132,376
229,133,385
229,134,366
229,135,356
229,136,382
229,137,379
229,138,391
229,139,378
229,140,382
229,141,375
229,142,372
229,143,378
229,144,366
229,145,375
229,146,386
229,147,384
229,148,377
229,149,389
229,150,374
229,151,371
229,152,377
229,153,362
229,154,379
229,155,362
229,156,380
229,157,368
229,158,364
229,159,377
229,160,368
229,161,380
229,162,372
229,163,377
229,164,385
229,165,394
229,166,365
229,167,380
229,168,377
229,169,376
229,170,379
229,171,376
229,172,364
229,173,360
229,174,369
229,175,374
229,176,377
229,177,374
229,178,374
229,179,365
229,180,382
229,181,376
229,182,375
229,183,370
229,184,375
229,185,386
229,186,378
229,187,378
229,188,379
229,189,380
229,190,368
229,191,368
229,192,389
229,193,379
229,194,389
229,195,350
229,196,374
229,197,366
229,198,360
229,199,380
229,200,381
230,1,4
230,2,11
230,3,46
230,4,153
230,5,312
230,6,357
230,7,368
230,8,376
230,9,369
230,10,372
230,11,373
230,12,371
230,13,373
230,14,372
230,15,376
230,16,361
230,17,378
230,18,391
230,19,380
230,20,372
230,21,371
230,22,375
230,23,364
230,24,367
230,25,375
230,26,372
230,27,367
230,28,375
230,29,384
230,30,386
230,31,381
230,32,354
230,33,376
230,34,378
230,35,378
230,36,367
230,37,370
230,38,379
230,39,372
230,40,353
230,41,380
230,42,370
230,43,367
230,44,361
230,45,372
230,46,364
230,47,378
230,48,371
230,49,383
230,50,374
230,51,370
230,52,373
230,53,372
230,54,363
230,55,384
230,56,356
230,57,376
230,58,382
230,59,367
230,60,385
230,61,364
230,62,380
230,63,376
230,64,362
230,65,379
230,66,372
230,67,387
230,68,368
230,69,370
230,70,385
230,71,372
230,72,379
230,73,385
230,74,388
230,75,389
230,76,379
230,77,385
230,78,369
230,79,375
230,80,372
230,81,376
230,82,384
230,83,364
230,84,381
230,85,375
230,86,386
230,87,376
230,88,384
230,89,372
230,90,361
230,91,388
230,92,365
230,93,368
230,94,371
230,95,380
230,96,368
230,97,375
230,98,381
230,99,372
230,100,377
230,101,359
230,102,381
230,103,376
230,104,381
230,105,375
230,106,381
230,107,364
230,108,371
230,109,384
230,110,374
230,111,373
230,112,360
230,113,378
230,114,361
230,115,356
230,116,389
230,117,386
230,118,374
230,119,374
230,120,379
230,121,380
230,122,381
230,123,369
230,124,378
230,125,385
230,126,374
230,127,381
230,128,372
230,129,353
230,130,369
230,131,365
230,132,376
230,133,380
230,134,375
230,135,370
230,136,380
230,137,368
230,138,371
230,139,371
230,140,373
230,141,371
230,142,376
230,143,379
230,144,370
230,145,372
230,146,379
230,147,370
230,148,371
230,149,378
230,150,378
230,151,367
230,152,380
230,153,367
230,154,376
230,155,376
230,156,371
230,157,386
230,158,361
230,159,363
230,160,373
230,161,376
230,162,366
230,163,379
230,164,374
230,165,385
230,166,379
230,167,377
230,168,375
230,169,379
230,170,380
230,171,368
230,172,365
230,173,361
230,174,374
230,175,372
230,176,379
230,177,379
230,178,380
230,179,374
230,180,378
230,181,371
230,182,388
230,183,376
230,184,377
230,185,367
230,186,370
230,187,383
230,188,386
230,189,385
230,190,386
230,191,368
230,192,367
230,193,361
230,194,366
230,195,363
230,196,381
230,197,367
230,198,379
230,199,360
230,200,359
231,1,5
231,2,25
231,3,94
231,4,235
231,5,364
231,6,370
231,7,374
231,8,381
231,9,388
231,10,375
231,11,376
231,12,370
231,13,362
231,14,364
231,15,393
231,16,377
231,17,369
231,18,365
231,19,363
231,20,362
231,21,380
231,22,379
231,23,384
231,24,366
231,25,384
231,26,391
231,27,380
231,28,383
231,29,382
231,30,369
231,31,361
231,32,372
231,33,373
231,34,377
231,35,388
231,36,382
231,37,367
231,38,369
231,39,362
231,40,376
231,41,379
231,42,374
231,43,360
231,44,369
231,45,371
231,46,386
231,47,383
231,48,372
231,49,377
231,50,371
231,51,372
231,52,377
231,53,368
231,54,384
231,55,363
231,56,378
231,57,370
231,58,372
231,59,372
231,60,379
231,61,378
231,62,375
231,63,366
231,64,372
231,65,372
231,66,378
231,67,366
231,68,378
231,69,368
231,70,395
231,71,376
231,72,385
231,73,364
231,74,382
231,75,362
231,76,368
231,77,371
231,78,367
231,79,367
231,80,374
231,81,357
231,82,376
231,83,360
231,84,365
231,85,369
231,86,372
231,87,382
231,88,376
231,89,370
231,90,379
231,91,373
231,92,370
231,93,380
231,94,384
231,95,369
231,96,376
231,97,366
231,98,377
231,99,369
231,100,381
231,101,371
231,102,364
231,103,379
231,104,366
231,105,385
231,106,376
231,107,367
231,108,382
231,109,370
231,110,379
231,111,376
231,112,381
231,113,360
231,114,362
231,115,370
231,116,375
231,117,371
231,118,375
231,119,374
231,120,372
231,121,364
231,122,364
231,123,371
231,124,373
231,125,369
231,126,385
231,127,373
231,128,362
231,129,365
231,130,379
231,131,368
231,132,372
231,133,377
231,134,368
231,135,374
231,136,376
231,137,374
231,138,367
231,139,381
231,140,389
231,141,377
231,142,373
231,143,370
231,144,378
231,145,357
231,146,374
231,147,373
231,148,387
231,149,372
231,150,371
231,151,353
231,152,378
231,153,384
231,154,373
231,155,373
231,156,370
231,157,385
231,158,363
231,159,371
231,160,368
231,161,372
231,162,392
231,163,389
231,164,377
231,165,382
231,166,382
231,167,358
231,168,373
231,169,380
231,170,382
231,171,360
231,172,386
231,173,372
231,174,368
231,175,372
231,176,358
231,177,361
231,178,375
231,179,374
231,180,384
231,181,371
231,182,385
231,183,391
231,184,372
231,185,378
231,186,367
231,187,371
231,188,377
231,189,384
231,190,365
231,191,380
231,192,374
231,193,371
231,194,372
231,195,379
231,196,373
231,197,379
231,198,370
231,199,369
231,200,380
232,1,4
232,2,15
232,3,53
232,4,157
232,5,304
232,6,375
232,7,387
232,8,382
232,9,370
232,10,354
232,11,374
232,12,376
232,13,381
232,14,380
232,15,370
232,16,371
232,17,368
232,18,382
232,19,386
232,20,362
232,21,395
232,22,363
232,23,364
232,24,379
232,25,373
232,26,382
232,27,374
232,28,365
232,29,383
232,30,367
232,31,379
232,32,372
232,33,373
232,34,371
232,35,374
232,36,384
232,37,374
232,38,380
232,39,385
232,40,366
232,41,367
232,42,394
232,43,369
232,44,375
232,45,378
232,46,368
232,47,364
232,48,364
232,49,387
232,50,388
232,51,364
232,52,380
232,53,366
232,54,371
232,55,363
232,56,370
232,57,377
232,58,383
232,59,378
232,60,374
232,61,373
232,62,386
232,63,381
232,64,393
232,65,378
232,66,372
232,67,369
232,68,361
232,69,370
232,70,369
232,71,374
232,72,367
232,73,373
232,74,376
232,75,369
232,76,378
232,77,385
232,78,370
232,79,371
232,80,369
232,81,367
232,82,369
232,83,380
232,84,373
232,85,366
232,86,371
232,87,379
232,88,373
232,89,389
232,90,381
232,91,392
232,92,363
232,93,375
232,94,383
232,95,369
232,96,371
232,97,378
232,98,381
232,99,382
232,100,375
232,101,369
232,102,376
232,103,382
232,104,375
232,105,374
232,106,363
232,107,369
232,108,383
232,109,375
232,110,372
232,111,376
232,112,384
232,113,372
232,114,376
232,115,365
232,116,367
232,117,366
232,118,372
232,119,373
232,120,388
232,121,385
232,122,375
232,123,371
232,124,378
232,125,376
232,126,362
232,127,364
232,128,371
232,129,381
232,130,368
232,131,379
232,132,386
232,133,371
232,134,382
232,135,376
232,136,362
232,137,366
232,138,366
232,139,373
232,140,381
232,141,372
232,142,370
232,143,375
232,144,369
232,145,372
232,146,363
232,147,371
232,148,380
232,149,378
232,150,367
232,151,379
232,152,384
232,153,377
232,154,373
232,155,369
232,156,366
232,157,365
232,158,369
232,159,376
232,160,365
232,161,376
232,162,372
232,163,360
232,164,378
232,165,374
232,166,375
232,167,366
232,168,376
232,169,367
232,170,386
232,171,374
232,172,380
232,173,389
232,174,387
232,175,384
232,176,385
232,177,366
232,178,380
232,179,350
232,180,376
232,181,370
232,182,377
232,183,370
232,184,391
232,185,381
232,186,383
232,187,375
232,188,387
232,189,375
232,190,385
232,191,363
232,192,368
232,193,372
232,194,381
232,195,374
232,196,369
232,197,372
232,198,383
232,199,388
232,200,375
233,1,6
233,2,23
233,3,87
233,4,238
233,5,363
233,6,373
233,7,380
233,8,364
233,9,371
233,10,384
233,11,368
233,12,351
233,13,371
233,14,378
233,15,372
233,16,372
233,17,362
233,18,395
233,19,382
233,20,381
233,21,396
233,22,369
233,23,371
233,24,378
233,25,362
233,26,376
233,27,379
233,28,385
233,29,373
233,30,388
233,31,369
233,32,375
233,33,381
233,34,388
233,35,367
233,36,380
233,37,367
233,38,379
233,39,375
233,40,363
233,41,392
233,42,385
233,43,373
233,44,362
233,45,381
233,46,373
233,47,368
233,48,392
233,49,385
233,50,382
233,51,382
233,52,378
233,53,373
233,54,375
233,55,383
233,56,374
233,57,383
233,58,373
233,59,370
233,60,369
233,61,368
233,62,361
233,63,388
233,64,366
233,65,372
233,66,371
233,67,389
233,68,367
233,69,384
233,70,379
233,71,379
233,72,373
233,73,376
233,74,378
233,75,364
233,76,384
233,77,379
233,78,358
233,79,378
233,80,377
233,81,372
233,82,385
233,83,369
233,84,383
233,85,373
233,86,379
233,87,369
233,88,387
233,89,383
233,90,363
233,91,372
233,92,380
233,93,384
233,94,362
233,95,373
233,96,362
233,97,371
233,98,380
233,99,384
233,100,378
233,101,372
233,102,370
233,103,384
233,104,373
233,105,377
233,106,381
233,107,375
233,108,370
233,109,372
233,110,375
233,111,366
233,112,386
233,113,375
233,114,370
233,115,377
233,116,380
233,117,369
233,118,376
233,119,372
233,120,387
233,121,374
233,122,377
233,123,376
233,124,376
233,125,382
233,126,377
233,127,375
233,128,371
233,129,383
233,130,369
233,131,371
233,132,372
233,133,364
233,134,374
233,135,382
233,136,382
233,137,383
233,138,371
233,139,381
233,140,385
233,141,381
233,142,372
233,143,369
233,144,365
233,145,366
233,146,378
233,147,381
233,148,374
233,149,368
233,150,358
233,151,373
233,152,383
233,153,386
233,154,367
233,155,370
233,156,373
233,157,376
233,158,373
233,159,371
233,160,372
233,161,379
233,162,383
233,163,392
233,164,371
233,165,374
233,166,385
233,167,368
233,168,381
233,169,364
233,170,372
233,171,371
233,172,377
233,173,382
233,174,384
233,175,381
233,176,387
233,177,382
233,178,369
233,179,381
233,180,368
233,181,365
233,182,376
233,183,354
233,184,381
233,185,373
233,186,374
233,187,382
233,188,359
233,189,387
233,190,370
233,191,372
233,192,371
233,193,378
233,194,365
233,195,352
233,196,380
233,197,378
233,198,389
233,199,369
233,200,380
234,1,6
234,2,38
234,3,150
234,4,312
234,5,359
234,6,371
234,7,373
234,8,382
234,9,373
234,10,371
234,11,371
234,12,370
234,13,379
234,14,377
234,15,372
234,16,373
234,17,370
234,18,373
234,19,375
234,20,372
234,21,390
234,22,375
234,23,375
234,24,365
234,25,372
234,26,379
234,27,384
234,28,376
234,29,377
234,30,383
234,31,365
234,32,373
234,33,380
234,34,370
234,35,375
234,36,370
234,37,370
234,38,372
234,39,372
234,40,382
234,41,372
234,42,375
234,43,369
234,44,379
234,45,381
234,46,370
234,47,382
234,48,356
234,49,379
234,50,383
234,51,372
234,52,376
234,53,375
234,54,374
234,55,371
234,56,387
234,57,373
234,58,376
234,59,376
234,60,378
234,61,374
234,62,390
234,63,366
234,64,364
234,65,367
234,66,371
234,67,362
234,68,378
234,69,376
234,70,367
234,71,382
234,72,376
234,73,383
234,74,377
234,75,383
234,76,379
234,77,379
234,78,387
234,79,379
234,80,368
234,81,369
234,82,381
234,83,383
234,84,369
234,85,377
234,86,356
234,87,385
234,88,382
234,89,377
234,90,367
234,91,376
234,92,369
234,93,375
234,94,369
234,95,370
234,96,368
234,97,374
234,98,381
234,99,374
234,100,393
234,101,371
234,102,380
234,103,379
234,104,375
234,105,374
234,106,384
234,107,373
234,108,382
234,109,368
234,110,375
234,111,368
234,112,379
234,113,381
234,114,372
234,115,369
234,116,382
234,117,385
234,118,387
234,119,373
234,120,377
234,121,375
234,122,380
234,123,381
234,124,377
234,125,365
234,126,362
234,127,364
234,128,377
234,129,376
234,130,371
234,131,384
234,132,379
234,133,373
234,134,382
234,135,370
234,136,385
234,137,377
234,138,370
234,139,381
234,140,375
234,141,377
234,142,377
234,143,388
234,144,364
234,145,367
234,146,374
234,147,379
234,148,380
234,149,377
234,150,369
234,151,392
234,152,370
234,153,369
234,154,367
234,155,375
234,156,383
234,157,369
234,158,371
234,159,372
234,160,356
234,161,370
234,162,365
234,163,365
234,164,378
234,165,374
234,166,367
234,167,371
234,168,371
234,169,370
234,170,386
234,171,366
234,172,371
234,173,369
234,174,373
234,175,370
234,176,373
234,177,382
234,178,381
234,179,360
234,180,379
234,181,377
234,182,371
234,183,391
234,184,374
234,185,375
234,186,369
234,187,386
234,188,369
234,189,376
234,190,371
234,191,379
234,192,381
234,193,370
234,194,373
234,195,378
234,196,363
234,197,383
234,198,372
234,199,385
234,200,381
235,1,2
235,2,5
235,3,17
235,4,55
235,5,176
235,6,310
235,7,365
235,8,367
235,9,384
235,10,366
235,11,374
235,12,381
235,13,368
235,14,377
235,15,361
235,16,374
235,17,376
235,18,366
235,19,356
235,20,372
235,21,379
235,22,389
235,23,376
235,24,385
235,25,388
235,26,357
235,27,378
235,28,374
235,29,377
235,30,359
235,31,357
235,32,377
235,33,381
235,34,383
235,35,368
235,36,357
235,37,380
235,38,371
235,39,382
235,40,390
235,41,367
235,42,371
235,43,370
235,44,381
235,45,370
235,46,379
235,47,373
235,48,375
235,49,371
235,50,371
235,51,360
235,52,373
235,53,379
235,54,371
235,55,366
235,56,357
235,57,369
235,58,369
235,59,358
235,60,369
235,61,376
235,62,370
235,63,367
235,64,372
235,65,376
235,66,373
235,67,376
235,68,379
235,69,364
235,70,376
235,71,375
235,72,373
235,73,361
235,74,376
235,75,388
235,76,382
235,77,376
235,78,372
235,79,385
235,80,370
235,81,385
235,82,386
235,83,371
235,84,385
235,85,384
235,86,379
235,87,385
235,88,377
235,89,383
235,90,379
235,91,367
235,92,366
235,93,371
235,94,366
235,95,374
235,96,379
235,97,366
235,98,376
235,99,385
235,100,363
235,101,383
235,102,378
235,103,372
235,104,379
235,105,359
235,106,375
235,107,373
235,108,373
235,109,376
235,110,378
235,111,372
235,112,377
235,113,368
235,114,367
235,115,366
235,116,374
235,117,367
235,118,364
235,119,372
235,120,381
235,121,372
235,122,378
235,123,369
235,124,382
235,125,373
235,126,380
235,127,374
235,128,373
235,129,390
235,130,366
235,131,365
235,132,371
235,133,388
235,134,375
235,135,364
235,136,370
235,137,370
235,138,387
235,139,377
235,140,381
235,141,375
235,142,380
235,143,379
235,144,372
235,145,379
235,146,371
235,147,375
235,148,375
235,149,379
235,150,380
235,151,371
235,152,374
235,153,367
235,154,373
235,155,383
235,156,378
235,157,377
235,158,380
235,159,384
235,160,360
235,161,371
235,162,382
235,163,381
235,164,357
235,165,374
235,166,378
235,167,377
235,168,371
235,169,382
235,170,363
235,171,374
235,172,365
235,173,369
235,174,392
235,175,375
235,176,370
235,177,369
235,178,370
235,179,367
235,180,377
235,181,377
235,182,376
235,183,373
235,184,387
235,185,370
235,186,379
235,187,376
235,188,369
235,189,364
235,190,375
235,191,376
235,192,383
235,193,373
235,194,377
235,195,385
235,196,379
235,197,381
235,198,379
235,199,378
235,200,372
236,1,2
236,2,8
236,3,20
236,4,72
236,5,224
236,6,344
236,7,371
236,8,381
236,9,366
236,10,368
236,11,382
236,12,378
236,13,369
236,14,378
236,15,379
236,16,356
236,17,362
236,18,377
236,19,381
236,20,379
236,21,374
236,22,372
236,23,373
236,24,378
236,25,368
236,26,367
236,27,378
236,28,372
236,29,383
236,30,378
236,31,374
236,32,372
236,33,381
236,34,372
236,35,379
236,36,385
236,37,374
236,38,357
236,39,382
236,40,371
236,41,384
236,42,385
236,43,366
236,44,370
236,45,381
236,46,383
236,47,368
236,48,370
236,49,373
236,50,387
236,51,384
236,52,379
236,53,378
236,54,378
236,55,378
236,56,375
236,57,370
236,58,381
236,59,372
236,60,380
236,61,387
236,62,376
236,63,369
236,64,374
236,65,380
236,66,373
236,67,385
236,68,369
236,69,371
236,70,375
236,71,355
236,72,366
236,73,360
236,74,382
236,75,382
236,76,373
236,77,367
236,78,378
236,79,379
236,80,383
236,81,382
236,82,359
236,83,377
236,84,366
236,85,370
236,86,366
236,87,365
236,88,376
236,89,369
236,90,370
236,91,391
236,92,373
236,93,373
236,94,375
236,95,377
236,96,362
236,97,375
236,98,386
236,99,373
236,100,379
236,101,386
236,102,375
236,103,376
236,104,371
236,105,373
236,106,373
236,107,374
236,108,367
236,109,364
236,110,365
236,111,385
236,112,374
236,113,378
236,114,374
236,115,375
236,116,379
236,117,377
236,118,364
236,119,376
236,120,367
236,121,370
236,122,381
236,123,384
236,124,381
236,125,366
236,126,361
236,127,375
236,128,382
236,129,379
236,130,373
236,131,369
236,132,373
236,133,367
236,134,363
236,135,374
236,136,381
236,137,378
236,138,381
236,139,362
236,140,388
236,141,370
236,142,371
236,143,381
236,144,362
236,145,365
236,146,385
236,147,378
236,148,376
236,149,390
236,150,371
236,151,369
236,152,379
236,153,365
236,154,374
236,155,378
236,156,370
236,157,355
236,158,376
236,159,374
236,160,375
236,161,375
236,162,363
236,163,382
236,164,370
236,165,384
236,166,369
236,167,380
236,168,373
236,169,372
236,170,376
236,171,370
236,172,377
236,173,361
236,174,380
236,175,385
236,176,388
236,177,381
236,178,374
236,179,373
236,180,388
236,181,376
236,182,368
236,183,355
236,184,372
236,185,381
236,186,368
236,187,375
236,188,371
236,189,377
236,190,379
236,191,369
236,192,382
236,193,374
236,194,366
236,195,387
236,196,380
236,197,384
236,198,379
236,199,369
236,200,369
237,1,7
237,2,33
237,3,114
237,4,273
237,5,368
237,6,372
237,7,386
237,8,366
237,9,379
237,10,376
237,11,378
237,12,383
237,13,372
237,14,376
237,15,382
237,16,380
237,17,368
237,18,383
237,19,380
237,20,390
237,21,383
237,22,388
237,23,383
237,24,378
237,25,363
237,26,364
237,27,380
237,28,382
237,29,393
237,30,375
237,31,373
237,32,374
237,33,387
237,34,362
237,35,362
237,36,378
237,37,389
237,38,362
237,39,367
237,40,375
237,41,384
237,42,378
237,43,373
237,44,375
237,45,379
237,46,377
237,47,374
237,48,381
237,49,366
237,50,384
237,51,372
237,52,381
237,53,366
237,54,376
237,55,366
237,56,362
237,57,376
237,58,380
237,59,368
237,60,380
237,61,380
237,62,378
237,63,375
237,64,373
237,65,372
237,66,373
237,67,372
237,68,380
237,69,363
237,70,359
237,71,369
237,72,374
237,73,372
237,74,378
237,75,377
237,76,372
237,77,368
237,78,374
237,79,370
237,80,366
237,81,380
237,82,384
237,83,369
237,84,382
237,85,374
237,86,377
237,87,373
237,88,382
237,89,385
237,90,381
237,91,375
237,92,381
237,93,377
237,94,390
237,95,378
237,96,370
237,97,371
237,98,381
237,99,362
237,100,376
237,101,374
237,102,368
237,103,371
237,104,371
237,105,367
237,106,367
237,107,379
237,108,373
237,109,378
237,110,381
237,111,375
237,112,366
237,113,375
237,114,381
237,115,371
237,116,366
237,117,368
237,118,371
237,119,367
237,120,371
237,121,361
237,122,369
237,123,373
237,124,365
237,125,375
237,126,376
237,127,378
237,128,379
237,129,378
237,130,373
237,131,362
237,132,370
237,133,379
237,134,380
237,135,375
237,136,381
237,137,364
237,138,374
237,139,365
237,140,385
237,141,367
237,142,380
237,143,379
237,144,379
237,145,377
237,146,368
237,147,383
237,148,372
237,149,383
237,150,372
237,151,365
237,152,381
237,153,365
237,154,379
237,155,367
237,156,374
237,157,373
237,158,374
237,159,381
237,160,370
237,161,380
237,162,371
237,163,371
237,164,371
237,165,369
237,166,365
237,167,366
237,168,374
237,169,371
237,170,378
237,171,376
237,172,369
237,173,390
237,174,375
237,175,388
237,176,380
237,177,370
237,178,384
237,179,376
237,180,372
237,181,379
237,182,377
237,183,379
237,184,383
237,185,370
237,186,370
237,187,377
237,188,379
237,189,379
237,190,373
237,191,379
237,192,379
237,193,371
237,194,361
237,195,379
237,196,382
237,197,381
237,198,360
237,199,362
237,200,387
238,1,5
238,2,17
238,3,64
238,4,199
238,5,347
238,6,369
238,7,364
238,8,374
238,9,381
238,10,376
238,11,372
238,12,367
238,13,358
238,14,373
238,15,378
238,16,384
238,17,372
238,18,385
238,19,370
238,20,373
238,21,379
238,22,359
238,23,375
238,24,358
238,25,374
238,26,362
238,27,368
238,28,362
238,29,371
238,30,381
238,31,370
238,32,380
238,33,370
238,34,364
238,35,354
238,36,370
238,37,379
238,38,376
238,39,374
238,40,374
238,41,380
238,42,368
238,43,373
238,44,368
238,45,369
238,46,381
238,47,372
238,48,368
238,49,372
238,50,373
238,51,380
238,52,375
238,53,384
238,54,375
238,55,370
238,56,381
238,57,373
238,58,375
238,59,379
238,60,387
238,61,382
238,62,371
238,63,372
238,64,378
238,65,368
238,66,376
238,67,365
238,68,369
238,69,366
238,70,379
238,71,370
238,72,374
238,73,369
238,74,383
238,75,372
238,76,377
238,77,377
238,78,376
238,79,390
238,80,368
238,81,378
238,82,365
238,83,364
238,84,373
238,85,382
238,86,358
238,87,385
238,88,376
238,89,381
238,90,376
238,91,383
238,92,369
238,93,368
238,94,373
238,95,363
238,96,358
238,97,375
238,98,369
238,99,385
238,100,383
238,101,383
238,102,380
238,103,369
238,104,396
238,105,365
238,106,376
238,107,362
238,108,382
238,109,366
238,110,366
238,111,377
238,112,380
238,113,373
238,114,375
238,115,377
238,116,383
238,117,370
238,118,381
238,119,376
238,120,379
238,121,369
238,122,365
238,123,376
238,124,369
238,125,374
238,126,372
238,127,373
238,128,374
238,129,375
238,130,384
238,131,360
238,132,371
238,133,392
238,134,382
238,135,375
238,136,381
238,137,376
238,138,386
238,139,376
238,140,376
238,141,396
238,142,376
238,143,376
238,144,369
238,145,369
238,146,376
238,147,369
238,148,363
238,149,366
238,150,372
238,151,380
238,152,373
238,153,363
238,154,367
238,155,383
238,156,379
238,157,380
238,158,356
238,159,367
238,160,365
238,161,366
238,162,374
238,163,383
238,164,376
238,165,383
238,166,378
238,167,375
238,168,378
238,169,368
238,170,390
238,171,388
238,172,375
238,173,376
238,174,374
238,175,388
238,176,369
238,177,386
238,178,369
238,179,371
238,180,373
238,181,383
238,182,365
238,183,378
238,184,378
238,185,368
238,186,362
238,187,382
238,188,373
238,189,376
238,190,379
238,191,377
238,192,389
238,193,364
238,194,377
238,195,374
238,196,374
238,197,356
238,198,379
238,199,377
238,200,365
239,1,3
239,2,10
239,3,52
239,4,157
239,5,325
239,6,364
239,7,368
239,8,383
239,9,387
239,10,363
239,11,374
239,12,384
239,13,379
239,14,370
239,15,371
239,16,364
239,17,360
239,18,375
239,19,370
239,20,373
239,21,378
239,22,374
239,23,386
239,24,368
239,25,370
239,26,370
239,27,367
239,28,370
239,29,364
239,30,363
239,31,361
239,32,378
239,33,377
239,34,375
239,35,395
239,36,388
239,37,380
239,38,374
239,39,379
239,40,378
239,41,370
239,42,366
239,43,380
239,44,371
239,45,370
239,46,368
239,47,365
239,48,376
239,49,370
239,50,381
239,51,371
239,52,371
239,53,386
239,54,391
239,55,368
239,56,366
239,57,367
239,58,380
239,59,379
239,60,382
239,61,388
239,62,378
239,63,369
239,64,357
239,65,375
239,66,369
239,67,366
239,68,366
239,69,364
239,70,375
239,71,366
239,72,382
239,73,364
239,74,370
239,75,382
239,76,373
239,77,388
239,78,374
239,79,379
239,80,378
239,81,363
239,82,379
239,83,359
239,84,366
239,85,370
239,86,368
239,87,387
239,88,377
239,89,364
239,90,385
239,91,377
239,92,364
239,93,367
239,94,373
239,95,362
239,96,374
239,97,371
239,98,377
239,99,382
239,100,368
239,101,385
239,102,375
239,103,376
239,104,377
239,105,376
239,106,376
239,107,384
239,108,355
239,109,374
239,110,381
239,111,379
239,112,372
239,113,366
239,114,377
239,115,366
239,116,382
239,117,376
239,118,372
239,119,370
239,120,372
239,121,364
239,122,373
239,123,384
239,124,379
239,125,374
239,126,377
239,127,384
239,128,372
239,129,380
239,130,362
239,131,370
239,132,372
239,133,379
239,134,387
239,135,382
239,136,381
239,137,368
239,138,358
239,139,379
239,140,374
239,141,386
239,142,383
239,143,385
239,144,379
239,145,372
239,146,377
239,147,386
239,148,373
239,149,369
239,150,381
239,151,371
239,152,380
239,153,379
239,154,369
239,155,373
239,156,376
239,157,380
239,158,369
239,159,385
239,160,369
239,161,376
239,162,377
239,163,376
239,164,373
239,165,360
239,166,389
239,167,373
239,168,389
239,169,378
239,170,381
239,171,372
239,172,368
239,173,369
239,174,374
239,175,371
239,176,365
239,177,366
239,178,390
239,179,373
239,180,375
239,181,370
239,182,376
239,183,363
239,184,363
239,185,367
239,186,378
239,187,379
239,188,366
239,189,378
239,190,370
239,191,376
239,192,380
239,193,373
239,194,382
239,195,369
239,196,374
239,197,389
239,198,371
239,199,370
239,200,379
240,1,3
240,2,11
240,3,43
240,4,134
240,5,296
240,6,357
240,7,373
240,8,389
240,9,373
240,10,384
240,11,384
240,12,376
240,13,373
240,14,378
240,15,392
240,16,372
240,17,375
240,18,376
240,19,360
240,20,370
240,21,383
240,22,359
240,23,377
240,24,370
240,25,354
240,26,381
240,27,368
240,28,383
240,29,359
240,30,370
240,31,383
240,32,368
240,33,382
240,34,390
240,35,373
240,36,373
240,37,375
240,38,380
240,39,377
240,40,359
240,41,371
240,42,367
240,43,367
240,44,385
240,45,372
240,46,374
240,47,378
240,48,370
240,49,374
240,50,373
240,51,384
240,52,370
240,53,369
240,54,361
240,55,383
240,56,372
240,57,369
240,58,372
240,59,386
240,60,385
240,61,382
240,62,368
240,63,373
240,64,368
240,65,379
240,66,366
240,67,384
240,68,375
240,69,370
240,70,371
240,71,375
240,72,365
240,73,374
240,74,369
240,75,365
240,76,361
240,77,372
240,78,368
240,79,394
240,80,375
240,81,376
240,82,369
240,83,369
240,84,377
240,85,360
240,86,375
240,87,368
240,88,385
240,89,362
240,90,379
240,91,379
240,92,369
240,93,379
240,94,376
240,95,377
240,96,377
240,97,358
240,98,376
240,99,387
240,100,357
240,101,383
240,102,362
240,103,368
240,104,383
240,105,368
240,106,380
240,107,376
240,108,381
240,109,375
240,110,369
240,111,377
240,112,357
240,113,369
240,114,368
240,115,387
240,116,381
240,117,387
240,118,371
240,119,371
240,120,377
240,121,373
240,122,376
240,123,374
240,124,384
240,125,372
240,126,375
240,127,370
240,128,371
240,129,376
240,130,379
240,131,378
240,132,375
240,133,369
240,134,373
240,135,383
240,136,385
240,137,382
240,138,376
240,139,376
240,140,380
240,141,373
240,142,375
240,143,375
240,144,379
240,145,384
240,146,368
240,147,376
240,148,384
240,149,370
240,150,389
240,151,371
240,152,364
240,153,378
240,154,376
240,155,379
240,156,380
240,157,370
240,158,365
240,159,383
240,160,373
240,161,381
240,162,379
240,163,386
240,164,383
240,165,381
240,166,380
240,167,362
240,168,377
240,169,376
240,170,364
240,171,377
240,172,363
240,173,370
240,174,374
240,175,379
240,176,376
240,177,381
240,178,385
240,179,367
240,180,368
240,181,366
240,182,386
240,183,372
240,184,356
240,185,379
240,186,372
240,187,379
240,188,377
240,189,376
240,190,368
240,191,383
240,192,370
240,193,366
240,194,373
240,195,391
240,196,374
240,197,383
240,198,364
240,199,379
240,200,371
241,1,1
241,2,4
241,3,13
241,4,41
241,5,150
241,6,319
241,7,355
241,8,368
241,9,372
241,10,377
241,11,375
241,12,374
241,13,378
241,14,364
241,15,368
241,16,379
241,17,379
241,18,394
241,19,382
241,20,364
241,21,384
241,22,371
241,23,378
241,24,372
241,25,367
241,26,369
241,27,358
241,28,374
241,29,370
241,30,375
241,31,367
241,32,364
241,33,381
241,34,371
241,35,359
241,36,372
241,37,361
241,38,377
241,39,382
241,40,374
241,41,383
241,42,377
241,43,381
241,44,359
241,45,358
241,46,379
241,47,374
241,48,386
241,49,369
241,50,362
241,51,370
241,52,363
241,53,388
241,54,373
241,55,374
241,56,366
241,57,380
241,58,387
241,59,381
241,60,372
241,61,365
241,62,356
241,63,375
241,64,371
241,65,375
241,66,375
241,67,374
241,68,387
241,69,370
241,70,373
241,71,374
241,72,380
241,73,373
241,74,371
241,75,376
241,76,377
241,77,376
241,78,378
241,79,380
241,80,373
241,81,372
241,82,376
241,83,362
241,84,371
241,85,370
241,86,381
241,87,371
241,88,367
241,89,384
241,90,386
241,91,374
241,92,369
241,93,380
241,94,383
241,95,392
241,96,373
241,97,375
241,98,364
241,99,370
241,100,383
241,101,377
241,102,368
241,103,377
241,104,372
241,105,369
241,106,373
241,107,371
241,108,370
241,109,379
241,110,373
241,111,389
241,112,368
241,113,391
241,114,359
241,115,367
241,116,374
241,117,376
241,118,377
241,119,370
241,120,378
241,121,370
241,122,383
241,123,382
241,124,369
241,125,371
241,126,384
241,127,372
241,128,369
241,129,374
241,130,377
241,131,373
241,132,371
241,133,381
241,134,380
241,135,374
241,136,371
241,137,379
241,138,375
241,139,378
241,140,369
241,141,376
241,142,375
241,143,375
241,144,368
241,145,377
241,146,373
241,147,376
241,148,376
241,149,384
241,150,379
241,151,368
241,152,360
241,153,345
241,154,365
241,155,361
241,156,369
241,157,367
241,158,368
241,159,372
241,160,374
241,161,364
241,162,390
241,163,372
241,164,392
241,165,371
241,166,385
241,167,379
241,168,383
241,169,359
241,170,379
241,171,378
241,172,378
241,173,374
241,174,371
241,175,387
241,176,379
241,177,370
241,178,379
241,179,369
241,180,362
241,181,374
241,182,370
241,183,378
241,184,380
241,185,390
241,186,384
241,187,377
241,188,369
241,189,361
241,190,384
241,191,377
241,192,379
241,193,369
241,194,387
241,195,374
241,196,384
241,197,373
241,198,377
241,199,371
241,200,377
242,1,6
242,2,23
242,3,97
242,4,251
242,5,361
242,6,380
242,7,381
242,8,369
242,9,367
242,10,379
242,11,381
242,12,376
242,13,381
242,14,371
242,15,380
242,16,371
242,17,383
242,18,362
242,19,377
242,20,361
242,21,396
242,22,372
242,23,349
242,24,368
242,25,377
242,26,368
242,27,369
242,28,381
242,29,378
242,30,366
242,31,377
242,32,372
242,33,368
242,34,369
242,35,364
242,36,374
242,37,380
242,38,384
242,39,371
242,40,372
242,41,377
242,42,363
242,43,372
242,44,366
242,45,374
242,46,372
242,47,374
242,48,388
242,49,354
242,50,366
242,51,374
242,52,385
242,53,381
242,54,374
242,55,378
242,56,372
242,57,377
242,58,371
242,59,369
242,60,367
242,61,382
242,62,378
242,63,363
242,64,370
242,65,385
242,66,378
242,67,377
242,68,371
242,69,372
242,70,386
242,71,379
242,72,376
242,73,392
242,74,374
242,75,376
242,76,370
242,77,356
242,78,362
242,79,381
242,80,375
242,81,376
242,82,387
242,83,380
242,84,372
242,85,385
242,86,379
242,87,368
242,88,371
242,89,372
242,90,373
242,91,383
242,92,368
242,93,377
242,94,364
242,95,376
242,96,375
242,97,380
242,98,381
242,99,369
242,100,366
242,101,365
242,102,378
242,103,372
242,104,378
242,105,378
242,106,385
242,107,372
242,108,376
242,109,376
242,110,377
242,111,365
242,112,381
242,113,386
242,114,375
242,115,376
242,116,368
242,117,372
242,118,372
242,119,370
242,120,380
242,121,383
242,122,369
242,123,375
242,124,367
242,125,385
242,126,363
242,127,372
242,128,358
242,129,370
242,130,375
242,131,372
242,132,370
242,133,369
242,134,376
242,135,379
242,136,375
242,137,377
242,138,371
242,139,393
242,140,373
242,141,362
242,142,370
242,143,379
242,144,385
242,145,392
242,146,362
242,147,384
242,148,373
242,149,378
242,150,382
242,151,376
242,152,382
242,153,388
242,154,374
242,155,366
242,156,386
242,157,366
242,158,377
242,159,384
242,160,385
242,161,390
242,162,376
242,163,376
242,164,382
242,165,383
242,166,375
242,167,371
242,168,372
242,169,374
242,170,372
242,171,367
242,172,384
242,173,380
242,174,376
242,175,380
242,176,382
242,177,388
242,178,365
242,179,370
242,180,363
242,181,360
242,182,376
242,183,375
242,184,374
242,185,363
242,186,371
242,187,366
242,188,362
242,189,373
242,190,376
242,191,388
242,192,375
242,193,390
242,194,368
242,195,366
242,196,370
242,197,363
242,198,386
242,199,380
242,200,372
243,1,2
243,2,7
243,3,24
243,4,83
243,5,228
243,6,338
243,7,372
243,8,362
243,9,371
243,10,368
243,11,373
243,12,380
243,13,378
243,14,374
243,15,386
243,16,386
243,17,370
243,18,369
243,19,376
243,20,367
243,21,369
243,22,374
243,23,382
243,24,363
243,25,364
243,26,376
243,27,378
243,28,379
243,29,365
243,30,366
243,31,374
243,32,376
243,33,380
243,34,373
243,35,378
243,36,373
243,37,378
243,38,374
243,39,373
243,40,379
243,41,381
243,42,363
243,43,373
243,44,347
243,45,366
243,46,369
243,47,383
243,48,374
243,49,372
243,50,379
243,51,362
243,52,376
243,53,361
243,54,384
243,55,377
243,56,379
243,57,375
243,58,373
243,59,364
243,60,374
243,61,373
243,62,393
243,63,374
243,64,369
243,65,357
243,66,364
243,67,375
243,68,373
243,69,371
243,70,371
243,71,379
243,72,363
243,73,372
243,74,375
243,75,382
243,76,381
243,77,366
243,78,363
243,79,373
243,80,359
243,81,375
243,82,366
243,83,369
243,84,367
243,85,362
243,86,374
243,87,384
243,88,373
243,89,363
243,90,375
243,91,372
243,92,381
243,93,376
243,94,364
243,95,374
243,96,376
243,97,376
243,98,387
243,99,380
243,100,366
243,101,377
243,102,368
243,103,371
243,104,369
243,105,364
243,106,376
243,107,369
243,108,373
243,109,379
243,110,369
243,111,375
243,112,374
243,113,368
243,114,379
243,115,366
243,116,367
243,117,372
243,118,367
243,119,365
243,120,364
243,121,374
243,122,376
243,123,373
243,124,359
243,125,362
243,126,376
243,127,366
243,128,384
243,129,375
243,130,385
243,131,389
243,132,360
243,133,369
243,134,367
243,135,377
243,136,383
243,137,386
243,138,383
243,139,374
243,140,361
243,141,366
243,142,358
243,143,365
243,144,377
243,145,390
243,146,366
243,147,375
243,148,367
243,149,361
243,150,380
243,151,385
243,152,383
243,153,377
243,154,380
243,155,364
243,156,373
243,157,371
243,158,385
243,159,396
243,160,381
243,161,381
243,162,369
243,163,370
243,164,372
243,165,374
243,166,375
243,167,379
243,168,374
243,169,390
243,170,378
243,171,381
243,172,372
243,173,363
243,174,379
243,175,380
243,176,374
243,177,373
243,178,375
243,179,377
243,180,372
243,181,361
243,182,386
243,183,375
243,184,372
243,185,375
243,186,365
243,187,365
243,188,373
243,189,376
243,190,365
243,191,367
243,192,372
243,193,376
243,194,368
243,195,380
243,196,387
243,197,378
243,198,366
243,199,370
243,200,367
244,1,5
244,2,23
244,3,88
244,4,248
244,5,348
244,6,374
244,7,387
244,8,378
244,9,379
244,10,379
244,11,365
244,12,382
244,13,386
244,14,369
244,15,372
244,16,379
244,17,372
244,18,375
244,19,383
244,20,383
244,21,372
244,22,383
244,23,376
244,24,359
244,25,377
244,26,378
244,27,364
244,28,383
244,29,372
244,30,378
244,31,355
244,32,358
244,33,349
244,34,378
244,35,377
244,36,375
244,37,376
244,38,368
244,39,375
244,40,371
244,41,371
244,42,378
244,43,370
244,44,372
244,45,369
244,46,365
244,47,375
244,48,366
244,49,359
244,50,368
244,51,384
244,52,373
244,53,381
244,54,373
244,55,375
244,56,371
244,57,372
244,58,370
244,59,370
244,60,363
244,61,379
244,62,363
244,63,385
244,64,372
244,65,378
244,66,364
244,67,374
244,68,378
244,69,358
244,70,367
244,71,368
244,72,380
244,73,368
244,74,375
244,75,371
244,76,384
244,77,373
244,78,370
244,79,370
244,80,370
244,81,373
244,82,376
244,83,366
244,84,371
244,85,373
244,86,375
244,87,368
244,88,366
244,89,378
244,90,367
244,91,376
244,92,374
244,93,365
244,94,378
244,95,358
244,96,378
244,97,368
244,98,376
244,99,370
244,100,376
244,101,371
244,102,381
244,103,378
244,104,390
244,105,382
244,106,362
244,107,378
244,108,378
244,109,376
244,110,373
244,111,369
244,112,375
244,113,383
244,114,372
244,115,382
244,116,377
244,117,362
244,118,379
244,119,364
244,120,377
244,121,371
244,122,380
244,123,376
244,124,364
244,125,370
244,126,381
244,127,379
244,128,384
244,129,384
244,130,377
244,131,377
244,132,373
244,133,388
244,134,369
244,135,387
244,136,374
244,137,366
244,138,376
244,139,391
244,140,375
244,141,380
244,142,355
244,143,381
244,144,373
244,145,369
244,146,381
244,147,382
244,148,383
244,149,368
244,150,386
244,151,372
244,152,381
244,153,375
244,154,365
244,155,374
244,156,378
244,157,370
244,158,373
244,159,374
244,160,361
244,161,373
244,162,386
244,163,365
244,164,372
244,165,380
244,166,388
244,167,378
244,168,378
244,169,368
244,170,373
244,171,379
244,172,374
244,173,374
244,174,376
244,175,365
244,176,368
244,177,377
244,178,371
244,179,372
244,180,381
244,181,380
244,182,371
244,183,370
244,184,366
244,185,371
244,186,367
244,187,377
244,188,381
244,189,380
244,190,385
244,191,362
244,192,376
244,193,377
244,194,378
244,195,370
244,196,368
244,197,374
244,198,368
244,199,386
244,200,372
245,1,4
245,2,17
245,3,50
245,4,164
245,5,308
245,6,354
245,7,368
245,8,375
245,9,370
245,10,376
245,11,379
245,12,380
245,13,380
245,14,373
245,15,365
245,16,376
245,17,376
245,18,382
245,19,376
245,20,375
245,21,384
245,22,391
245,23,377
245,24,372
245,25,370
245,26,368
245,27,378
245,28,380
245,29,363
245,30,371
245,31,380
245,32,381
245,33,371
245,34,367
245,35,369
245,36,389
245,37,360
245,38,365
245,39,381
245,40,364
245,41,371
245,42,366
245,43,376
245,44,381
245,45,381
245,46,364
245,47,381
245,48,380
245,49,375
245,50,372
245,51,380
245,52,373
245,53,366
245,54,372
245,55,368
245,56,376
245,57,376
245,58,387
245,59,370
245,60,378
245,61,375
245,62,359
245,63,372
245,64,376
245,65,381
245,66,380
245,67,382
245,68,378
245,69,371
245,70,370
245,71,362
245,72,391
245,73,372
245,74,382
245,75,371
245,76,367
245,77,379
245,78,373
245,79,366
245,80,375
245,81,374
245,82,362
245,83,378
245,84,370
245,85,371
245,86,369
245,87,366
245,88,365
245,89,382
245,90,375
245,91,371
245,92,380
245,93,384
245,94,382
245,95,379
245,96,378
245,97,371
245,98,366
245,99,389
245,100,377
245,101,388
245,102,373
245,103,367
245,104,380
245,105,373
245,106,363
245,107,367
245,108,388
245,109,365
245,110,372
245,111,356
245,112,362
245,113,381
245,114,380
245,115,388
245,116,383
245,117,385
245,118,375
245,119,370
245,120,378
245,121,366
245,122,377
245,123,372
245,124,375
245,125,375
245,126,385
245,127,369
245,128,380
245,129,367
245,130,376
245,131,362
245,132,369
245,133,358
245,134,378
245,135,369
245,136,382
245,137,375
245,138,368
245,139,374
245,140,372
245,141,372
245,142,373
245,143,377
245,144,372
245,145,370
245,146,376
245,147,380
245,148,385
245,149,372
245,150,372
245,151,378
245,152,372
245,153,384
245,154,368
245,155,376
245,156,380
245,157,374
245,158,351
245,159,375
245,160,370
245,161,366
245,162,365
245,163,377
245,164,364
245,165,370
245,166,381
245,167,369
245,168,366
245,169,357
245,170,365
245,171,366
245,172,374
245,173,391
245,174,368
245,175,360
245,176,372
245,177,369
245,178,369
245,179,382
245,180,362
245,181,369
245,182,373
245,183,367
245,184,359
245,185,363
245,186,369
245,187,386
245,188,378
245,189,377
245,190,376
245,191,365
245,192,365
245,193,380
245,194,379
245,195,363
245,196,378
245,197,369
245,198,367
245,199,368
245,200,372
246,1,3
246,2,11
246,3,37
246,4,131
246,5,284
246,6,375
246,7,382
246,8,367
246,9,357
246,10,382
246,11,374
246,12,365
246,13,356
246,14,371
246,15,385
246,16,378
246,17,367
246,18,373
246,19,368
246,20,379
246,21,377
246,22,374
246,23,375
246,24,373
246,25,375
246,26,374
246,27,375
246,28,371
246,29,385
246,30,366
246,31,370
246,32,374
246,33,379
246,34,373
246,35,369
246,36,374
246,37,374
246,38,378
246,39,385
246,40,375
246,41,377
246,42,373
246,43,363
246,44,371
246,45,367
246,46,367
246,47,386
246,48,366
246,49,358
246,50,381
246,51,370
246,52,379
246,53,386
246,54,375
246,55,376
246,56,371
246,57,366
246,58,383
246,59,386
246,60,372
246,61,370
246,62,366
246,63,376
246,64,378
246,65,370
246,66,386
246,67,377
246,68,382
246,69,385
246,70,372
246,71,387
246,72,380
246,73,377
246,74,372
246,75,370
246,76,374
246,77,372
246,78,375
246,79,379
246,80,372
246,81,373
246,82,366
246,83,372
246,84,370
246,85,363
246,86,361
246,87,378
246,88,371
246,89,379
246,90,378
246,91,369
246,92,361
246,93,367
246,94,370
246,95,378
246,96,364
246,97,369
246,98,368
246,99,380
246,100,363
246,101,379
246,102,374
246,103,363
246,104,362
246,105,373
246,106,375
246,107,364
246,108,365
246,109,374
246,110,376
246,111,380
246,112,365
246,113,377
246,114,376
246,115,364
246,116,372
246,117,374
246,118,371
246,119,379
246,120,377
246,121,387
246,122,388
246,123,358
246,124,357
246,125,382
246,126,365
246,127,390
246,128,378
246,129,377
246,130,369
246,131,366
246,132,364
246,133,381
246,134,386
246,135,380
246,136,376
246,137,375
246,138,377
246,139,379
246,140,365
246,141,383
246,142,381
246,143,375
246,144,364
246,145,366
246,146,374
246,147,369
246,148,378
246,149,379
246,150,392
246,151,374
246,152,381
246,153,386
246,154,377
246,155,373
246,156,394
246,157,372
246,158,381
246,159,381
246,160,382
246,161,373
246,162,372
246,163,374
246,164,381
246,165,363
246,166,368
246,167,355
246,168,377
246,169,369
246,170,366
246,171,383
246,172,366
246,173,367
246,174,374
246,175,375
246,176,374
246,177,370
246,178,380
246,179,382
246,180,380
246,181,373
246,182,356
246,183,384
246,184,372
246,185,366
246,186,377
246,187,378
246,188,380
246,189,367
246,190,385
246,191,360
246,192,387
246,193,379
246,194,366
246,195,371
246,196,371
246,197,390
246,198,364
246,199,368
246,200,386
247,1,2
247,2,9
247,3,33
247,4,109
247,5,283
247,6,361
247,7,375
247,8,378
247,9,370
247,10,373
247,11,361
247,12,376
247,13,382
247,14,371
247,15,372
247,16,363
247,17,382
247,18,373
247,19,377
247,20,367
247,21,378
247,22,362
247,23,367
247,24,373
247,25,384
247,26,370
247,27,381
247,28,386
247,29,375
247,30,372
247,31,381
247,32,373
247,33,376
247,34,378
247,35,395
247,36,386
247,37,380
247,38,371
247,39,383
247,40,373
247,41,373
247,42,366
247,43,366
247,44,366
247,45,382
247,46,374
247,47,378
247,48,388
247,49,372
247,50,383
247,51,368
247,52,374
247,53,367
247,54,373
247,55,368
247,56,378
247,57,365
247,58,371
247,59,371
247,60,385
247,61,380
247,62,362
247,63,375
247,64,376
247,65,379
247,66,368
247,67,362
247,68,382
247,69,373
247,70,375
247,71,384
247,72,378
247,73,368
247,74,382
247,75,359
247,76,374
247,77,378
247,78,370
247,79,380
247,80,368
247,81,374
247,82,389
247,83,367
247,84,375
247,85,372
247,86,369
247,87,381
247,88,375
247,89,379
247,90,378
247,91,380
247,92,375
247,93,371
247,94,367
247,95,368
247,96,377
247,97,392
247,98,365
247,99,364
247,100,362
247,101,377
247,102,382
247,103,372
247,104,378
247,105,370
247,106,372
247,107,374
247,108,383
247,109,371
247,110,379
247,111,368
247,112,382
247,113,379
247,114,366
247,115,370
247,116,373
247,117,378
247,118,371
247,119,381
247,120,367
247,121,369
247,122,372
247,123,374
247,124,371
247,125,375
247,126,380
247,127,361
247,128,368
247,129,368
247,130,371
247,131,375
247,132,379
247,133,361
247,134,388
247,135,377
247,136,372
247,137,363
247,138,379
247,139,360
247,140,365
247,141,361
247,142,377
247,143,375
247,144,370
247,145,374
247,146,364
247,147,389
247,148,381
247,149,377
247,150,363
247,151,381
247,152,377
247,153,372
247,154,351
247,155,380
247,156,381
247,157,392
247,158,378
247,159,377
247,160,372
247,161,376
247,162,357
247,163,366
247,164,378
247,165,372
247,166,382
247,167,374
247,168,370
247,169,381
247,170,376
247,171,372
247,172,372
247,173,384
247,174,362
247,175,375
247,176,370
247,177,378
247,178,381
247,179,375
247,180,386
247,181,375
247,182,366
247,183,363
247,184,366
247,185,364
247,186,373
247,187,378
247,188,385
247,189,370
247,190,382
247,191,383
247,192,382
247,193,375
247,194,384
247,195,373
247,196,381
247,197,369
247,198,371
247,199,362
247,200,373
248,1,5
248,2,18
248,3,62
248,4,191
248,5,342
248,6,378
248,7,369
248,8,374
248,9,379
248,10,372
248,11,381
248,12,375
248,13,369
248,14,370
248,15,374
248,16,366
248,17,378
248,18,365
248,19,380
248,20,376
248,21,370
248,22,371
248,23,387
248,24,380
248,25,370
248,26,368
248,27,370
248,28,368
248,29,373
248,30,368
248,31,367
248,32,365
248,33,381
248,34,379
248,35,376
248,36,375
248,37,369
248,38,367
248,39,354
248,40,370
248,41,362
248,42,373
248,43,367
248,44,368
248,45,374
248,46,382
248,47,363
248,48,378
248,49,381
248,50,368
248,51,372
248,52,373
248,53,375
248,54,368
248,55,378
248,56,370
248,57,380
248,58,366
248,59,373
248,60,383
248,61,378
248,62,367
248,63,386
248,64,377
248,65,369
248,66,382
248,67,392
248,68,373
248,69,366
248,70,373
248,71,379
248,72,386
248,73,370
248,74,369
248,75,379
248,76,379
248,77,368
248,78,376
248,79,368
248,80,368
248,81,371
248,82,383
248,83,380
248,84,374
248,85,388
248,86,357
248,87,382
248,88,383
248,89,380
248,90,367
248,91,377
248,92,374
248,93,363
248,94,361
248,95,384
248,96,383
248,97,370
248,98,365
248,99,383
248,100,366
248,101,359
248,102,372
248,103,374
248,104,375
248,105,375
248,106,371
248,107,364
248,108,369
248,109,383
248,110,375
248,111,368
248,112,373
248,113,364
248,114,374
248,115,381
248,116,374
248,117,369
248,118,381
248,119,362
248,120,367
248,121,378
248,122,363
248,123,378
248,124,373
248,125,362
248,126,364
248,127,374
248,128,380
248,129,379
248,130,372
248,131,377
248,132,370
248,133,375
248,134,383
248,135,383
248,136,363
248,137,372
248,138,378
248,139,369
248,140,369
248,141,374
248,142,367
248,143,373
248,144,372
248,145,375
248,146,383
248,147,373
248,148,375
248,149,373
248,150,395
248,151,379
248,152,370
248,153,373
248,154,376
248,155,379
248,156,374
248,157,366
248,158,378
248,159,372
248,160,369
248,161,383
248,162,372
248,163,380
248,164,372
248,165,384
248,166,373
248,167,371
248,168,368
248,169,381
248,170,357
248,171,363
248,172,379
248,173,372
248,174,373
248,175,377
248,176,370
248,177,378
248,178,381
248,179,384
248,180,378
248,181,386
248,182,369
248,183,370
248,184,374
248,185,380
248,186,371
248,187,374
248,188,372
248,189,376
248,190,369
248,191,371
248,192,354
248,193,380
248,194,365
248,195,363
248,196,383
248,197,364
248,198,370
248,199,360
248,200,382
249,1,6
249,2,25
249,3,94
249,4,263
249,5,385
249,6,380
249,7,378
249,8,376
249,9,368
249,10,382
249,11,368
249,12,377
249,13,367
249,14,366
249,15,373
249,16,371
249,17,373
249,18,381
249,19,367
249,20,379
249,21,367
249,22,389
249,23,374
249,24,379
249,25,378
249,26,376
249,27,372
249,28,383
249,29,370
249,30,379
249,31,373
249,32,393
249,33,383
249,34,386
249,35,372
249,36,379
249,37,376
249,38,378
249,39,361
249,40,368
249,41,381
249,42,378
249,43,373
249,44,376
249,45,391
249,46,375
249,47,370
249,48,375
249,49,386
249,50,387
249,51,375
249,52,390
249,53,375
249,54,377
249,55,392
249,56,375
249,57,384
249,58,391
249,59,366
249,60,379
249,61,378
249,62,372
249,63,367
249,64,376
249,65,361
249,66,379
249,67,376
249,68,368
249,69,372
249,70,380
249,71,365
249,72,375
249,73,382
249,74,377
249,75,372
249,76,381
249,77,370
249,78,376
249,79,372
249,80,385
249,81,381
249,82,382
249,83,372
249,84,381
249,85,369
249,86,376
249,87,376
249,88,389
249,89,364
249,90,377
249,91,365
249,92,376
249,93,375
249,94,360
249,95,387
249,96,374
249,97,369
249,98,372
249,99,373
249,100,373
249,101,376
249,102,360
249,103,368
249,104,390
249,105,372
249,106,362
249,107,382
249,108,383
249,109,391
249,110,374
249,111,381
249,112,368
249,113,362
249,114,381
249,115,385
249,116,364
249,117,370
249,118,374
249,119,379
249,120,381
249,121,378
249,122,370
249,123,364
249,124,370
249,125,372
249,126,363
249,127,367
249,128,379
249,129,386
249,130,378
249,131,366
249,132,374
249,133,376
249,134,379
249,135,361
249,136,377
249,137,384
249,138,379
249,139,368
249,140,368
249,141,389
249,142,370
249,143,385
249,144,375
249,145,376
249,146,368
249,147,362
249,148,357
249,149,362
249,150,375
249,151,374
249,152,379
249,153,376
249,154,363
249,155,367
249,156,364
249,157,383
249,158,380
249,159,379
249,160,369
249,161,369
249,162,371
249,163,387
249,164,364
249,165,366
249,166,376
249,167,365
249,168,377
249,169,374
249,170,385
249,171,365
249,172,380
249,173,371
249,174,376
249,175,385
249,176,374
249,177,369
249,178,366
249,179,363
249,180,374
249,181,373
249,182,373
249,183,361
249,184,373
249,185,357
249,186,381
249,187,380
249,188,380
249,189,368
249,190,372
249,191,377
249,192,379
249,193,371
249,194,377
249,195,371
249,196,380
249,197,380
249,198,378
249,199,364
249,200,376
250,1,2
250,2,6
250,3,20
250,4,83
250,5,240
250,6,347
250,7,385
250,8,371
250,9,368
250,10,381
250,11,376
250,12,373
250,13,385
250,14,367
250,15,374
250,16,377
250,17,376
250,18,380
250,19,372
250,20,385
250,21,377
250,22,389
250,23,368
250,24,382
250,25,375
250,26,373
250,27,377
250,28,379
250,29,385
250,30,369
250,31,372
250,32,364
250,33,382
250,34,370
250,35,364
250,36,368
250,37,375
250,38,368
250,39,378
250,40,380
250,41,377
250,42,393
250,43,375
250,44,373
250,45,384
250,46,376
250,47,367
250,48,380
250,49,374
250,50,369
250,51,380
250,52,371
250,53,379
250,54,360
250,55,371
250,56,369
250,57,380
250,58,373
250,59,370
250,60,369
250,61,354
250,62,381
250,63,381
250,64,372
250,65,383
250,66,361
250,67,379
250,68,365
250,69,371
250,70,370
250,71,376
250,72,380
250,73,391
250,74,375
250,75,373
250,76,374
250,77,367
250,78,387
250,79,377
250,80,365
250,81,376
250,82,372
250,83,374
250,84,375
250,85,371
250,86,376
250,87,377
250,88,385
250,89,378
250,90,380
250,91,375
250,92,360
250,93,373
250,94,365
250,95,369
250,96,378
250,97,390
250,98,386
250,99,378
250,100,377
250,101,377
250,102,363
250,103,376
250,104,374
250,105,370
250,106,376
250,107,373
250,108,387
250,109,372
250,110,383
250,111,370
250,112,378
250,113,378
250,114,380
250,115,378
250,116,366
250,117,370
250,118,364
250,119,351
250,120,382
250,121,380
250,122,385
250,123,364
250,124,369
250,125,373
250,126,387
250,127,371
250,128,372
250,129,378
250,130,379
250,131,375
250,132,364
250,133,379
250,134,372
250,135,375
250,136,389
250,137,375
250,138,376
250,139,380
250,140,378
250,141,366
250,142,380
250,143,376
250,144,361
250,145,366
250,146,377
250,147,384
250,148,378
250,149,384
250,150,372
250,151,386
250,152,376
250,153,376
250,154,377
250,155,378
250,156,378
250,157,380
250,158,371
250,159,374
250,160,373
250,161,379
250,162,375
250,163,381
250,164,375
250,165,381
250,166,363
250,167,375
250,168,368
250,169,374
250,170,368
250,171,376
250,172,373
250,173,382
250,174,377
250,175,367
250,176,362
250,177,367
250,178,374
250,179,378
250,180,376
250,181,380
250,182,381
250,183,368
250,184,383
250,185,380
250,186,385
250,187,378
250,188,378
250,189,371
250,190,371
250,191,369
250,192,372
250,193,367
250,194,367
250,195,377
250,196,381
250,197,377
250,198,368
250,199,379
250,200,376
251,1,8
251,2,40
251,3,160
251,4,319
251,5,372
251,6,374
251,7,366
251,8,382
251,9,369
251,10,372
251,11,382
251,12,373
251,13,370
251,14,370
251,15,375
251,16,374
251,17,382
251,18,378
251,19,367
251,20,369
251,21,376
251,22,373
251,23,363
251,24,374
251,25,374
251,26,369
251,27,369
251,28,372
251,29,368
251,30,382
251,31,369
251,32,381
251,33,375
251,34,384
251,35,364
251,36,384
251,37,376
251,38,366
251,39,373
251,40,384
251,41,377
251,42,366
251,43,368
251,44,374
251,45,377
251,46,372
251,47,381
251,48,375
251,49,381
251,50,386
251,51,373
251,52,377
251,53,366
251,54,371
251,55,372
251,56,369
251,57,378
251,58,371
251,59,374
251,60,377
251,61,377
251,62,373
251,63,375
251,64,386
251,65,387
251,66,388
251,67,381
251,68,382
251,69,373
251,70,382
251,71,372
251,72,364
251,73,373
251,74,376
251,75,362
251,76,365
251,77,374
251,78,370
251,79,377
251,80,368
251,81,360
251,82,388
251,83,376
251,84,374
251,85,367
251,86,391
251,87,370
251,88,380
251,89,373
251,90,384
251,91,377
251,92,357
251,93,370
251,94,368
251,95,365
251,96,375
251,97,365
251,98,380
251,99,373
251,100,366
251,101,383
251,102,382
251,103,389
251,104,376
251,105,374
251,106,376
251,107,373
251,108,378
251,109,393
251,110,362
251,111,372
251,112,381
251,113,366
251,114,375
251,115,384
251,116,377
251,117,371
251,118,388
251,119,383
251,120,378
251,121,377
251,122,371
251,123,366
251,124,381
251,125,376
251,126,378
251,127,379
251,128,373
251,129,383
251,130,379
251,131,387
251,132,370
251,133,358
251,134,368
251,135,365
251,136,378
251,137,372
251,138,371
251,139,377
251,140,369
251,141,364
251,142,368
251,143,372
251,144,377
251,145,376
251,146,371
251,147,369
251,148,372
251,149,376
251,150,375
251,151,371
251,152,381
251,153,374
251,154,381
251,155,361
251,156,357
251,157,384
251,158,371
251,159,374
251,160,391
251,161,381
251,162,373
251,163,369
251,164,375
251,165,375
251,166,360
251,167,386
251,168,375
251,169,379
251,170,377
251,171,384
251,172,384
251,173,388
251,174,369
251,175,374
251,176,376
251,177,364
251,178,382
251,179,376
251,180,374
251,181,381
251,182,368
251,183,385
251,184,375
251,185,369
251,186,379
251,187,374
251,188,377
251,189,372
251,190,379
251,191,376
251,192,374
251,193,383
251,194,374
251,195,374
251,196,381
251,197,380
251,198,373
251,199,372
251,200,376
252,1,1
252,2,9
252,3,45
252,4,164
252,5,333
252,6,351
252,7,374
252,8,363
252,9,380
252,10,386
252,11,381
252,12,382
252,13,362
252,14,390
252,15,383
252,16,366
252,17,388
252,18,375
252,19,381
252,20,386
252,21,387
252,22,384
252,23,364
252,24,373
252,25,373
252,26,384
252,27,364
252,28,378
252,29,383
252,30,374
252,31,365
252,32,375
252,33,365
252,34,373
252,35,362
252,36,371
252,37,374
252,38,369
252,39,391
252,40,374
252,41,378
252,42,379
252,43,373
252,44,373
252,45,360
252,46,377
252,47,381
252,48,394
252,49,370
252,50,371
252,51,381
252,52,376
252,53,365
252,54,381
252,55,371
252,56,376
252,57,370
252,58,374
252,59,375
252,60,379
252,61,374
252,62,361
252,63,367
252,64,371
252,65,376
252,66,383
252,67,369
252,68,364
252,69,370
252,70,379
252,71,371
252,72,376
252,73,374
252,74,370
252,75,390
252,76,376
252,77,370
252,78,383
252,79,380
252,80,371
252,81,366
252,82,376
252,83,368
252,84,373
252,85,365
252,86,376
252,87,371
252,88,370
252,89,368
252,90,357
252,91,376
252,92,376
252,93,380
252,94,373
252,95,377
252,96,367
252,97,379
252,98,383
252,99,371
252,100,372
252,101,377
252,102,385
252,103,384
252,104,362
252,105,384
252,106,372
252,107,380
252,108,378
252,109,375
252,110,382
252,111,372
252,112,370
252,113,389
252,114,370
252,115,369
252,116,371
252,117,370
252,118,373
252,119,386
252,120,389
252,121,376
252,122,372
252,123,383
252,124,360
252,125,380
252,126,376
252,127,384
252,128,367
252,129,383
252,130,374
252,131,375
252,132,375
252,133,371
252,134,366
252,135,360
252,136,383
252,137,368
252,138,382
252,139,361
252,140,375
252,141,361
252,142,367
252,143,376
252,144,376
252,145,378
252,146,377
252,147,363
252,148,378
252,149,380
252,150,383
252,151,383
252,152,370
252,153,378
252,154,367
252,155,375
252,156,363
252,157,377
252,158,374
252,159,388
252,160,386
252,161,382
252,162,368
252,163,365
252,164,374
252,165,366
252,166,364
252,167,373
252,168,375
252,169,371
252,170,368
252,171,374
252,172,374
252,173,375
252,174,371
252,175,382
252,176,385
252,177,379
252,178,377
252,179,378
252,180,377
252,181,375
252,182,387
252,183,358
252,184,373
252,185,370
252,186,375
252,187,370
252,188,387
252,189,369
252,190,383
252,191,374
252,192,377
252,193,378
252,194,378
252,195,365
252,196,367
252,197,379
252,198,377
252,199,386
252,200,385
253,1,3
253,2,8
253,3,25
253,4,92
253,5,232
253,6,350
253,7,372
253,8,368
253,9,377
253,10,363
253,11,381
253,12,372
253,13,368
253,14,380
253,15,375
253,16,381
253,17,377
253,18,365
253,19,378
253,20,376
253,21,379
253,22,367
253,23,377
253,24,375
253,25,387
253,26,379
253,27,359
253,28,378
253,29,372
253,30,374
253,31,368
253,32,375
253,33,369
253,34,378
253,35,378
253,36,371
253,37,379
253,38,371
253,39,374
253,40,367
253,41,365
253,42,378
253,43,368
253,44,374
253,45,375
253,46,378
253,47,375
253,48,367
253,49,372
253,50,377
253,51,364
253,52,375
253,53,372
253,54,376
253,55,369
253,56,375
253,57,369
253,58,367
253,59,370
253,60,396
253,61,362
253,62,385
253,63,383
253,64,367
253,65,369
253,66,385
253,67,381
253,68,370
253,69,355
253,70,376
253,71,377
253,72,366
253,73,378
253,74,370
253,75,369
253,76,373
253,77,382
253,78,370
253,79,379
253,80,371
253,81,377
253,82,371
253,83,372
253,84,373
253,85,373
253,86,365
253,87,373
253,88,375
253,89,379
253,90,369
253,91,370
253,92,373
253,93,381
253,94,384
253,95,376
253,96,380
253,97,391
253,98,370
253,99,377
253,100,369
253,101,374
253,102,386
253,103,380
253,104,363
253,105,383
253,106,379
253,107,378
253,108,379
253,109,371
253,110,382
253,111,375
253,112,379
253,113,377
253,114,383
253,115,379
253,116,366
253,117,365
253,118,368
253,119,374
253,120,376
253,121,367
253,122,370
253,123,381
253,124,385
253,125,376
253,126,371
253,127,372
253,128,375
253,129,372
253,130,355
253,131,355
253,132,389
253,133,379
253,134,381
253,135,361
253,136,378
253,137,387
253,138,362
253,139,360
253,140,368
253,141,371
253,142,380
253,143,386
253,144,367
253,145,380
253,146,370
253,147,375
253,148,370
253,149,373
253,150,383
253,151,365
253,152,379
253,153,375
253,154,365
253,155,377
253,156,377
253,157,386
253,158,380
253,159,383
253,160,385
253,161,372
253,162,359
253,163,371
253,164,369
253,165,378
253,166,371
253,167,361
253,168,360
253,169,376
253,170,379
253,171,383
253,172,368
253,173,383
253,174,366
253,175,379
253,176,381
253,177,374
253,178,378
253,179,392
253,180,381
253,181,369
253,182,386
253,183,382
253,184,387
253,185,373
253,186,375
253,187,384
253,188,367
253,189,372
253,190,372
253,191,377
253,192,379
253,193,364
253,194,376
253,195,386
253,196,363
253,197,382
253,198,370
253,199,370
253,200,382
254,1,6
254,2,25
254,3,91
254,4,236
254,5,348
254,6,372
254,7,382
254,8,378
254,9,383
254,10,372
254,11,387
254,12,371
254,13,378
254,14,363
254,15,377
254,16,367
254,17,384
254,18,375
254,19,370
254,20,368
254,21,369
254,22,379
254,23,381
254,24,364
254,25,374
254,26,374
254,27,387
254,28,387
254,29,386
254,30,366
254,31,360
254,32,368
254,33,376
254,34,373
254,35,371
254,36,363
254,37,365
254,38,376
254,39,368
254,40,360
254,41,383
254,42,379
254,43,386
254,44,378
254,45,381
254,46,374
254,47,385
254,48,383
254,49,360
254,50,379
254,51,366
254,52,375
254,53,380
254,54,369
254,55,376
254,56,373
254,57,379
254,58,366
254,59,372
254,60,368
254,61,369
254,62,367
254,63,377
254,64,371
254,65,391
254,66,378
254,67,383
254,68,394
254,69,371
254,70,376
254,71,378
254,72,370
254,73,368
254,74,375
254,75,384
254,76,369
254,77,380
254,78,377
254,79,366
254,80,383
254,81,377
254,82,379
254,83,367
254,84,372
254,85,378
254,86,377
254,87,388
254,88,380
254,89,385
254,90,365
254,91,370
254,92,372
254,93,366
254,94,371
254,95,377
254,96,378
254,97,382
254,98,368
254,99,362
254,100,376
254,101,396
254,102,355
254,103,363
254,104,370
254,105,374
254,106,375
254,107,361
254,108,370
254,109,370
254,110,377
254,111,378
254,112,377
254,113,354
254,114,378
254,115,385
254,116,377
254,117,378
254,118,373
254,119,379
254,120,363
254,121,363
254,122,368
254,123,377
254,124,368
254,125,375
254,126,382
254,127,375
254,128,376
254,129,392
254,130,384
254,131,374
254,132,370
254,133,377
254,134,378
254,135,371
254,136,381
254,137,373
254,138,365
254,139,371
254,140,369
254,141,361
254,142,379
254,143,376
254,144,372
254,145,382
254,146,379
254,147,380
254,148,364
254,149,370
254,150,377
254,151,365
254,152,361
254,153,373
254,154,381
254,155,383
254,156,375
254,157,371
254,158,388
254,159,362
254,160,380
254,161,377
254,162,376
254,163,386
254,164,379
254,165,378
254,166,357
254,167,376
254,168,379
254,169,382
254,170,380
254,171,360
254,172,381
254,173,363
254,174,381
254,175,376
254,176,380
254,177,374
254,178,390
254,179,358
254,180,386
254,181,366
254,182,377
254,183,363
254,184,377
254,185,375
254,186,373
254,187,371
254,188,379
254,189,366
254,190,373
254,191,377
254,192,379
254,193,375
254,194,368
254,195,371
254,196,373
254,197,390
254,198,362
254,199,366
254,200,360
255,1,1
255,2,6
255,3,24
255,4,82
255,5,214
255,6,335
255,7,381
255,8,375
255,9,380
255,10,378
255,11,378
255,12,374
255,13,387
255,14,378
255,15,368
255,16,381
255,17,363
255,18,374
255,19,366
255,20,372
255,21,380
255,22,385
255,23,363
255,24,384
255,25,374
255,26,384
255,27,388
255,28,390
255,29,389
255,30,375
255,31,387
255,32,370
255,33,370
255,34,375
255,35,384
255,36,374
255,37,377
255,38,380
255,39,377
255,40,380
255,41,364
255,42,365
255,43,384
255,44,382
255,45,365
255,46,371
255,47,372
255,48,369
255,49,360
255,50,370
255,51,372
255,52,375
255,53,383
255,54,376
255,55,383
255,56,376
255,57,381
255,58,375
255,59,366
255,60,380
255,61,384
255,62,371
255,63,375
255,64,383
255,65,379
255,66,372
255,67,382
255,68,373
255,69,370
255,70,371
255,71,359
255,72,376
255,73,379
255,74,368
255,75,377
255,76,379
255,77,376
255,78,358
255,79,374
255,80,375
255,81,374
255,82,375
255,83,376
255,84,384
255,85,380
255,86,363
255,87,373
255,88,372
255,89,385
255,90,377
255,91,384
255,92,369
255,93,370
255,94,371
255,95,376
255,96,380
255,97,380
255,98,374
255,99,373
255,100,372
255,101,376
255,102,384
255,103,373
255,104,367
255,105,378
255,106,375
255,107,357
255,108,371
255,109,377
255,110,375
255,111,368
255,112,382
255,113,373
255,114,372
255,115,376
255,116,381
255,117,385
255,118,383
255,119,375
255,120,368
255,121,368
255,122,372
255,123,383
255,124,368
255,125,370
255,126,372
255,127,375
255,128,384
255,129,365
255,130,373
255,131,372
255,132,376
255,133,376
255,134,373
255,135,360
255,136,372
255,137,380
255,138,368
255,139,373
255,140,362
255,141,380
255,142,365
255,143,384
255,144,369
255,145,387
255,146,378
255,147,367
255,148,381
255,149,367
255,150,367
255,151,380
255,152,386
255,153,378
255,154,364
255,155,365
255,156,371
255,157,384
255,158,380
255,159,387
255,160,380
255,161,378
255,162,369
255,163,378
255,164,370
255,165,372
255,166,370
255,167,372
255,168,371
255,169,369
255,170,379
255,171,373
255,172,363
255,173,384
255,174,377
255,175,371
255,176,381
255,177,377
255,178,375
255,179,372
255,180,374
255,181,372
255,182,387
255,183,383
255,184,378
255,185,376
255,186,366
255,187,368
255,188,375
255,189,372
255,190,379
255,191,374
255,192,384
255,193,382
255,194,370
255,195,364
255,196,379
255,197,366
255,198,370
255,199,389
255,200,378
256,1,4
256,2,14
256,3,56
256,4,161
256,5,291
256,6,374
256,7,376
256,8,372
256,9,366
256,10,369
256,11,383
256,12,352
256,13,378
256,14,381
256,15,365
256,16,370
256,17,376
256,18,364
256,19,372
256,20,376
256,21,377
256,22,383
256,23,370
256,24,376
256,25,388
256,26,383
256,27,357
256,28,377
256,29,371
256,30,371
256,31,369
256,32,366
256,33,378
256,34,384
256,35,360
256,36,369
256,37,366
256,38,371
256,39,384
256,40,367
256,41,375
256,42,374
256,43,378
256,44,374
256,45,372
256,46,365
256,47,367
256,48,386
256,49,375
256,50,367
256,51,378
256,52,375
256,53,358
256,54,375
256,55,377
256,56,376
256,57,384
256,58,377
256,59,381
256,60,376
256,61,368
256,62,378
256,63,360
256,64,367
256,65,369
256,66,381
256,67,368
256,68,371
256,69,382
256,70,378
256,71,383
256,72,374
256,73,371
256,74,379
256,75,374
256,76,376
256,77,387
256,78,385
256,79,371
256,80,361
256,81,375
256,82,378
256,83,365
256,84,387
256,85,389
256,86,385
256,87,390
256,88,383
256,89,374
256,90,379
256,91,365
256,92,384
256,93,370
256,94,365
256,95,378
256,96,386
256,97,379
256,98,368
256,99,374
256,100,373
256,101,383
256,102,375
256,103,373
256,104,376
256,105,382
256,106,374
256,107,373
256,108,385
256,109,382
256,110,378
256,111,373
256,112,365
256,113,389
256,114,374
256,115,378
256,116,376
256,117,369
256,118,371
256,119,370
256,120,345
256,121,360
256,122,377
256,123,357
256,124,364
256,125,384
256,126,366
256,127,375
256,128,387
256,129,379
256,130,376
256,131,378
256,132,362
256,133,383
256,134,370
256,135,379
256,136,381
256,137,380
256,138,365
256,139,373
256,140,375
256,141,386
256,142,378
256,143,372
256,144,373
256,145,372
256,146,382
256,147,372
256,148,380
256,149,377
256,150,381
256,151,375
256,152,381
256,153,379
256,154,367
256,155,384
256,156,366
256,157,379
256,158,368
256,159,362
256,160,370
256,161,369
256,162,374
256,163,382
256,164,371
256,165,376
256,166,389
256,167,377
256,168,366
256,169,375
256,170,376
256,171,380
256,172,360
256,173,363
256,174,375
256,175,374
256,176,365
256,177,386
256,178,372
256,179,371
256,180,376
256,181,384
256,182,370
256,183,366
256,184,386
256,185,375
256,186,380
256,187,377
256,188,365
256,189,375
256,190,388
256,191,381
256,192,371
256,193,381
256,194,384
256,195,375
256,196,379
256,197,371
256,198,374
256,199,385
256,200,380
257,1,5
257,2,24
257,3,87
257,4,210
257,5,350
257,6,374
257,7,372
257,8,377
257,9,376
257,10,378
257,11,373
257,12,374
257,13,388
257,14,370
257,15,379
257,16,381
257,17,373
257,18,375
257,19,385
257,20,366
257,21,373
257,22,383
257,23,384
257,24,374
257,25,375
257,26,371
257,27,385
257,28,381
257,29,376
257,30,369
257,31,369
257,32,366
257,33,380
257,34,369
257,35,374
257,36,378
257,37,370
257,38,372
257,39,383
257,40,387
257,41,375
257,42,377
257,43,375
257,44,375
257,45,383
257,46,368
257,47,364
257,48,378
257,49,370
257,50,371
257,51,375
257,52,365
257,53,365
257,54,369
257,55,371
257,56,356
257,57,365
257,58,374
257,59,374
257,60,372
257,61,382
257,62,373
257,63,372
257,64,374
257,65,375
257,66,371
257,67,365
257,68,362
257,69,389
257,70,363
257,71,379
257,72,372
257,73,375
257,74,381
257,75,383
257,76,380
257,77,376
257,78,380
257,79,367
257,80,375
257,81,379
257,82,383
257,83,374
257,84,382
257,85,380
257,86,372
257,87,380
257,88,366
257,89,367
257,90,376
257,91,381
257,92,373
257,93,359
257,94,362
257,95,374
257,96,379
257,97,373
257,98,376
257,99,366
257,100,366
257,101,364
257,102,370
257,103,384
257,104,363
257,105,370
257,106,360
257,107,368
257,108,359
257,109,387
257,110,372
257,111,376
257,112,370
257,113,382
257,114,384
257,115,380
257,116,382
257,117,370
257,118,374
257,119,374
257,120,379
257,121,371
257,122,377
257,123,372
257,124,370
257,125,383
257,126,378
257,127,384
257,128,361
257,129,371
257,130,367
257,131,372
257,132,377
257,133,389
257,134,359
257,135,370
257,136,364
257,137,372
257,138,384
257,139,351
257,140,371
257,141,382
257,142,375
257,143,381
257,144,375
257,145,379
257,146,367
257,147,364
257,148,355
257,149,382
257,150,379
257,151,370
257,152,371
257,153,370
257,154,374
257,155,378
257,156,379
257,157,368
257,158,366
257,159,362
257,160,368
257,161,387
257,162,381
257,163,386
257,164,367
257,165,369
257,166,374
257,167,386
257,168,365
257,169,395
257,170,363
257,171,373
257,172,378
257,173,365
257,174,377
257,175,363
257,176,381
257,177,372
257,178,381
257,179,368
257,180,376
257,181,372
257,182,375
257,183,366
257,184,379
257,185,389
257,186,371
257,187,367
257,188,373
257,189,376
257,190,372
257,191,389
257,192,373
257,193,369
257,194,370
257,195,360
257,196,373
257,197,362
257,198,381
257,199,367
257,200,363
258,1,3
258,2,13
258,3,60
258,4,194
258,5,341
258,6,363
258,7,371
258,8,372
258,9,368
258,10,373
258,11,359
258,12,379
258,13,365
258,14,362
258,15,369
258,16,364
258,17,373
258,18,374
258,19,375
258,20,377
258,21,364
258,22,357
258,23,377
258,24,372
258,25,394
258,26,368
258,27,375
258,28,368
258,29,380
258,30,375
258,31,376
258,32,369
258,33,387
258,34,371
258,35,364
258,36,372
258,37,378
258,38,381
258,39,375
258,40,372
258,41,380
258,42,355
258,43,362
258,44,366
258,45,379
258,46,376
258,47,381
258,48,368
258,49,367
258,50,372
258,51,371
258,52,381
258,53,367
258,54,379
258,55,357
258,56,386
258,57,372
258,58,377
258,59,370
258,60,382
258,61,373
258,62,380
258,63,369
258,64,374
258,65,370
258,66,376
258,67,383
258,68,375
258,69,382
258,70,375
258,71,362
258,72,384
258,73,374
258,74,380
258,75,377
258,76,371
258,77,374
258,78,364
258,79,377
258,80,369
258,81,360
258,82,373
258,83,383
258,84,371
258,85,373
258,86,369
258,87,363
258,88,362
258,89,364
258,90,391
258,91,373
258,92,369
258,93,380
258,94,375
258,95,375
258,96,370
258,97,362
258,98,373
258,99,361
258,100,377
258,101,364
258,102,384
258,103,360
258,104,368
258,105,375
258,106,369
258,107,372
258,108,373
258,109,382
258,110,374
258,111,358
258,112,362
258,113,375
258,114,386
258,115,374
258,116,375
258,117,362
258,118,367
258,119,369
258,120,388
258,121,385
258,122,381
258,123,365
258,124,369
258,125,390
258,126,374
258,127,385
258,128,384
258,129,374
258,130,375
258,131,368
258,132,373
258,133,367
258,134,387
258,135,361
258,136,389
258,137,383
258,138,369
258,139,379
258,140,363
258,141,381
258,142,381
258,143,381
258,144,392
258,145,369
258,146,359
258,147,371
258,148,364
258,149,379
258,150,374
258,151,372
258,152,363
258,153,368
258,154,372
258,155,378
258,156,375
258,157,371
258,158,390
258,159,364
258,160,355
258,161,373
258,162,372
258,163,377
258,164,378
258,165,375
258,166,366
258,167,363
258,168,386
258,169,374
258,170,372
258,171,377
258,172,384
258,173,380
258,174,375
258,175,377
258,176,374
258,177,372
258,178,375
258,179,379
258,180,367
258,181,364
258,182,377
258,183,376
258,184,393
258,185,358
258,186,369
258,187,385
258,188,387
258,189,366
258,190,362
258,191,382
258,192,365
258,193,375
258,194,380
258,195,365
258,196,364
258,197,383
258,198,371
258,199,365
258,200,374
259,1,6
259,2,22
259,3,81
259,4,238
259,5,350
259,6,369
259,7,383
259,8,368
259,9,358
259,10,373
259,11,375
259,12,375
259,13,371
259,14,367
259,15,372
259,16,373
259,17,376
259,18,370
259,19,371
259,20,368
259,21,379
259,22,384
259,23,383
259,24,387
259,25,382
259,26,378
259,27,374
259,28,374
259,29,373
259,30,377
259,31,370
259,32,381
259,33,392
259,34,380
259,35,369
259,36,390
259,37,376
259,38,380
259,39,373
259,40,374
259,41,382
259,42,380
259,43,370
259,44,378
259,45,375
259,46,391
259,47,372
259,48,373
259,49,372
259,50,386
259,51,372
259,52,373
259,53,378
259,54,376
259,55,376
259,56,367
259,57,369
259,58,376
259,59,378
259,60,376
259,61,383
259,62,378
259,63,374
259,64,374
259,65,366
259,66,375
259,67,375
259,68,384
259,69,375
259,70,382
259,71,370
259,72,370
259,73,368
259,74,372
259,75,383
259,76,390
259,77,376
259,78,375
259,79,363
259,80,375
259,81,381
259,82,367
259,83,373
259,84,372
259,85,368
259,86,373
259,87,381
259,88,378
259,89,362
259,90,377
259,91,363
259,92,390
259,93,370
259,94,369
259,95,374
259,96,362
259,97,361
259,98,374
259,99,368
259,100,379
259,101,379
259,102,384
259,103,387
259,104,383
259,105,378
259,106,377
259,107,372
259,108,368
259,109,378
259,110,377
259,111,383
259,112,381
259,113,384
259,114,362
259,115,371
259,116,378
259,117,377
259,118,377
259,119,379
259,120,367
259,121,374
259,122,372
259,123,392
259,124,377
259,125,382
259,126,377
259,127,375
259,128,371
259,129,382
259,130,381
259,131,378
259,132,377
259,133,376
259,134,365
259,135,373
259,136,372
259,137,377
259,138,355
259,139,378
259,140,372
259,141,363
259,142,374
259,143,374
259,144,368
259,145,372
259,146,376
259,147,382
259,148,367
259,149,379
259,150,388
259,151,384
259,152,366
259,153,372
259,154,386
259,155,363
259,156,391
259,157,365
259,158,376
259,159,372
259,160,369
259,161,379
259,162,378
259,163,376
259,164,384
259,165,380
259,166,376
259,167,384
259,168,380
259,169,369
259,170,376
259,171,370
259,172,377
259,173,375
259,174,386
259,175,369
259,176,367
259,177,379
259,178,375
259,179,371
259,180,370
259,181,382
259,182,367
259,183,378
259,184,373
259,185,359
259,186,366
259,187,363
259,188,379
259,189,378
259,190,382
259,191,376
259,192,371
259,193,373
259,194,375
259,195,381
259,196,366
259,197,376
259,198,377
259,199,371
259,200,357
260,1,8
260,2,32
260,3,114
260,4,277
260,5,359
260,6,379
260,7,371
260,8,386
260,9,380
260,10,374
260,11,379
260,12,368
260,13,376
260,14,373
260,15,376
260,16,379
260,17,374
260,18,372
260,19,372
260,20,370
260,21,374
260,22,373
260,23,373
260,24,372
260,25,375
260,26,397
260,27,376
260,28,388
260,29,385
260,30,382
260,31,376
260,32,372
260,33,373
260,34,375
260,35,378
260,36,370
260,37,369
260,38,365
260,39,377
260,40,368
260,41,382
260,42,365
260,43,391
260,44,380
260,45,371
260,46,378
260,47,368
260,48,383
260,49,368
260,50,376
260,51,391
260,52,377
260,53,381
260,54,369
260,55,384
260,56,382
260,57,371
260,58,375
260,59,371
260,60,385
260,61,369
260,62,380
260,63,382
260,64,374
260,65,373
260,66,385
260,67,366
260,68,379
260,69,371
260,70,385
260,71,384
260,72,374
260,73,376
260,74,378
260,75,370
260,76,369
260,77,390
260,78,378
260,79,369
260,80,377
260,81,369
260,82,373
260,83,369
260,84,389
260,85,378
260,86,383
260,87,375
260,88,391
260,89,379
260,90,383
260,91,376
260,92,380
260,93,371
260,94,377
260,95,371
260,96,372
260,97,369
260,98,368
260,99,362
260,100,378
260,101,372
260,102,366
260,103,377
260,104,373
260,105,365
260,106,372
260,107,380
260,108,383
260,109,372
260,110,372
260,111,354
260,112,373
260,113,370
260,114,369
260,115,371
260,116,377
260,117,369
260,118,366
260,119,372
260,120,373
260,121,377
260,122,372
260,123,376
260,124,371
260,125,375
260,126,375
260,127,368
260,128,371
260,129,386
260,130,371
260,131,379
260,132,367
260,133,377
260,134,380
260,135,361
260,136,381
260,137,370
260,138,374
260,139,364
260,140,370
260,141,375
260,142,372
260,143,376
260,144,372
260,145,386
260,146,385
260,147,378
260,148,376
260,149,381
260,150,384
260,151,370
260,152,383
260,153,361
260,154,384
260,155,370
260,156,374
260,157,369
260,158,372
260,159,368
260,160,369
260,161,365
260,162,373
260,163,372
260,164,358
260,165,373
260,166,370
260,167,371
260,168,387
260,169,362
260,170,383
260,171,377
260,172,377
260,173,378
260,174,371
260,175,369
260,176,364
260,177,377
260,178,382
260,179,378
260,180,368
260,181,375
260,182,375
260,183,378
260,184,372
260,185,362
260,186,378
260,187,372
260,188,374
260,189,375
260,190,369
260,191,387
260,192,381
260,193,368
260,194,379
260,195,376
260,196,370
260,197,369
260,198,385
260,199,380
260,200,378
261,1,7
261,2,31
261,3,110
261,4,270
261,5,358
261,6,369
261,7,372
261,8,379
261,9,378
261,10,368
261,11,377
261,12,380
261,13,371
261,14,378
261,15,374
261,16,371
261,17,383
261,18,380
261,19,364
261,20,376
261,21,380
261,22,373
261,23,388
261,24,376
261,25,376
261,26,380
261,27,382
261,28,372
261,29,377
261,30,367
261,31,381
261,32,377
261,33,382
261,34,381
261,35,380
261,36,376
261,37,366
261,38,371
261,39,355
261,40,366
261,41,370
261,42,376
261,43,382
261,44,380
261,45,374
261,46,369
261,47,373
261,48,382
261,49,378
261,50,383
261,51,370
261,52,387
261,53,381
261,54,373
261,55,375
261,56,371
261,57,365
261,58,369
261,59,377
261,60,381
261,61,379
261,62,376
261,63,362
261,64,386
261,65,370
261,66,364
261,67,374
261,68,370
261,69,369
261,70,374
261,71,371
261,72,387
261,73,370
261,74,376
261,75,373
261,76,371
261,77,375
261,78,370
261,79,362
261,80,372
261,81,376
261,82,371
261,83,370
261,84,363
261,85,376
261,86,370
261,87,373
261,88,376
261,89,359
261,90,367
261,91,377
261,92,395
261,93,371
261,94,375
261,95,371
261,96,371
261,97,379
261,98,386
261,99,378
261,100,375
261,101,390
261,102,376
261,103,382
261,104,368
261,105,374
261,106,375
261,107,371
261,108,377
261,109,371
261,110,378
261,111,374
261,112,360
261,113,368
261,114,376
261,115,380
261,116,366
261,117,371
261,118,373
261,119,370
261,120,379
261,121,371
261,122,374
261,123,379
261,124,373
261,125,369
261,126,376
261,127,376
261,128,368
261,129,365
261,130,373
261,131,375
261,132,391
261,133,377
261,134,372
261,135,374
261,136,362
261,137,369
261,138,371
261,139,365
261,140,370
261,141,392
261,142,377
261,143,379
261,144,373
261,145,372
261,146,375
261,147,372
261,148,373
261,149,363
261,150,370
261,151,374
261,152,361
261,153,384
261,154,375
261,155,371
261,156,371
261,157,370
261,158,379
261,159,383
261,160,373
261,161,387
261,162,368
261,163,355
261,164,370
261,165,379
261,166,378
261,167,368
261,168,368
261,169,372
261,170,371
261,171,377
261,172,354
261,173,364
261,174,375
261,175,374
261,176,368
261,177,364
261,178,371
261,179,383
261,180,376
261,181,385
261,182,381
261,183,379
261,184,375
261,185,376
261,186,366
261,187,365
261,188,367
261,189,366
261,190,374
261,191,375
261,192,385
261,193,364
261,194,366
261,195,378
261,196,353
261,197,376
261,198,354
261,199,383
261,200,389
262,1,3
262,2,9
262,3,46
262,4,152
262,5,307
262,6,371
262,7,359
262,8,365
262,9,373
262,10,363
262,11,382
262,12,381
262,13,384
262,14,390
262,15,374
262,16,376
262,17,378
262,18,379
262,19,381
262,20,373
262,21,379
262,22,385
262,23,386
262,24,366
262,25,371
262,26,372
262,27,378
262,28,365
262,29,375
262,30,373
262,31,373
262,32,372
262,33,386
262,34,373
262,35,373
262,36,388
262,37,370
262,38,364
262,39,381
262,40,380
262,41,369
262,42,364
262,43,374
262,44,371
262,45,377
262,46,380
262,47,369
262,48,370
262,49,382
262,50,370
262,51,372
262,52,380
262,53,361
262,54,379
262,55,372
262,56,374
262,57,373
262,58,377
262,59,378
262,60,388
262,61,382
262,62,372
262,63,375
262,64,379
262,65,382
262,66,371
262,67,370
262,68,367
262,69,373
262,70,380
262,71,373
262,72,360
262,73,362
262,74,379
262,75,366
262,76,387
262,77,386
262,78,383
262,79,376
262,80,372
262,81,374
262,82,369
262,83,373
262,84,368
262,85,357
262,86,383
262,87,377
262,88,373
262,89,369
262,90,376
262,91,372
262,92,370
262,93,378
262,94,365
262,95,372
262,96,369
262,97,373
262,98,368
262,99,372
262,100,380
262,101,382
262,102,377
262,103,368
262,104,371
262,105,381
262,106,382
262,107,374
262,108,377
262,109,364
262,110,377
262,111,360
262,112,358
262,113,386
262,114,382
262,115,373
262,116,368
262,117,379
262,118,381
262,119,382
262,120,373
262,121,374
262,122,384
262,123,389
262,124,375
262,125,372
262,126,374
262,127,368
262,128,361
262,129,377
262,130,365
262,131,368
262,132,379
262,133,357
262,134,386
262,135,363
262,136,376
262,137,375
262,138,382
262,139,379
262,140,378
262,141,373
262,142,367
262,143,370
262,144,374
262,145,370
262,146,384
262,147,358
262,148,381
262,149,382
262,150,380
262,151,373
262,152,370
262,153,367
262,154,385
262,155,373
262,156,375
262,157,368
262,158,368
262,159,369
262,160,368
262,161,364
262,162,357
262,163,370
262,164,375
262,165,376
262,166,373
262,167,391
262,168,385
262,169,365
262,170,374
262,171,385
262,172,386
262,173,372
262,174,371
262,175,380
262,176,386
262,177,379
262,178,370
262,179,386
262,180,377
262,181,363
262,182,380
262,183,379
262,184,377
262,185,375
262,186,376
262,187,374
262,188,386
262,189,371
262,190,381
262,191,370
262,192,369
262,193,379
262,194,380
262,195,382
262,196,374
262,197,379
262,198,365
262,199,373
262,200,367
263,1,2
263,2,8
263,3,31
263,4,118
263,5,277
263,6,348
263,7,372
263,8,383
263,9,379
263,10,371
263,11,371
263,12,381
263,13,377
263,14,385
263,15,389
263,16,390
263,17,368
263,18,374
263,19,371
263,20,371
263,21,372
263,22,372
263,23,378
263,24,364
263,25,377
263,26,376
263,27,381
263,28,366
263,29,372
263,30,368
263,31,361
263,32,373
263,33,373
263,34,374
263,35,388
263,36,368
263,37,373
263,38,371
263,39,367
263,40,376
263,41,381
263,42,364
263,43,372
263,44,378
263,45,392
263,46,378
263,47,371
263,48,365
263,49,369
263,50,371
263,51,384
263,52,376
263,53,364
263,54,377
263,55,367
263,56,378
263,57,376
263,58,380
263,59,380
263,60,371
263,61,362
263,62,384
263,63,368
263,64,366
263,65,374
263,66,370
263,67,381
263,68,365
263,69,369
263,70,377
263,71,364
263,72,373
263,73,377
263,74,374
263,75,360
263,76,380
263,77,384
263,78,378
263,79,381
263,80,373
263,81,373
263,82,366
263,83,381
263,84,369
263,85,360
263,86,368
263,87,375
263,88,368
263,89,369
263,90,376
263,91,386
263,92,373
263,93,371
263,94,363
263,95,385
263,96,376
263,97,376
263,98,388
263,99,362
263,100,371
263,101,360
263,102,381
263,103,388
263,104,385
263,105,387
263,106,358
263,107,374
263,108,366
263,109,366
263,110,384
263,111,375
263,112,382
263,113,364
263,114,376
263,115,373
263,116,379
263,117,381
263,118,374
263,119,370
263,120,372
263,121,373
263,122,383
263,123,371
263,124,383
263,125,363
263,126,385
263,127,364
263,128,378
263,129,374
263,130,386
263,131,379
263,132,378
263,133,363
263,134,387
263,135,379
263,136,377
263,137,365
263,138,378
263,139,386
263,140,383
263,141,382
263,142,379
263,143,376
263,144,370
263,145,365
263,146,376
263,147,377
263,148,379
263,149,376
263,150,380
263,151,381
263,152,372
263,153,376
263,154,376
263,155,373
263,156,372
263,157,384
263,158,374
263,159,376
263,160,368
263,161,373
263,162,369
263,163,362
263,164,372
263,165,382
263,166,379
263,167,377
263,168,366
263,169,381
263,170,371
263,171,377
263,172,371
263,173,388
263,174,373
263,175,374
263,176,360
263,177,377
263,178,366
263,179,381
263,180,376
263,181,390
263,182,368
263,183,391
263,184,378
263,185,378
263,186,373
263,187,379
263,188,385
263,189,368
263,190,375
263,191,371
263,192,366
263,193,383
263,194,367
263,195,362
263,196,383
263,197,370
263,198,375
263,199,375
263,200,354
264,1,3
264,2,9
264,3,30
264,4,106
264,5,276
264,6,357
264,7,365
264,8,380
264,9,380
264,10,367
264,11,380
264,12,375
264,13,361
264,14,384
264,15,380
264,16,370
264,17,384
264,18,387
264,19,377
264,20,384
264,21,371
264,22,374
264,23,374
264,24,373
264,25,374
264,26,374
264,27,368
264,28,381
264,29,369
264,30,378
264,31,378
264,32,369
264,33,372
264,34,363
264,35,369
264,36,375
264,37,364
264,38,369
264,39,375
264,40,365
264,41,373
264,42,369
264,43,365
264,44,355
264,45,371
264,46,368
264,47,381
264,48,370
264,49,374
264,50,365
264,51,376
264,52,371
264,53,361
264,54,373
264,55,376
264,56,380
264,57,370
264,58,374
264,59,358
264,60,376
264,61,379
264,62,372
264,63,377
264,64,374
264,65,366
264,66,372
264,67,368
264,68,385
264,69,376
264,70,384
264,71,378
264,72,365
264,73,381
264,74,374
264,75,376
264,76,388
264,77,365
264,78,370
264,79,360
264,80,379
264,81,383
264,82,364
264,83,374
264,84,376
264,85,370
264,86,365
264,87,365
264,88,371
264,89,364
264,90,380
264,91,359
264,92,371
264,93,360
264,94,384
264,95,356
264,96,369
264,97,367
264,98,373
264,99,385
264,100,376
264,101,377
264,102,372
264,103,368
264,104,381
264,105,367
264,106,367
264,107,376
264,108,374
264,109,388
264,110,376
264,111,365
264,112,372
264,113,368
264,114,380
264,115,392
264,116,376
264,117,370
264,118,378
264,119,389
264,120,367
264,121,370
264,122,386
264,123,369
264,124,370
264,125,367
264,126,365
264,127,383
264,128,374
264,129,373
264,130,376
264,131,369
264,132,391
264,133,376
264,134,387
264,135,379
264,136,368
264,137,363
264,138,373
264,139,379
264,140,376
264,141,372
264,142,377
264,143,361
264,144,357
264,145,367
264,146,373
264,147,376
264,148,379
264,149,365
264,150,383
264,151,379
264,152,369
264,153,367
264,154,382
264,155,367
264,156,372
264,157,365
264,158,366
264,159,368
264,160,359
264,161,370
264,162,373
264,163,380
264,164,371
264,165,375
264,166,363
264,167,357
264,168,379
264,169,374
264,170,369
264,171,375
264,172,367
264,173,365
264,174,362
264,175,380
264,176,377
264,177,368
264,178,363
264,179,367
264,180,361
264,181,373
264,182,375
264,183,376
264,184,373
264,185,375
264,186,387
264,187,366
264,188,368
264,189,368
264,190,382
264,191,376
264,192,370
264,193,362
264,194,375
264,195,375
264,196,394
264,197,381
264,198,371
264,199,389
264,200,374
265,1,3
265,2,7
265,3,18
265,4,84
265,5,235
265,6,361
265,7,362
265,8,372
265,9,364
265,10,375
265,11,373
265,12,371
265,13,371
265,14,383
265,15,357
265,16,382
265,17,375
265,18,361
265,19,378
265,20,368
265,21,366
265,22,373
265,23,387
265,24,380
265,25,364
265,26,382
265,27,363
265,28,387
265,29,369
265,30,362
265,31,370
265,32,359
265,33,371
265,34,368
265,35,372
265,36,381
265,37,363
265,38,363
265,39,363
265,40,377
265,41,369
265,42,382
265,43,365
265,44,372
265,45,375
265,46,384
265,47,380
265,48,374
265,49,375
265,50,380
265,51,370
265,52,382
265,53,361
265,54,382
265,55,378
265,56,360
265,57,375
265,58,383
265,59,369
265,60,380
265,61,366
265,62,370
265,63,373
265,64,380
265,65,371
265,66,370
265,67,374
265,68,378
265,69,377
265,70,377
265,71,373
265,72,369
265,73,365
265,74,370
265,75,362
265,76,384
265,77,389
265,78,386
265,79,377
265,80,362
265,81,365
265,82,358
265,83,375
265,84,382
265,85,379
265,86,376
265,87,368
265,88,389
265,89,386
265,90,367
265,91,390
265,92,383
265,93,389
265,94,378
265,95,389
265,96,363
265,97,385
265,98,372
265,99,380
265,100,375
265,101,370
265,102,374
265,103,377
265,104,357
265,105,371
265,106,377
265,107,377
265,108,377
265,109,381
265,110,374
265,111,368
265,112,370
265,113,368
265,114,372
265,115,375
265,116,382
265,117,365
265,118,377
265,119,377
265,120,382
265,121,374
265,122,364
265,123,371
265,124,379
265,125,378
265,126,379
265,127,367
265,128,377
265,129,382
265,130,369
265,131,376
265,132,374
265,133,370
265,134,377
265,135,394
265,136,384
265,137,382
265,138,374
265,139,370
265,140,355
265,141,368
265,142,367
265,143,375
265,144,382
265,145,371
265,146,362
265,147,385
265,148,364
265,149,372
265,150,358
265,151,366
265,152,382
265,153,362
265,154,359
265,155,379
265,156,377
265,157,384
265,158,374
265,159,365
265,160,369
265,161,368
265,162,376
265,163,369
265,164,380
265,165,362
265,166,378
265,167,368
265,168,381
265,169,387
265,170,385
265,171,365
265,172,357
265,173,390
265,174,373
265,175,369
265,176,372
265,177,360
265,178,379
265,179,368
265,180,387
265,181,372
265,182,376
265,183,382
265,184,365
265,185,375
265,186,390
265,187,382
265,188,382
265,189,376
265,190,383
265,191,380
265,192,383
265,193,379
265,194,383
265,195,380
265,196,377
265,197,372
265,198,374
265,199,381
265,200,375
266,1,5
266,2,21
266,3,91
266,4,248
266,5,349
266,6,375
266,7,366
266,8,375
266,9,375
266,10,362
266,11,375
266,12,365
266,13,374
266,14,382
266,15,369
266,16,382
266,17,378
266,18,369
266,19,370
266,20,365
266,21,369
266,22,374
266,23,362
266,24,369
266,25,383
266,26,376
266,27,379
266,28,378
266,29,378
266,30,368
266,31,364
266,32,375
266,33,381
266,34,362
266,35,377
266,36,381
266,37,363
266,38,368
266,39,365
266,40,370
266,41,375
266,42,381
266,43,372
266,44,372
266,45,366
266,46,381
266,47,364
266,48,365
266,49,368
266,50,364
266,51,373
266,52,388
266,53,371
266,54,378
266,55,372
266,56,375
266,57,370
266,58,372
266,59,381
266,60,379
266,61,374
266,62,364
266,63,382
266,64,386
266,65,359
266,66,380
266,67,383
266,68,379
266,69,367
266,70,377
266,71,370
266,72,358
266,73,358
266,74,375
266,75,360
266,76,371
266,77,368
266,78,363
266,79,363
266,80,350
266,81,371
266,82,384
266,83,376
266,84,388
266,85,372
266,86,378
266,87,362
266,88,377
266,89,380
266,90,381
266,91,370
266,92,373
266,93,376
266,94,376
266,95,370
266,96,385
266,97,377
266,98,371
266,99,385
266,100,376
266,101,378
266,102,375
266,103,374
266,104,377
266,105,382
266,106,380
266,107,370
266,108,383
266,109,362
266,110,368
266,111,374
266,112,370
266,113,366
266,114,374
266,115,370
266,116,373
266,117,375
266,118,369
266,119,377
266,120,367
266,121,373
266,122,368
266,123,361
266,124,374
266,125,377
266,126,372
266,127,385
266,128,380
266,129,368
266,130,367
266,131,373
266,132,385
266,133,375
266,134,369
266,135,376
266,136,377
266,137,377
266,138,371
266,139,379
266,140,376
266,141,369
266,142,365
266,143,363
266,144,370
266,145,369
266,146,365
266,147,370
266,148,387
266,149,373
266,150,368
266,151,361
266,152,364
266,153,360
266,154,373
266,155,372
266,156,372
266,157,374
266,158,367
266,159,386
266,160,373
266,161,353
266,162,369
266,163,383
266,164,369
266,165,370
266,166,383
266,167,377
266,168,383
266,169,360
266,170,389
266,171,379
266,172,385
266,173,360
266,174,378
266,175,357
266,176,366
266,177,364
266,178,371
266,179,363
266,180,365
266,181,361
266,182,383
266,183,375
266,184,364
266,185,386
266,186,378
266,187,358
266,188,375
266,189,380
266,190,368
266,191,376
266,192,377
266,193,371
266,194,394
266,195,368
266,196,381
266,197,376
266,198,387
266,199,370
266,200,373
267,1,5
267,2,17
267,3,55
267,4,187
267,5,326
267,6,371
267,7,376
267,8,365
267,9,368
267,10,374
267,11,364
267,12,385
267,13,372
267,14,362
267,15,364
267,16,382
267,17,374
267,18,371
267,19,373
267,20,382
267,21,380
267,22,378
267,23,380
267,24,374
267,25,375
267,26,372
267,27,375
267,28,385
267,29,359
267,30,384
267,31,358
267,32,381
267,33,373
267,34,361
267,35,386
267,36,365
267,37,382
267,38,365
267,39,379
267,40,364
267,41,377
267,42,374
267,43,368
267,44,370
267,45,372
267,46,374
267,47,371
267,48,372
267,49,366
267,50,383
267,51,373
267,52,360
267,53,367
267,54,378
267,55,372
267,56,384
267,57,378
267,58,370
267,59,365
267,60,370
267,61,368
267,62,375
267,63,374
267,64,369
267,65,368
267,66,377
267,67,384
267,68,364
267,69,376
267,70,378
267,71,377
267,72,369
267,73,362
267,74,380
267,75,366
267,76,377
267,77,379
267,78,372
267,79,388
267,80,382
267,81,373
267,82,374
267,83,368
267,84,376
267,85,378
267,86,374
267,87,362
267,88,360
267,89,381
267,90,390
267,91,380
267,92,372
267,93,376
267,94,389
267,95,393
267,96,380
267,97,380
267,98,392
267,99,369
267,100,371
267,101,380
267,102,382
267,103,390
267,104,370
267,105,382
267,106,385
267,107,366
267,108,376
267,109,375
267,110,365
267,111,366
267,112,376
267,113,387
267,114,372
267,115,364
267,116,371
267,117,378
267,118,369
267,119,372
267,120,377
267,121,364
267,122,375
267,123,376
267,124,381
267,125,373
267,126,375
267,127,366
267,128,358
267,129,375
267,130,381
267,131,371
267,132,376
267,133,375
267,134,363
267,135,365
267,136,376
267,137,367
267,138,365
267,139,392
267,140,374
267,141,379
267,142,367
267,143,374
267,144,379
267,145,364
267,146,375
267,147,380
267,148,372
267,149,379
267,150,383
267,151,356
267,152,374
267,153,367
267,154,368
267,155,361
267,156,386
267,157,378
267,158,377
267,159,379
267,160,372
267,161,380
267,162,371
267,163,365
267,164,369
267,165,366
267,166,381
267,167,383
267,168,389
267,169,374
267,170,371
267,171,359
267,172,379
267,173,369
267,174,384
267,175,374
267,176,358
267,177,371
267,178,370
267,179,377
267,180,373
267,181,371
267,182,374
267,183,383
267,184,367
267,185,372
267,186,360
267,187,371
267,188,388
267,189,369
267,190,369
267,191,387
267,192,374
267,193,379
267,194,365
267,195,371
267,196,370
267,197,376
267,198,375
267,199,368
267,200,381
268,1,2
268,2,7
268,3,25
268,4,91
268,5,249
268,6,367
268,7,357
268,8,385
268,9,376
268,10,375
268,11,377
268,12,380
268,13,363
268,14,374
268,15,372
268,16,385
268,17,371
268,18,361
268,19,366
268,20,373
268,21,372
268,22,387
268,23,361
268,24,385
268,25,395
268,26,374
268,27,386
268,28,366
268,29,374
268,30,374
268,31,380
268,32,367
268,33,370
268,34,385
268,35,365
268,36,380
268,37,379
268,38,384
268,39,365
268,40,371
268,41,389
268,42,374
268,43,377
268,44,376
268,45,376
268,46,378
268,47,369
268,48,369
268,49,381
268,50,368
268,51,389
268,52,367
268,53,372
268,54,372
268,55,381
268,56,379
268,57,376
268,58,376
268,59,379
268,60,379
268,61,371
268,62,378
268,63,376
268,64,382
268,65,374
268,66,376
268,67,366
268,68,369
268,69,373
268,70,371
268,71,372
268,72,394
268,73,371
268,74,360
268,75,388
268,76,377
268,77,379
268,78,376
268,79,379
268,80,362
268,81,382
268,82,391
268,83,383
268,84,375
268,85,386
268,86,387
268,87,384
268,88,392
268,89,372
268,90,364
268,91,371
268,92,364
268,93,371
268,94,384
268,95,375
268,96,376
268,97,373
268,98,378
268,99,371
268,100,383
268,101,376
268,102,373
268,103,373
268,104,378
268,105,373
268,106,377
268,107,375
268,108,389
268,109,385
268,110,366
268,111,373
268,112,372
268,113,378
268,114,384
268,115,375
268,116,367
268,117,377
268,118,377
268,119,378
268,120,385
268,121,370
268,122,380
268,123,385
268,124,374
268,125,369
268,126,387
268,127,369
268,128,375
268,129,372
268,130,381
268,131,371
268,132,371
268,133,374
268,134,383
268,135,377
268,136,363
268,137,386
268,138,380
268,139,372
268,140,380
268,141,370
268,142,385
268,143,372
268,144,380
268,145,369
268,146,379
268,147,386
268,148,374
268,149,384
268,150,382
268,151,364
268,152,377
268,153,354
268,154,366
268,155,377
268,156,382
268,157,377
268,158,382
268,159,378
268,160,377
268,161,373
268,162,359
268,163,357
268,164,375
268,165,381
268,166,364
268,167,368
268,168,367
268,169,365
268,170,375
268,171,386
268,172,376
268,173,372
268,174,366
268,175,389
268,176,359
268,177,377
268,178,367
268,179,363
268,180,390
268,181,369
268,182,378
268,183,382
268,184,377
268,185,369
268,186,376
268,187,376
268,188,372
268,189,390
268,190,386
268,191,366
268,192,382
268,193,364
268,194,388
268,195,382
268,196,377
268,197,366
268,198,378
268,199,385
268,200,368
269,1,4
269,2,18
269,3,66
269,4,211
269,5,344
269,6,371
269,7,373
269,8,378
269,9,378
269,10,369
269,11,387
269,12,367
269,13,376
269,14,379
269,15,378
269,16,378
269,17,372
269,18,376
269,19,363
269,20,369
269,21,379
269,22,355
269,23,375
269,24,370
269,25,368
269,26,372
269,27,370
269,28,378
269,29,375
269,30,369
269,31,352
269,32,370
269,33,376
269,34,358
269,35,369
269,36,381
269,37,376
269,38,372
269,39,378
269,40,376
269,41,362
269,42,383
269,43,376
269,44,380
269,45,358
269,46,369
269,47,369
269,48,357
269,49,378
269,50,376
269,51,372
269,52,376
269,53,351
269,54,373
269,55,376
269,56,369
269,57,378
269,58,395
269,59,372
269,60,379
269,61,377
269,62,380
269,63,358
269,64,374
269,65,371
269,66,368
269,67,381
269,68,379
269,69,373
269,70,367
269,71,371
269,72,375
269,73,360
269,74,371
269,75,382
269,76,371
269,77,364
269,78,356
269,79,378
269,80,371
269,81,364
269,82,376
269,83,372
269,84,355
269,85,369
269,86,362
269,87,372
269,88,376
269,89,363
269,90,371
269,91,363
269,92,371
269,93,382
269,94,369
269,95,373
269,96,369
269,97,366
269,98,365
269,99,365
269,100,374
269,101,375
269,102,376
269,103,380
269,104,383
269,105,362
269,106,369
269,107,375
269,108,360
269,109,371
269,110,376
269,111,367
269,112,392
269,113,374
269,114,377
269,115,375
269,116,375
269,117,370
269,118,369
269,119,375
269,120,374
269,121,366
269,122,387
269,123,371
269,124,364
269,125,380
269,126,363
269,127,362
269,128,370
269,129,376
269,130,381
269,131,366
269,132,371
269,133,383
269,134,381
269,135,373
269,136,371
269,137,371
269,138,383
269,139,373
269,140,383
269,141,366
269,142,378
269,143,364
269,144,367
269,145,369
269,146,371
269,147,369
269,148,377
269,149,395
269,150,385
269,151,370
269,152,373
269,153,373
269,154,365
269,155,375
269,156,357
269,157,365
269,158,367
269,159,377
269,160,364
269,161,377
269,162,373
269,163,365
269,164,382
269,165,386
269,166,371
269,167,368
269,168,375
269,169,386
269,170,370
269,171,369
269,172,376
269,173,374
269,174,375
269,175,365
269,176,377
269,177,387
269,178,366
269,179,380
269,180,370
269,181,383
269,182,377
269,183,378
269,184,356
269,185,376
269,186,382
269,187,381
269,188,390
269,189,377
269,190,369
269,191,383
269,192,353
269,193,367
269,194,379
269,195,370
269,196,370
269,197,390
269,198,370
269,199,382
269,200,371
270,1,2
270,2,7
270,3,27
270,4,110
270,5,272
270,6,356
270,7,376
270,8,362
270,9,380
270,10,371
270,11,378
270,12,365
270,13,381
270,14,374
270,15,355
270,16,378
270,17,378
270,18,378
270,19,375
270,20,368
270,21,383
270,22,375
270,23,378
270,24,377
270,25,379
270,26,363
270,27,380
270,28,384
270,29,369
270,30,373
270,31,374
270,32,381
270,33,376
270,34,380
270,35,379
270,36,370
270,37,373
270,38,366
270,39,375
270,40,388
270,41,380
270,42,369
270,43,368
270,44,383
270,45,381
270,46,371
270,47,365
270,48,380
270,49,367
270,50,379
270,51,382
270,52,375
270,53,371
270,54,367
270,55,377
270,56,376
270,57,385
270,58,364
270,59,371
270,60,378
270,61,367
270,62,380
270,63,360
270,64,379
270,65,366
270,66,375
270,67,369
270,68,366
270,69,381
270,70,371
270,71,380
270,72,368
270,73,359
270,74,382
270,75,369
270,76,370
270,77,377
270,78,381
270,79,373
270,80,373
270,81,364
270,82,379
270,83,366
270,84,375
270,85,362
270,86,375
270,87,378
270,88,381
270,89,375
270,90,356
270,91,384
270,92,356
270,93,382
270,94,371
270,95,371
270,96,382
270,97,387
270,98,373
270,99,365
270,100,377
270,101,377
270,102,376
270,103,382
270,104,372
270,105,374
270,106,369
270,107,374
270,108,389
270,109,371
270,110,379
270,111,382
270,112,347
270,113,374
270,114,373
270,115,374
270,116,366
270,117,377
270,118,375
270,119,381
270,120,374
270,121,368
270,122,369
270,123,366
270,124,378
270,125,363
270,126,363
270,127,364
270,128,374
270,129,366
270,130,372
270,131,369
270,132,375
270,133,379
270,134,385
270,135,379
270,136,375
270,137,373
270,138,380
270,139,373
270,140,379
270,141,374
270,142,385
270,143,369
270,144,366
270,145,365
270,146,377
270,147,362
270,148,383
270,149,370
270,150,367
270,151,379
270,152,381
270,153,381
270,154,369
270,155,385
270,156,379
270,157,362
270,158,373
270,159,388
270,160,363
270,161,374
270,162,380
270,163,365
270,164,379
270,165,378
270,166,364
270,167,384
270,168,374
270,169,375
270,170,368
270,171,372
270,172,372
270,173,376
270,174,368
270,175,382
270,176,370
270,177,366
270,178,365
270,179,386
270,180,374
270,181,387
270,182,367
270,183,372
270,184,368
270,185,376
270,186,360
270,187,368
270,188,368
270,189,376
270,190,367
270,191,390
270,192,384
270,193,386
270,194,374
270,195,369
270,196,376
270,197,379
270,198,380
270,199,366
270,200,372
271,1,5
271,2,26
271,3,98
271,4,248
271,5,371
271,6,363
271,7,378
271,8,379
271,9,376
271,10,380
271,11,381
271,12,376
271,13,374
271,14,379
271,15,372
271,16,372
271,17,368
271,18,372
271,19,366
271,20,381
271,21,358
271,22,359
271,23,367
271,24,379
271,25,380
271,26,372
271,27,375
271,28,379
271,29,371
271,30,386
271,31,374
271,32,380
271,33,377
271,34,392
271,35,379
271,36,377
271,37,370
271,38,374
271,39,360
271,40,374
271,41,367
271,42,385
271,43,376
271,44,370
271,45,374
271,46,372
271,47,378
271,48,375
271,49,364
271,50,356
271,51,376
271,52,371
271,53,366
271,54,378
271,55,363
271,56,377
271,57,371
271,58,376
271,59,346
271,60,368
271,61,381
271,62,374
271,63,373
271,64,384
271,65,376
271,66,376
271,67,372
271,68,377
271,69,385
271,70,366
271,71,368
271,72,372
271,73,348
271,74,377
271,75,373
271,76,371
271,77,374
271,78,373
271,79,378
271,80,372
271,81,372
271,82,388
271,83,369
271,84,364
271,85,367
271,86,379
271,87,370
271,88,371
271,89,383
271,90,362
271,91,373
271,92,358
271,93,365
271,94,366
271,95,366
271,96,385
271,97,383
271,98,381
271,99,382
271,100,360
271,101,366
271,102,364
271,103,374
271,104,371
271,105,362
271,106,361
271,107,366
271,108,373
271,109,375
271,110,372
271,111,390
271,112,369
271,113,382
271,114,373
271,115,379
271,116,377
271,117,381
271,118,370
271,119,379
271,120,378
271,121,378
271,122,374
271,123,385
271,124,362
271,125,361
271,126,358
271,127,375
271,128,381
271,129,368
271,130,370
271,131,371
271,132,381
271,133,368
271,134,366
271,135,363
271,136,381
271,137,390
271,138,372
271,139,378
271,140,371
271,141,365
271,142,373
271,143,376
271,144,368
271,145,389
271,146,373
271,147,365
271,148,361
271,149,379
271,150,389
271,151,381
271,152,385
271,153,370
271,154,376
271,155,382
271,156,379
271,157,374
271,158,374
271,159,379
271,160,372
271,161,369
271,162,379
271,163,373
271,164,368
271,165,368
271,166,370
271,167,365
271,168,358
271,169,375
271,170,376
271,171,370
271,172,373
271,173,368
271,174,384
271,175,364
271,176,385
271,177,379
271,178,378
271,179,379
271,180,379
271,181,377
271,182,383
271,183,366
271,184,388
271,185,374
271,186,373
271,187,381
271,188,364
271,189,372
271,190,368
271,191,364
271,192,369
271,193,365
271,194,375
271,195,371
271,196,379
271,197,388
271,198,380
271,199,376
271,200,372
272,1,8
272,2,36
272,3,123
272,4,288
272,5,362
272,6,379
272,7,383
272,8,359
272,9,371
272,10,367
272,11,373
272,12,370
272,13,378
272,14,372
272,15,371
272,16,377
272,17,376
272,18,367
272,19,361
272,20,359
272,21,365
272,22,378
272,23,375
272,24,383
272,25,377
272,26,386
272,27,378
272,28,378
272,29,376
272,30,370
272,31,381
272,32,365
272,33,384
272,34,378
272,35,383
272,36,372
272,37,350
272,38,368
272,39,376
272,40,377
272,41,384
272,42,380
272,43,376
272,44,366
272,45,359
272,46,369
272,47,370
272,48,389
272,49,384
272,50,365
272,51,370
272,52,365
272,53,367
272,54,379
272,55,358
272,56,365
272,57,380
272,58,359
272,59,374
272,60,361
272,61,370
272,62,372
272,63,366
272,64,365
272,65,380
272,66,369
272,67,370
272,68,356
272,69,366
272,70,362
272,71,372
272,72,378
272,73,371
272,74,366
272,75,378
272,76,366
272,77,371
272,78,373
272,79,378
272,80,360
272,81,369
272,82,380
272,83,385
272,84,371
272,85,383
272,86,371
272,87,376
272,88,386
272,89,375
272,90,386
272,91,373
272,92,359
272,93,387
272,94,362
272,95,367
272,96,380
272,97,371
272,98,382
272,99,375
272,100,383
272,101,360
272,102,372
272,103,380
272,104,364
272,105,374
272,106,367
272,107,374
272,108,373
272,109,371
272,110,374
272,111,359
272,112,375
272,113,360
272,114,376
272,115,364
272,116,371
272,117,367
272,118,360
272,119,372
272,120,375
272,121,375
272,122,399
272,123,375
272,124,374
272,125,378
272,126,367
272,127,394
272,128,383
272,129,359
272,130,377
272,131,377
272,132,366
272,133,382
272,134,367
272,135,370
272,136,377
272,137,368
272,138,359
272,139,367
272,140,360
272,141,356
272,142,373
272,143,382
272,144,378
272,145,372
272,146,383
272,147,379
272,148,365
272,149,363
272,150,375
272,151,365
272,152,372
272,153,379
272,154,384
272,155,392
272,156,374
272,157,377
272,158,380
272,159,376
272,160,370
272,161,376
272,162,377
272,163,377
272,164,384
272,165,375
272,166,376
272,167,377
272,168,365
272,169,373
272,170,361
272,171,370
272,172,370
272,173,369
272,174,368
272,175,378
272,176,368
272,177,369
272,178,395
272,179,386
272,180,379
272,181,378
272,182,377
272,183,368
272,184,376
272,185,364
272,186,378
272,187,375
272,188,378
272,189,375
272,190,375
272,191,375
272,192,371
272,193,379
272,194,360
272,195,371
272,196,374
272,197,386
272,198,376
272,199,374
272,200,372
273,1,7
273,2,32
273,3,126
273,4,306
273,5,367
273,6,368
273,7,378
273,8,367
273,9,364
273,10,372
273,11,381
273,12,362
273,13,383
273,14,366
273,15,387
273,16,374
273,17,392
273,18,387
273,19,372
273,20,351
273,21,373
273,22,381
273,23,369
273,24,373
273,25,372
273,26,385
273,27,390
273,28,367
273,29,379
273,30,376
273,31,378
273,32,366
273,33,380
273,34,371
273,35,371
273,36,366
273,37,384
273,38,381
273,39,374
273,40,374
273,41,392
273,42,375
273,43,371
273,44,367
273,45,385
273,46,371
273,47,385
273,48,371
273,49,370
273,50,370
273,51,367
273,52,375
273,53,376
273,54,371
273,55,370
273,56,364
273,57,372
273,58,368
273,59,368
273,60,369
273,61,375
273,62,367
273,63,368
273,64,361
273,65,380
273,66,367
273,67,380
273,68,377
273,69,380
273,70,390
273,71,365
273,72,364
273,73,375
273,74,370
273,75,382
273,76,379
273,77,371
273,78,367
273,79,374
273,80,373
273,81,383
273,82,370
273,83,370
273,84,393
273,85,374
273,86,376
273,87,379
273,88,379
273,89,387
273,90,383
273,91,362
273,92,381
273,93,373
273,94,381
273,95,378
273,96,379
273,97,381
273,98,386
273,99,371
273,100,369
273,101,366
273,102,373
273,103,373
273,104,368
273,105,381
273,106,375
273,107,377
273,108,380
273,109,359
273,110,373
273,111,375
273,112,377
273,113,354
273,114,361
273,115,371
273,116,376
273,117,380
273,118,371
273,119,382
273,120,365
273,121,391
273,122,372
273,123,358
273,124,363
273,125,373
273,126,388
273,127,374
273,128,374
273,129,376
273,130,372
273,131,374
273,132,376
273,133,375
273,134,372
273,135,380
273,136,370
273,137,369
273,138,374
273,139,377
273,140,373
273,141,368
273,142,379
273,143,388
273,144,362
273,145,390
273,146,370
273,147,383
273,148,376
273,149,385
273,150,372
273,151,380
273,152,373
273,153,363
273,154,390
273,155,382
273,156,365
273,157,391
273,158,372
273,159,372
273,160,378
273,161,373
273,162,364
273,163,377
273,164,373
273,165,375
273,166,370
273,167,370
273,168,375
273,169,360
273,170,368
273,171,372
273,172,370
273,173,378
273,174,383
273,175,373
273,176,366
273,177,378
273,178,366
273,179,367
273,180,374
273,181,379
273,182,384
273,183,377
273,184,381
273,185,377
273,186,380
273,187,371
273,188,371
273,189,383
273,190,379
273,191,382
273,192,376
273,193,379
273,194,367
273,195,378
273,196,379
273,197,384
273,198,373
273,199,363
273,200,369
274,1,6
274,2,17
274,3,69
274,4,228
274,5,366
274,6,379
274,7,368
274,8,375
274,9,376
274,10,385
274,11,377
274,12,374
274,13,381
274,14,375
274,15,383
274,16,367
274,17,381
274,18,367
274,19,369
274,20,361
274,21,378
274,22,386
274,23,384
274,24,380
274,25,373
274,26,376
274,27,380
274,28,366
274,29,377
274,30,383
274,31,372
274,32,362
274,33,371
274,34,375
274,35,366
274,36,379
274,37,360
274,38,384
274,39,379
274,40,369
274,41,375
274,42,370
274,43,351
274,44,365
274,45,364
274,46,379
274,47,380
274,48,387
274,49,376
274,50,374
274,51,367
274,52,380
274,53,371
274,54,380
274,55,367
274,56,381
274,57,387
274,58,366
274,59,386
274,60,367
274,61,359
274,62,374
274,63,383
274,64,378
274,65,365
274,66,362
274,67,376
274,68,354
274,69,374
274,70,366
274,71,380
274,72,360
274,73,360
274,74,373
274,75,376
274,76,380
274,77,368
274,78,368
274,79,382
274,80,373
274,81,361
274,82,367
274,83,374
274,84,381
274,85,367
274,86,358
274,87,362
274,88,377
274,89,369
274,90,380
274,91,359
274,92,360
274,93,375
274,94,387
274,95,372
274,96,376
274,97,372
274,98,370
274,99,369
274,100,373
274,101,380
274,102,392
274,103,374
274,104,378
274,105,380
274,106,367
274,107,373
274,108,369
274,109,374
274,110,373
274,111,382
274,112,374
274,113,386
274,114,380
274,115,383
274,116,379
274,117,388
274,118,363
274,119,377
274,120,372
274,121,371
274,122,380
274,123,374
274,124,381
274,125,377
274,126,377
274,127,382
274,128,374
274,129,368
274,130,371
274,131,379
274,132,376
274,133,355
274,134,387
274,135,373
274,136,369
274,137,361
274,138,366
274,139,378
274,140,367
274,141,376
274,142,379
274,143,384
274,144,390
274,145,377
274,146,382
274,147,384
274,148,367
274,149,382
274,150,377
274,151,367
274,152,381
274,153,375
274,154,370
274,155,374
274,156,368
274,157,373
274,158,375
274,159,383
274,160,365
274,161,377
274,162,368
274,163,389
274,164,382
274,165,377
274,166,375
274,167,366
274,168,368
274,169,366
274,170,374
274,171,369
274,172,363
274,173,368
274,174,370
274,175,381
274,176,382
274,177,372
274,178,377
274,179,383
274,180,379
274,181,382
274,182,383
274,183,379
274,184,380
274,185,374
274,186,363
274,187,374
274,188,377
274,189,381
274,190,373
274,191,366
274,192,370
274,193,372
274,194,384
274,195,357
274,196,374
274,197,375
274,198,362
274,199,376
274,200,367
275,1,3
275,2,6
275,3,21
275,4,70
275,5,190
275,6,334
275,7,355
275,8,368
275,9,374
275,10,379
275,11,355
275,12,383
275,13,383
275,14,363
275,15,376
275,16,376
275,17,380
275,18,382
275,19,373
275,20,378
275,21,374
275,22,375
275,23,378
275,24,365
275,25,379
275,26,369
275,27,385
275,28,375
275,29,376
275,30,366
275,31,376
275,32,369
275,33,370
275,34,367
275,35,362
275,36,368
275,37,367
275,38,374
275,39,383
275,40,376
275,41,376
275,42,370
275,43,377
275,44,368
275,45,369
275,46,369
275,47,365
275,48,382
275,49,372
275,50,379
275,51,382
275,52,375
275,53,375
275,54,370
275,55,373
275,56,376
275,57,374
275,58,380
275,59,380
275,60,361
275,61,375
275,62,367
275,63,366
275,64,378
275,65,382
275,66,383
275,67,354
275,68,376
275,69,384
275,70,364
275,71,366
275,72,366
275,73,368
275,74,367
275,75,377
275,76,368
275,77,368
275,78,359
275,79,370
275,80,372
275,81,378
275,82,370
275,83,365
275,84,377
275,85,366
275,86,371
275,87,366
275,88,380
275,89,375
275,90,365
275,91,370
275,92,389
275,93,372
275,94,371
275,95,360
275,96,371
275,97,376
275,98,389
275,99,377
275,100,384
275,101,368
275,102,390
275,103,387
275,104,378
275,105,373
275,106,372
275,107,372
275,108,374
275,109,375
275,110,362
275,111,378
275,112,376
275,113,374
275,114,368
275,115,373
275,116,367
275,117,379
275,118,366
275,119,375
275,120,377
275,121,362
275,122,364
275,123,377
275,124,368
275,125,367
275,126,376
275,127,363
275,128,378
275,129,363
275,130,376
275,131,373
275,132,363
275,133,369
275,134,378
275,135,368
275,136,377
275,137,386
275,138,376
275,139,388
275,140,373
275,141,374
275,142,370
275,143,373
275,144,379
275,145,379
275,146,367
275,147,357
275,148,367
275,149,372
275,150,361
275,151,376
275,152,362
275,153,370
275,154,368
275,155,363
275,156,384
275,157,379
275,158,375
275,159,369
275,160,369
275,161,371
275,162,381
275,163,383
275,164,375
275,165,371
275,166,378
275,167,396
275,168,387
275,169,373
275,170,369
275,171,379
275,172,379
275,173,382
275,174,388
275,175,374
275,176,375
275,177,363
275,178,354
275,179,361
275,180,378
275,181,376
275,182,383
275,183,364
275,184,376
275,185,375
275,186,369
275,187,371
275,188,373
275,189,378
275,190,381
275,191,372
275,192,366
275,193,369
275,194,374
275,195,356
275,196,359
275,197,363
275,198,369
275,199,364
275,200,376
276,1,5
276,2,16
276,3,66
276,4,194
276,5,321
276,6,362
276,7,363
276,8,367
276,9,387
276,10,375
276,11,376
276,12,371
276,13,362
276,14,360
276,15,377
276,16,372
276,17,379
276,18,383
276,19,375
276,20,370
276,21,388
276,22,371
276,23,378
276,24,376
276,25,371
276,26,362
276,27,372
276,28,364
276,29,382
276,30,370
276,31,366
276,32,375
276,33,378
276,34,377
276,35,378
276,36,372
276,37,381
276,38,371
276,39,381
276,40,354
276,41,379
276,42,380
276,43,382
276,44,372
276,45,377
276,46,369
276,47,373
276,48,366
276,49,385
276,50,377
276,51,377
276,52,367
276,53,386
276,54,384
276,55,383
276,56,363
276,57,384
276,58,370
276,59,368
276,60,369
276,61,360
276,62,370
276,63,361
276,64,372
276,65,381
276,66,369
276,67,375
276,68,380
276,69,391
276,70,386
276,71,383
276,72,382
276,73,379
276,74,361
276,75,368
276,76,370
276,77,370
276,78,368
276,79,369
276,80,381
276,81,365
276,82,379
276,83,376
276,84,373
276,85,369
276,86,371
276,87,359
276,88,377
276,89,384
276,90,370
276,91,367
276,92,381
276,93,378
276,94,366
276,95,378
276,96,369
276,97,369
276,98,374
276,99,365
276,100,376
276,101,378
276,102,372
276,103,379
276,104,368
276,105,371
276,106,382
276,107,365
276,108,376
276,109,371
276,110,376
276,111,371
276,112,376
276,113,391
276,114,370
276,115,374
276,116,379
276,117,381
276,118,372
276,119,364
276,120,365
276,121,367
276,122,365
276,123,390
276,124,386
276,125,376
276,126,378
276,127,372
276,128,374
276,129,376
276,130,368
276,131,383
276,132,362
276,133,378
276,134,374
276,135,381
276,136,378
276,137,377
276,138,374
276,139,385
276,140,380
276,141,370
276,142,371
276,143,384
276,144,369
276,145,380
276,146,374
276,147,388
276,148,377
276,149,376
276,150,382
276,151,383
276,152,369
276,153,365
276,154,388
276,155,393
276,156,360
276,157,376
276,158,373
276,159,374
276,160,383
276,161,376
276,162,372
276,163,372
276,164,362
276,165,366
276,166,386
276,167,380
276,168,363
276,169,385
276,170,386
276,171,376
276,172,386
276,173,361
276,174,375
276,175,359
276,176,365
276,177,379
276,178,381
276,179,377
276,180,371
276,181,377
276,182,374
276,183,371
276,184,375
276,185,378
276,186,377
276,187,381
276,188,372
276,189,379
276,190,386
276,191,376
276,192,371
276,193,366
276,194,383
276,195,379
276,196,378
276,197,374
276,198,372
276,199,378
276,200,377
277,1,1
277,2,4
277,3,7
277,4,30
277,5,114
277,6,286
277,7,377
277,8,361
277,9,373
277,10,367
277,11,365
277,12,367
277,13,379
277,14,374
277,15,363
277,16,382
277,17,366
277,18,376
277,19,371
277,20,374
277,21,370
277,22,372
277,23,363
277,24,368
277,25,377
277,26,379
277,27,369
277,28,379
277,29,367
277,30,360
277,31,363
277,32,370
277,33,364
277,34,367
277,35,379
277,36,374
277,37,372
277,38,374
277,39,369
277,40,382
277,41,378
277,42,388
277,43,388
277,44,368
277,45,356
277,46,377
277,47,379
277,48,373
277,49,376
277,50,372
277,51,377
277,52,366
277,53,374
277,54,380
277,55,382
277,56,371
277,57,384
277,58,367
277,59,365
277,60,373
277,61,372
277,62,374
277,63,377
277,64,367
277,65,371
277,66,385
277,67,369
277,68,382
277,69,381
277,70,365
277,71,372
277,72,371
277,73,388
277,74,379
277,75,381
277,76,377
277,77,383
277,78,370
277,79,374
277,80,368
277,81,378
277,82,366
277,83,382
277,84,364
277,85,371
277,86,365
277,87,380
277,88,370
277,89,369
277,90,362
277,91,368
277,92,389
277,93,370
277,94,354
277,95,370
277,96,375
277,97,379
277,98,368
277,99,360
277,100,380
277,101,366
277,102,381
277,103,378
277,104,376
277,105,383
277,106,386
277,107,391
277,108,388
277,109,359
277,110,366
277,111,359
277,112,369
277,113,367
277,114,374
277,115,385
277,116,383
277,117,374
277,118,367
277,119,384
277,120,375
277,121,368
277,122,378
277,123,368
277,124,373
277,125,379
277,126,368
277,127,378
277,128,385
277,129,391
277,130,378
277,131,378
277,132,377
277,133,370
277,134,367
277,135,381
277,136,374
277,137,379
277,138,372
277,139,365
277,140,368
277,141,368
277,142,369
277,143,370
277,144,391
277,145,371
277,146,376
277,147,375
277,148,385
277,149,378
277,150,378
277,151,364
277,152,365
277,153,371
277,154,376
277,155,364
277,156,378
277,157,370
277,158,376
277,159,378
277,160,365
277,161,365
277,162,373
277,163,369
277,164,363
277,165,381
277,166,376
277,167,375
277,168,377
277,169,366
277,170,381
277,171,379
277,172,373
277,173,383
277,174,384
277,175,370
277,176,380
277,177,372
277,178,382
277,179,365
277,180,379
277,181,359
277,182,388
277,183,379
277,184,366
277,185,388
277,186,373
277,187,367
277,188,380
277,189,358
277,190,371
277,191,372
277,192,379
277,193,383
277,194,356
277,195,359
277,196,369
277,197,381
277,198,385
277,199,366
277,200,375
278,1,6
278,2,31
278,3,122
278,4,275
278,5,361
278,6,374
278,7,356
278,8,372
278,9,387
278,10,381
278,11,374
278,12,376
278,13,386
278,14,364
278,15,385
278,16,379
278,17,366
278,18,373
278,19,369
278,20,371
278,21,376
278,22,382
278,23,370
278,24,382
278,25,369
278,26,380
278,27,388
278,28,379
278,29,378
278,30,374
278,31,375
278,32,380
278,33,357
278,34,380
278,35,377
278,36,368
278,37,376
278,38,372
278,39,370
278,40,357
278,41,369
278,42,372
278,43,366
278,44,367
278,45,368
278,46,371
278,47,364
278,48,368
278,49,370
278,50,385
278,51,374
278,52,347
278,53,370
278,54,377
278,55,377
278,56,377
278,57,380
278,58,381
278,59,385
278,60,376
278,61,364
278,62,374
278,63,381
278,64,374
278,65,386
278,66,383
278,67,371
278,68,372
278,69,376
278,70,372
278,71,361
278,72,358
278,73,383
278,74,370
278,75,377
278,76,371
278,77,368
278,78,367
278,79,363
278,80,372
278,81,383
278,82,379
278,83,383
278,84,373
278,85,372
278,86,378
278,87,385
278,88,379
278,89,367
278,90,373
278,91,366
278,92,371
278,93,377
278,94,385
278,95,362
278,96,375
278,97,375
278,98,367
278,99,380
278,100,373
278,101,376
278,102,382
278,103,377
278,104,368
278,105,365
278,106,365
278,107,378
278,108,375
278,109,376
278,110,375
278,111,377
278,112,381
278,113,361
278,114,380
278,115,371
278,116,372
278,117,375
278,118,361
278,119,371
278,120,355
278,121,379
278,122,371
278,123,370
278,124,379
278,125,370
278,126,383
278,127,373
278,128,371
278,129,379
278,130,364
278,131,381
278,132,386
278,133,378
278,134,374
278,135,364
278,136,375
278,137,359
278,138,377
278,139,379
278,140,373
278,141,373
278,142,367
278,143,378
278,144,373
278,145,379
278,146,372
278,147,372
278,148,371
278,149,375
278,150,361
278,151,376
278,152,370
278,153,367
278,154,372
278,155,373
278,156,370
278,157,380
278,158,383
278,159,366
278,160,386
278,161,377
278,162,377
278,163,372
278,164,379
278,165,362
278,166,378
278,167,371
278,168,370
278,169,372
278,170,355
278,171,364
278,172,371
278,173,373
278,174,371
278,175,375
278,176,387
278,177,376
278,178,388
278,179,372
278,180,365
278,181,375
278,182,380
278,183,382
278,184,386
278,185,371
278,186,369
278,187,368
278,188,384
278,189,373
278,190,370
278,191,359
278,192,375
278,193,363
278,194,372
278,195,373
278,196,371
278,197,366
278,198,375
278,199,376
278,200,377
279,1,2
279,2,11
279,3,49
279,4,166
279,5,322
279,6,375
279,7,381
279,8,363
279,9,377
279,10,366
279,11,377
279,12,375
279,13,366
279,14,379
279,15,352
279,16,375
279,17,365
279,18,377
279,19,373
279,20,374
279,21,364
279,22,378
279,23,380
279,24,370
279,25,378
279,26,382
279,27,371
279,28,376
279,29,377
279,30,386
279,31,378
279,32,368
279,33,380
279,34,357
279,35,370
279,36,372
279,37,377
279,38,376
279,39,384
279,40,365
279,41,373
279,42,374
279,43,387
279,44,377
279,45,390
279,46,378
279,47,392
279,48,377
279,49,367
279,50,382
279,51,377
279,52,375
279,53,370
279,54,377
279,55,370
279,56,367
279,57,373
279,58,365
279,59,379
279,60,372
279,61,380
279,62,377
279,63,387
279,64,374
279,65,376
279,66,363
279,67,368
279,68,370
279,69,359
279,70,379
279,71,372
279,72,376
279,73,378
279,74,368
279,75,384
279,76,375
279,77,362
279,78,367
279,79,378
279,80,382
279,81,373
279,82,378
279,83,378
279,84,377
279,85,379
279,86,383
279,87,380
279,88,383
279,89,370
279,90,362
279,91,373
279,92,373
279,93,368
279,94,366
279,95,366
279,96,381
279,97,368
279,98,377
279,99,381
279,100,381
279,101,369
279,102,362
279,103,386
279,104,365
279,105,377
279,106,364
279,107,378
279,108,383
279,109,377
279,110,374
279,111,380
279,112,356
279,113,366
279,114,364
279,115,370
279,116,368
279,117,372
279,118,379
279,119,379
279,120,381
279,121,377
279,122,383
279,123,381
279,124,371
279,125,384
279,126,379
279,127,373
279,128,371
279,129,375
279,130,372
279,131,375
279,132,381
279,133,378
279,134,379
279,135,376
279,136,375
279,137,384
279,138,386
279,139,374
279,140,382
279,141,391
279,142,381
279,143,368
279,144,379
279,145,384
279,146,372
279,147,377
279,148,373
279,149,377
279,150,365
279,151,371
279,152,377
279,153,379
279,154,371
279,155,389
279,156,377
279,157,384
279,158,363
279,159,362
279,160,367
279,161,368
279,162,369
279,163,372
279,164,381
279,165,396
279,166,387
279,167,380
279,168,380
279,169,373
279,170,382
279,171,374
279,172,374
279,173,381
279,174,371
279,175,390
279,176,365
279,177,371
279,178,370
279,179,358
279,180,371
279,181,384
279,182,357
279,183,374
279,184,372
279,185,384
279,186,373
279,187,374
279,188,379
279,189,373
279,190,372
279,191,375
279,192,374
279,193,373
279,194,374
279,195,369
279,196,383
279,197,365
279,198,376
279,199,383
279,200,370
280,1,6
280,2,25
280,3,91
280,4,233
280,5,350
280,6,364
280,7,382
280,8,364
280,9,378
280,10,378
280,11,377
280,12,367
280,13,371
280,14,361
280,15,376
280,16,381
280,17,381
280,18,376
280,19,375
280,20,360
280,21,373
280,22,373
280,23,369
280,24,382
280,25,370
280,26,372
280,27,370
280,28,380
280,29,384
280,30,371
280,31,375
280,32,366
280,33,372
280,34,382
280,35,383
280,36,373
280,37,355
280,38,371
280,39,381
280,40,387
280,41,381
280,42,377
280,43,377
280,44,380
280,45,370
280,46,383
280,47,369
280,48,380
280,49,376
280,50,372
280,51,374
280,52,363
280,53,376
280,54,356
280,55,369
280,56,377
280,57,375
280,58,358
280,59,364
280,60,369
280,61,365
280,62,378
280,63,367
280,64,371
280,65,374
280,66,386
280,67,381
280,68,371
280,69,363
280,70,362
280,71,371
280,72,369
280,73,387
280,74,372
280,75,374
280,76,368
280,77,374
280,78,378
280,79,375
280,80,383
280,81,371
280,82,387
280,83,378
280,84,370
280,85,366
280,86,374
280,87,368
280,88,375
280,89,378
280,90,365
280,91,385
280,92,365
280,93,379
280,94,373
280,95,366
280,96,369
280,97,363
280,98,375
280,99,358
280,100,378
280,101,372
280,102,373
280,103,375
280,104,368
280,105,377
280,106,373
280,107,376
280,108,383
280,109,390
280,110,376
280,111,374
280,112,377
280,113,361
280,114,383
280,115,381
280,116,366
280,117,367
280,118,379
280,119,358
280,120,386
280,121,367
280,122,386
280,123,367
280,124,390
280,125,378
280,126,378
280,127,370
280,128,371
280,129,368
280,130,366
280,131,378
280,132,380
280,133,377
280,134,358
280,135,380
280,136,369
280,137,384
280,138,378
280,139,374
280,140,379
280,141,369
280,142,382
280,143,370
280,144,371
280,145,375
280,146,368
280,147,359
280,148,376
280,149,372
280,150,382
280,151,376
280,152,357
280,153,365
280,154,377
280,155,374
280,156,382
280,157,371
280,158,364
280,159,367
280,160,382
280,161,385
280,162,381
280,163,371
280,164,377
280,165,383
280,166,387
280,167,370
280,168,384
280,169,372
280,170,363
280,171,380
280,172,363
280,173,370
280,174,368
280,175,374
280,176,366
280,177,363
280,178,367
280,179,363
280,180,369
280,181,365
280,182,384
280,183,373
280,184,368
280,185,379
280,186,368
280,187,361
280,188,371
280,189,365
280,190,381
280,191,378
280,192,371
280,193,382
280,194,370
280,195,380
280,196,380
280,197,377
280,198,389
280,199,368
280,200,379
281,1,5
281,2,21
281,3,78
281,4,225
281,5,344
281,6,371
281,7,382
281,8,373
281,9,364
281,10,377
281,11,383
281,12,381
281,13,379
281,14,376
281,15,382
281,16,374
281,17,369
281,18,365
281,19,379
281,20,377
281,21,365
281,22,376
281,23,387
281,24,370
281,25,365
281,26,363
281,27,366
281,28,377
281,29,366
281,30,367
281,31,373
281,32,361
281,33,364
281,34,364
281,35,365
281,36,370
281,37,379
281,38,384
281,39,363
281,40,376
281,41,383
281,42,370
281,43,365
281,44,371
281,45,372
281,46,372
281,47,374
281,48,379
281,49,384
281,50,391
281,51,375
281,52,381
281,53,364
281,54,378
281,55,368
281,56,379
281,57,368
281,58,373
281,59,378
281,60,373
281,61,378
281,62,372
281,63,372
281,64,371
281,65,382
281,66,369
281,67,371
281,68,383
281,69,366
281,70,370
281,71,368
281,72,372
281,73,368
281,74,372
281,75,360
281,76,379
281,77,387
281,78,375
281,79,373
281,80,378
281,81,382
281,82,387
281,83,371
281,84,374
281,85,391
281,86,386
281,87,381
281,88,368
281,89,381
281,90,381
281,91,381
281,92,380
281,93,384
281,94,376
281,95,363
281,96,373
281,97,370
281,98,380
281,99,375
281,100,377
281,101,380
281,102,367
281,103,382
281,104,368
281,105,372
281,106,383
281,107,375
281,108,379
281,109,370
281,110,369
281,111,382
281,112,370
281,113,369
281,114,383
281,115,375
281,116,376
281,117,376
281,118,368
281,119,389
281,120,361
281,121,381
281,122,376
281,123,369
281,124,372
281,125,370
281,126,378
281,127,384
281,128,369
281,129,367
281,130,369
281,131,367
281,132,375
281,133,378
281,134,383
281,135,373
281,136,380
281,137,369
281,138,364
281,139,363
281,140,367
281,141,371
281,142,373
281,143,369
281,144,355
281,145,371
281,146,373
281,147,372
281,148,374
281,149,378
281,150,376
281,151,366
281,152,371
281,153,372
281,154,366
281,155,366
281,156,371
281,157,360
281,158,369
281,159,378
281,160,383
281,161,364
281,162,379
281,163,382
281,164,371
281,165,380
281,166,379
281,167,377
281,168,362
281,169,371
281,170,374
281,171,373
281,172,370
281,173,385
281,174,374
281,175,382
281,176,359
281,177,386
281,178,370
281,179,370
281,180,381
281,181,379
281,182,367
281,183,369
281,184,373
281,185,382
281,186,387
281,187,376
281,188,371
281,189,371
281,190,363
281,191,371
281,192,379
281,193,365
281,194,379
281,195,369
281,196,379
281,197,374
281,198,366
281,199,366
281,200,377
282,1,5
282,2,15
282,3,53
282,4,176
282,5,343
282,6,381
282,7,373
282,8,379
282,9,362
282,10,377
282,11,373
282,12,365
282,13,384
282,14,369
282,15,381
282,16,393
282,17,370
282,18,372
282,19,374
282,20,376
282,21,381
282,22,383
282,23,378
282,24,374
282,25,366
282,26,364
282,27,374
282,28,374
282,29,374
282,30,372
282,31,368
282,32,380
282,33,373
282,34,375
282,35,375
282,36,375
282,37,369
282,38,388
282,39,377
282,40,364
282,41,375
282,42,362
282,43,359
282,44,378
282,45,370
282,46,374
282,47,390
282,48,367
282,49,377
282,50,374
282,51,370
282,52,379
282,53,374
282,54,369
282,55,381
282,56,386
282,57,371
282,58,367
282,59,377
282,60,366
282,61,372
282,62,379
282,63,370
282,64,371
282,65,368
282,66,376
282,67,373
282,68,373
282,69,362
282,70,366
282,71,386
282,72,367
282,73,376
282,74,373
282,75,368
282,76,379
282,77,370
282,78,371
282,79,381
282,80,364
282,81,372
282,82,366
282,83,364
282,84,375
282,85,378
282,86,372
282,87,378
282,88,382
282,89,386
282,90,381
282,91,372
282,92,391
282,93,378
282,94,377
282,95,386
282,96,377
282,97,370
282,98,377
282,99,370
282,100,357
282,101,370
282,102,381
282,103,383
282,104,379
282,105,384
282,106,377
282,107,351
282,108,369
282,109,373
282,110,366
282,111,380
282,112,384
282,113,357
282,114,373
282,115,368
282,116,363
282,117,385
282,118,382
282,119,380
282,120,367
282,121,379
282,122,358
282,123,370
282,124,376
282,125,373
282,126,387
282,127,378
282,128,377
282,129,378
282,130,380
282,131,369
282,132,378
282,133,386
282,134,384
282,135,372
282,136,382
282,137,368
282,138,371
282,139,378
282,140,382
282,141,380
282,142,368
282,143,380
282,144,374
282,145,374
282,146,378
282,147,375
282,148,373
282,149,382
282,150,373
282,151,373
282,152,382
282,153,373
282,154,365
282,155,372
282,156,373
282,157,368
282,158,376
282,159,377
282,160,381
282,161,373
282,162,369
282,163,384
282,164,378
282,165,366
282,166,378
282,167,379
282,168,386
282,169,367
282,170,367
282,171,372
282,172,377
282,173,376
282,174,375
282,175,375
282,176,378
282,177,379
282,178,379
282,179,387
282,180,378
282,181,380
282,182,382
282,183,374
282,184,370
282,185,391
282,186,369
282,187,379
282,188,373
282,189,369
282,190,390
282,191,378
282,192,384
282,193,383
282,194,380
282,195,379
282,196,367
282,197,390
282,198,360
282,199,378
282,200,372
283,1,5
283,2,21
283,3,79
283,4,232
283,5,353
283,6,372
283,7,373
283,8,376
283,9,369
283,10,379
283,11,379
283,12,368
283,13,368
283,14,382
283,15,363
283,16,377
283,17,372
283,18,375
283,19,363
283,20,365
283,21,356
283,22,377
283,23,370
283,24,374
283,25,374
283,26,380
283,27,382
283,28,367
283,29,368
283,30,377
283,31,383
283,32,368
283,33,370
283,34,373
283,35,376
283,36,390
283,37,375
283,38,375
283,39,370
283,40,366
283,41,369
283,42,370
283,43,380
283,44,384
283,45,385
283,46,374
283,47,361
283,48,370
283,49,364
283,50,361
283,51,371
283,52,374
283,53,367
283,54,374
283,55,369
283,56,370
283,57,358
283,58,370
283,59,363
283,60,362
283,61,375
283,62,369
283,63,377
283,64,363
283,65,370
283,66,377
283,67,378
283,68,378
283,69,374
283,70,377
283,71,387
283,72,369
283,73,375
283,74,370
283,75,388
283,76,369
283,77,379
283,78,374
283,79,376
283,80,367
283,81,371
283,82,382
283,83,360
283,84,374
283,85,368
283,86,383
283,87,364
283,88,376
283,89,372
283,90,369
283,91,368
283,92,372
283,93,372
283,94,371
283,95,378
283,96,369
283,97,366
283,98,363
283,99,358
283,100,380
283,101,389
283,102,377
283,103,381
283,104,359
283,105,383
283,106,384
283,107,375
283,108,381
283,109,360
283,110,375
283,111,374
283,112,377
283,113,370
283,114,383
283,115,377
283,116,389
283,117,371
283,118,367
283,119,366
283,120,373
283,121,379
283,122,379
283,123,369
283,124,373
283,125,370
283,126,373
283,127,371
283,128,378
283,129,360
283,130,374
283,131,367
283,132,371
283,133,376
283,134,387
283,135,371
283,136,368
283,137,380
283,138,381
283,139,382
283,140,386
283,141,375
283,142,383
283,143,376
283,144,363
283,145,377
283,146,372
283,147,374
283,148,385
283,149,370
283,150,365
283,151,377
283,152,366
283,153,369
283,154,374
283,155,368
283,156,379
283,157,371
283,158,372
283,159,364
283,160,363
283,161,383
283,162,385
283,163,369
283,164,370
283,165,373
283,166,375
283,167,368
283,168,377
283,169,366
283,170,389
283,171,375
283,172,377
283,173,387
283,174,391
283,175,382
283,176,376
283,177,372
283,178,364
283,179,378
283,180,370
283,181,377
283,182,367
283,183,367
283,184,386
283,185,362
283,186,363
283,187,366
283,188,387
283,189,388
283,190,365
283,191,382
283,192,370
283,193,375
283,194,370
283,195,381
283,196,370
283,197,377
283,198,379
283,199,374
283,200,366
284,1,2
284,2,10
284,3,44
284,4,149
284,5,328
284,6,396
284,7,365
284,8,383
284,9,379
284,10,373
284,11,375
284,12,381
284,13,381
284,14,377
284,15,365
284,16,367
284,17,375
284,18,382
284,19,369
284,20,385
284,21,381
284,22,382
284,23,375
284,24,379
284,25,370
284,26,375
284,27,380
284,28,380
284,29,378
284,30,390
284,31,376
284,32,381
284,33,373
284,34,381
284,35,370
284,36,375
284,37,376
284,38,377
284,39,376
284,40,371
284,41,385
284,42,380
284,43,360
284,44,383
284,45,379
284,46,378
284,47,372
284,48,381
284,49,375
284,50,382
284,51,382
284,52,382
284,53,377
284,54,368
284,55,383
284,56,378
284,57,375
284,58,376
284,59,364
284,60,368
284,61,366
284,62,369
284,63,384
284,64,376
284,65,382
284,66,370
284,67,363
284,68,385
284,69,372
284,70,381
284,71,382
284,72,381
284,73,366
284,74,387
284,75,358
284,76,375
284,77,380
284,78,385
284,79,378
284,80,386
284,81,376
284,82,374
284,83,371
284,84,369
284,85,370
284,86,377
284,87,382
284,88,370
284,89,367
284,90,385
284,91,379
284,92,386
284,93,390
284,94,361
284,95,374
284,96,371
284,97,365
284,98,372
284,99,364
284,100,373
284,101,376
284,102,366
284,103,373
284,104,376
284,105,369
284,106,373
284,107,381
284,108,371
284,109,369
284,110,386
284,111,378
284,112,371
284,113,367
284,114,376
284,115,371
284,116,370
284,117,380
284,118,379
284,119,375
284,120,375
284,121,379
284,122,378
284,123,372
284,124,383
284,125,374
284,126,375
284,127,365
284,128,372
284,129,370
284,130,369
284,131,381
284,132,383
284,133,363
284,134,370
284,135,383
284,136,364
284,137,375
284,138,367
284,139,382
284,140,376
284,141,369
284,142,379
284,143,386
284,144,381
284,145,378
284,146,378
284,147,366
284,148,378
284,149,389
284,150,371
284,151,368
284,152,363
284,153,376
284,154,368
284,155,364
284,156,362
284,157,375
284,158,376
284,159,393
284,160,386
284,161,389
284,162,372
284,163,374
284,164,370
284,165,370
284,166,371
284,167,368
284,168,369
284,169,368
284,170,381
284,171,369
284,172,379
284,173,374
284,174,368
284,175,367
284,176,381
284,177,381
284,178,373
284,179,377
284,180,388
284,181,374
284,182,371
284,183,375
284,184,370
284,185,380
284,186,376
284,187,373
284,188,365
284,189,367
284,190,382
284,191,362
284,192,365
284,193,375
284,194,367
284,195,372
284,196,374
284,197,380
284,198,366
284,199,379
284,200,372
285,1,1
285,2,4
285,3,15
285,4,71
285,5,203
285,6,336
285,7,362
285,8,365
285,9,379
285,10,377
285,11,382
285,12,378
285,13,389
285,14,369
285,15,378
285,16,382
285,17,371
285,18,382
285,19,369
285,20,374
285,21,374
285,22,387
285,23,378
285,24,368
285,25,371
285,26,384
285,27,373
285,28,386
285,29,381
285,30,377
285,31,369
285,32,364
285,33,367
285,34,364
285,35,371
285,36,377
285,37,378
285,38,382
285,39,379
285,40,379
285,41,384
285,42,375
285,43,364
285,44,374
285,45,370
285,46,375
285,47,387
285,48,381
285,49,374
285,50,380
285,51,367
285,52,370
285,53,384
285,54,379
285,55,379
285,56,373
285,57,367
285,58,363
285,59,365
285,60,380
285,61,371
285,62,388
285,63,371
285,64,385
285,65,377
285,66,374
285,67,369
285,68,373
285,69,355
285,70,374
285,71,364
285,72,366
285,73,372
285,74,382
285,75,371
285,76,361
285,77,365
285,78,368
285,79,375
285,80,375
285,81,387
285,82,370
285,83,369
285,84,358
285,85,374
285,86,376
285,87,375
285,88,363
285,89,389
285,90,376
285,91,385
285,92,382
285,93,363
285,94,383
285,95,394
285,96,375
285,97,372
285,98,362
285,99,371
285,100,382
285,101,367
285,102,376
285,103,379
285,104,364
285,105,379
285,106,382
285,107,376
285,108,382
285,109,357
285,110,383
285,111,371
285,112,376
285,113,384
285,114,382
285,115,383
285,116,372
285,117,372
285,118,363
285,119,371
285,120,381
285,121,370
285,122,376
285,123,374
285,124,381
285,125,371
285,126,380
285,127,385
285,128,379
285,129,371
285,130,385
285,131,371
285,132,376
285,133,374
285,134,390
285,135,364
285,136,372
285,137,375
285,138,377
285,139,372
285,140,370
285,141,387
285,142,388
285,143,371
285,144,378
285,145,370
285,146,369
285,147,376
285,148,376
285,149,380
285,150,372
285,151,366
285,152,370
285,153,371
285,154,368
285,155,380
285,156,379
285,157,380
285,158,366
285,159,381
285,160,365
285,161,379
285,162,376
285,163,376
285,164,375
285,165,368
285,166,368
285,167,376
285,168,381
285,169,381
285,170,370
285,171,365
285,172,372
285,173,373
285,174,371
285,175,370
285,176,383
285,177,389
285,178,367
285,179,371
285,180,390
285,181,367
285,182,368
285,183,367
285,184,375
285,185,370
285,186,369
285,187,376
285,188,372
285,189,384
285,190,366
285,191,369
285,192,375
285,193,373
285,194,368
285,195,374
285,196,387
285,197,374
285,198,380
285,199,387
285,200,368
286,1,4
286,2,22
286,3,96
286,4,249
286,5,352
286,6,374
286,7,376
286,8,373
286,9,382
286,10,379
286,11,369
286,12,380
286,13,362
286,14,362
286,15,382
286,16,380
286,17,366
286,18,380
286,19,390
286,20,355
286,21,367
286,22,368
286,23,368
286,24,375
286,25,380
286,26,379
286,27,373
286,28,356
286,29,379
286,30,367
286,31,380
286,32,383
286,33,377
286,34,387
286,35,377
286,36,378
286,37,375
286,38,369
286,39,376
286,40,375
286,41,362
286,42,364
286,43,376
286,44,387
286,45,365
286,46,363
286,47,379
286,48,380
286,49,385
286,50,374
286,51,379
286,52,373
286,53,372
286,54,374
286,55,373
286,56,375
286,57,380
286,58,387
286,59,365
286,60,365
286,61,379
286,62,373
286,63,370
286,64,380
286,65,382
286,66,369
286,67,384
286,68,371
286,69,361
286,70,361
286,71,365
286,72,365
286,73,379
286,74,374
286,75,365
286,76,364
286,77,387
286,78,367
286,79,367
286,80,366
286,81,381
286,82,381
286,83,376
286,84,381
286,85,364
286,86,377
286,87,376
286,88,358
286,89,384
286,90,385
286,91,372
286,92,383
286,93,373
286,94,379
286,95,367
286,96,385
286,97,366
286,98,369
286,99,376
286,100,377
286,101,371
286,102,364
286,103,378
286,104,389
286,105,370
286,106,371
286,107,377
286,108,364
286,109,369
286,110,379
286,111,369
286,112,377
286,113,374
286,114,375
286,115,383
286,116,373
286,117,373
286,118,367
286,119,369
286,120,356
286,121,366
286,122,366
286,123,374
286,124,377
286,125,369
286,126,366
286,127,374
286,128,387
286,129,374
286,130,368
286,131,388
286,132,361
286,133,381
286,134,378
286,135,382
286,136,375
286,137,385
286,138,381
286,139,376
286,140,371
286,141,363
286,142,379
286,143,383
286,144,372
286,145,376
286,146,372
286,147,362
286,148,377
286,149,347
286,150,385
286,151,369
286,152,382
286,153,372
286,154,370
286,155,386
286,156,384
286,157,371
286,158,366
286,159,369
286,160,367
286,161,352
286,162,369
286,163,377
286,164,379
286,165,373
286,166,376
286,167,379
286,168,386
286,169,367
286,170,375
286,171,364
286,172,377
286,173,379
286,174,369
286,175,375
286,176,375
286,177,369
286,178,366
286,179,387
286,180,376
286,181,379
286,182,372
286,183,376
286,184,390
286,185,368
286,186,375
286,187,381
286,188,371
286,189,366
286,190,369
286,191,371
286,192,370
286,193,368
286,194,354
286,195,370
286,196,372
286,197,370
286,198,360
286,199,371
286,200,379
287,1,8
287,2,36
287,3,143
287,4,302
287,5,352
287,6,382
287,7,375
287,8,375
287,9,364
287,10,388
287,11,368
287,12,375
287,13,377
287,14,390
287,15,388
287,16,377
287,17,370
287,18,379
287,19,373
287,20,374
287,21,386
287,22,367
287,23,382
287,24,364
287,25,371
287,26,374
287,27,384
287,28,370
287,29,388
287,30,367
287,31,374
287,32,377
287,33,352
287,34,369
287,35,370
287,36,382
287,37,376
287,38,371
287,39,376
287,40,367
287,41,358
287,42,364
287,43,370
287,44,368
287,45,375
287,46,372
287,47,385
287,48,385
287,49,371
287,50,387
287,51,374
287,52,364
287,53,380
287,54,370
287,55,369
287,56,375
287,57,374
287,58,367
287,59,387
287,60,358
287,61,370
287,62,374
287,63,379
287,64,367
287,65,373
287,66,366
287,67,361
287,68,371
287,69,379
287,70,367
287,71,375
287,72,377
287,73,372
287,74,377
287,75,372
287,76,372
287,77,382
287,78,377
287,79,369
287,80,378
287,81,371
287,82,356
287,83,361
287,84,373
287,85,383
287,86,370
287,87,383
287,88,369
287,89,385
287,90,372
287,91,382
287,92,369
287,93,380
287,94,366
287,95,382
287,96,366
287,97,370
287,98,376
287,99,381
287,100,370
287,101,375
287,102,369
287,103,365
287,104,371
287,105,380
287,106,382
287,107,379
287,108,382
287,109,377
287,110,375
287,111,373
287,112,380
287,113,389
287,114,369
287,115,377
287,116,370
287,117,371
287,118,359
287,119,384
287,120,382
287,121,377
287,122,378
287,123,367
287,124,373
287,125,363
287,126,378
287,127,384
287,128,383
287,129,381
287,130,380
287,131,373
287,132,379
287,133,371
287,134,380
287,135,372
287,136,387
287,137,376
287,138,387
287,139,363
287,140,368
287,141,376
287,142,365
287,143,364
287,144,376
287,145,380
287,146,371
287,147,384
287,148,368
287,149,373
287,150,373
287,151,361
287,152,376
287,153,386
287,154,376
287,155,382
287,156,378
287,157,367
287,158,371
287,159,377
287,160,376
287,161,376
287,162,363
287,163,373
287,164,368
287,165,366
287,166,373
287,167,382
287,168,377
287,169,369
287,170,376
287,171,369
287,172,380
287,173,379
287,174,373
287,175,395
287,176,373
287,177,375
287,178,379
287,179,374
287,180,363
287,181,374
287,182,377
287,183,378
287,184,381
287,185,376
287,186,385
287,187,369
287,188,373
287,189,374
287,190,380
287,191,374
287,192,376
287,193,383
287,194,366
287,195,381
287,196,384
287,197,372
287,198,384
287,199,379
287,200,376
288,1,5
288,2,24
288,3,88
288,4,227
288,5,347
288,6,371
288,7,380
288,8,381
288,9,366
288,10,382
288,11,372
288,12,377
288,13,366
288,14,363
288,15,378
288,16,378
288,17,372
288,18,377
288,19,381
288,20,382
288,21,370
288,22,371
288,23,375
288,24,378
288,25,379
288,26,386
288,27,387
288,28,382
288,29,375
288,30,369
288,31,364
288,32,382
288,33,384
288,34,379
288,35,370
288,36,380
288,37,373
288,38,381
288,39,385
288,40,368
288,41,364
288,42,361
288,43,367
288,44,388
288,45,366
288,46,378
288,47,375
288,48,373
288,49,378
288,50,383
288,51,378
288,52,373
288,53,382
288,54,372
288,55,365
288,56,383
288,57,386
288,58,381
288,59,364
288,60,373
288,61,362
288,62,376
288,63,358
288,64,385
288,65,377
288,66,377
288,67,383
288,68,378
288,69,377
288,70,370
288,71,364
288,72,379
288,73,370
288,74,373
288,75,383
288,76,364
288,77,368
288,78,371
288,79,380
288,80,375
288,81,374
288,82,382
288,83,360
288,84,385
288,85,370
288,86,380
288,87,367
288,88,389
288,89,384
288,90,373
288,91,383
288,92,381
288,93,377
288,94,376
288,95,387
288,96,374
288,97,361
288,98,375
288,99,373
288,100,377
288,101,386
288,102,372
288,103,384
288,104,362
288,105,367
288,106,367
288,107,376
288,108,373
288,109,379
288,110,377
288,111,378
288,112,373
288,113,379
288,114,388
288,115,382
288,116,369
288,117,374
288,118,386
288,119,378
288,120,372
288,121,374
288,122,365
288,123,369
288,124,373
288,125,363
288,126,372
288,127,379
288,128,385
288,129,374
288,130,374
288,131,370
288,132,359
288,133,373
288,134,386
288,135,373
288,136,370
288,137,368
288,138,374
288,139,383
288,140,379
288,141,377
288,142,367
288,143,378
288,144,373
288,145,382
288,146,370
288,147,371
288,148,375
288,149,379
288,150,375
288,151,374
288,152,380
288,153,388
288,154,375
288,155,383
288,156,373
288,157,365
288,158,370
288,159,374
288,160,373
288,161,388
288,162,372
288,163,380
288,164,365
288,165,374
288,166,373
288,167,382
288,168,392
288,169,376
288,170,380
288,171,364
288,172,362
288,173,374
288,174,371
288,175,372
288,176,368
288,177,380
288,178,373
288,179,360
288,180,360
288,181,363
288,182,370
288,183,368
288,184,373
288,185,381
288,186,363
288,187,361
288,188,384
288,189,377
288,190,364
288,191,350
288,192,374
288,193,385
288,194,380
288,195,386
288,196,369
288,197,366
288,198,374
288,199,376
288,200,381
289,1,6
289,2,24
289,3,94
289,4,251
289,5,365
289,6,390
289,7,382
289,8,361
289,9,375
289,10,381
289,11,374
289,12,352
289,13,374
289,14,359
289,15,356
289,16,375
289,17,369
289,18,387
289,19,369
289,20,381
289,21,387
289,22,374
289,23,385
289,24,370
289,25,355
289,26,381
289,27,369
289,28,374
289,29,379
289,30,376
289,31,371
289,32,376
289,33,383
289,34,378
289,35,388
289,36,382
289,37,363
289,38,360
289,39,384
289,40,367
289,41,379
289,42,379
289,43,379
289,44,367
289,45,378
289,46,368
289,47,380
289,48,376
289,49,368
289,50,378
289,51,377
289,52,381
289,53,372
289,54,389
289,55,363
289,56,372
289,57,370
289,58,373
289,59,378
289,60,367
289,61,377
289,62,377
289,63,381
289,64,382
289,65,374
289,66,360
289,67,373
289,68,373
289,69,371
289,70,382
289,71,378
289,72,379
289,73,382
289,74,383
289,75,376
289,76,377
289,77,364
289,78,382
289,79,376
289,80,379
289,81,384
289,82,379
289,83,387
289,84,380
289,85,386
289,86,367
289,87,368
289,88,371
289,89,358
289,90,372
289,91,379
289,92,376
289,93,372
289,94,368
289,95,376
289,96,384
289,97,369
289,98,382
289,99,376
289,100,368
289,101,382
289,102,386
289,103,366
289,104,368
289,105,370
289,106,375
289,107,384
289,108,368
289,109,371
289,110,376
289,111,374
289,112,370
289,113,363
289,114,355
289,115,356
289,116,371
289,117,377
289,118,370
289,119,365
289,120,385
289,121,371
289,122,373
289,123,373
289,124,386
289,125,374
289,126,367
289,127,388
289,128,381
289,129,371
289,130,376
289,131,369
289,132,372
289,133,362
289,134,377
289,135,389
289,136,365
289,137,378
289,138,369
289,139,382
289,140,382
289,141,356
289,142,377
289,143,376
289,144,388
289,145,376
289,146,387
289,147,373
289,148,376
289,149,374
289,150,358
289,151,373
289,152,369
289,153,370
289,154,385
289,155,382
289,156,386
289,157,384
289,158,373
289,159,380
289,160,358
289,161,375
289,162,373
289,163,378
289,164,369
289,165,386
289,166,378
289,167,376
289,168,369
289,169,386
289,170,374
289,171,361
289,172,373
289,173,379
289,174,373
289,175,371
289,176,374
289,177,383
289,178,379
289,179,377
289,180,384
289,181,369
289,182,366
289,183,379
289,184,368
289,185,366
289,186,368
289,187,366
289,188,380
289,189,379
289,190,390
289,191,369
289,192,372
289,193,367
289,194,370
289,195,374
289,196,369
289,197,372
289,198,385
289,199,370
289,200,378
290,1,4
290,2,18
290,3,70
290,4,215
290,5,349
290,6,375
290,7,373
290,8,380
290,9,361
290,10,394
290,11,372
290,12,376
290,13,369
290,14,374
290,15,371
290,16,377
290,17,363
290,18,382
290,19,374
290,20,374
290,21,358
290,22,376
290,23,368
290,24,387
290,25,372
290,26,371
290,27,388
290,28,371
290,29,369
290,30,382
290,31,368
290,32,377
290,33,359
290,34,377
290,35,375
290,36,386
290,37,368
290,38,376
290,39,373
290,40,382
290,41,365
290,42,367
290,43,387
290,44,371
290,45,376
290,46,370
290,47,361
290,48,384
290,49,369
290,50,385
290,51,391
290,52,377
290,53,372
290,54,386
290,55,375
290,56,376
290,57,366
290,58,364
290,59,381
290,60,375
290,61,369
290,62,385
290,63,375
290,64,377
290,65,388
290,66,379
290,67,378
290,68,387
290,69,361
290,70,372
290,71,387
290,72,369
290,73,377
290,74,386
290,75,370
290,76,374
290,77,379
290,78,377
290,79,372
290,80,377
290,81,368
290,82,376
290,83,371
290,84,384
290,85,369
290,86,380
290,87,376
290,88,363
290,89,383
290,90,376
290,91,365
290,92,376
290,93,361
290,94,374
290,95,385
290,96,365
290,97,377
290,98,361
290,99,369
290,100,380
290,101,380
290,102,365
290,103,393
290,104,369
290,105,373
290,106,382
290,107,385
290,108,374
290,109,369
290,110,380
290,111,372
290,112,373
290,113,381
290,114,381
290,115,373
290,116,373
290,117,360
290,118,377
290,119,356
290,120,374
290,121,368
290,122,378
290,123,369
290,124,370
290,125,381
290,126,367
290,127,373
290,128,371
290,129,381
290,130,375
290,131,378
290,132,371
290,133,362
290,134,373
290,135,382
290,136,381
290,137,381
290,138,371
290,139,386
290,140,372
290,141,371
290,142,371
290,143,375
290,144,381
290,145,356
290,146,377
290,147,367
290,148,376
290,149,367
290,150,374
290,151,374
290,152,360
290,153,378
290,154,375
290,155,378
290,156,380
290,157,370
290,158,381
290,159,372
290,160,389
290,161,382
290,162,375
290,163,379
290,164,385
290,165,376
290,166,379
290,167,367
290,168,355
290,169,368
290,170,378
290,171,367
290,172,382
290,173,370
290,174,372
290,175,383
290,176,380
290,177,378
290,178,381
290,179,373
290,180,362
290,181,383
290,182,363
290,183,383
290,184,360
290,185,366
290,186,376
290,187,367
290,188,370
290,189,379
290,190,373
290,191,381
290,192,367
290,193,384
290,194,374
290,195,374
290,196,369
290,197,389
290,198,382
290,199,374
290,200,370
291,1,3
291,2,10
291,3,47
291,4,156
291,5,286
291,6,371
291,7,379
291,8,381
291,9,370
291,10,383
291,11,369
291,12,373
291,13,374
291,14,383
291,15,372
291,16,356
291,17,362
291,18,376
291,19,368
291,20,376
291,21,381
291,22,382
291,23,354
291,24,384
291,25,379
291,26,371
291,27,374
291,28,368
291,29,376
291,30,379
291,31,384
291,32,375
291,33,385
291,34,373
291,35,374
291,36,375
291,37,369
291,38,377
291,39,368
291,40,368
291,41,369
291,42,377
291,43,374
291,44,370
291,45,380
291,46,366
291,47,380
291,48,378
291,49,376
291,50,378
291,51,367
291,52,367
291,53,373
291,54,388
291,55,356
291,56,363
291,57,370
291,58,377
291,59,388
291,60,378
291,61,385
291,62,369
291,63,376
291,64,370
291,65,381
291,66,377
291,67,374
291,68,374
291,69,382
291,70,379
291,71,369
291,72,369
291,73,359
291,74,365
291,75,381
291,76,368
291,77,380
291,78,370
291,79,382
291,80,366
291,81,360
291,82,382
291,83,367
291,84,380
291,85,385
291,86,380
291,87,376
291,88,371
291,89,366
291,90,366
291,91,378
291,92,379
291,93,382
291,94,384
291,95,371
291,96,376
291,97,368
291,98,375
291,99,369
291,100,378
291,101,378
291,102,369
291,103,381
291,104,370
291,105,371
291,106,380
291,107,381
291,108,365
291,109,357
291,110,372
291,111,367
291,112,382
291,113,378
291,114,379
291,115,371
291,116,378
291,117,364
291,118,374
291,119,380
291,120,365
291,121,374
291,122,383
291,123,374
291,124,382
291,125,382
291,126,363
291,127,370
291,128,374
291,129,376
291,130,387
291,131,372
291,132,373
291,133,375
291,134,363
291,135,380
291,136,375
291,137,378
291,138,370
291,139,368
291,140,370
291,141,371
291,142,373
291,143,377
291,144,373
291,145,366
291,146,373
291,147,369
291,148,372
291,149,377
291,150,379
291,151,364
291,152,373
291,153,379
291,154,369
291,155,360
291,156,362
291,157,387
291,158,378
291,159,369
291,160,381
291,161,376
291,162,383
291,163,364
291,164,377
291,165,372
291,166,380
291,167,375
291,168,376
291,169,362
291,170,374
291,171,374
291,172,373
291,173,379
291,174,364
291,175,379
291,176,380
291,177,383
291,178,383
291,179,379
291,180,381
291,181,382
291,182,376
291,183,385
291,184,366
291,185,374
291,186,378
291,187,362
291,188,376
291,189,370
291,190,362
291,191,380
291,192,384
291,193,374
291,194,368
291,195,368
291,196,374
291,197,377
291,198,363
291,199,361
291,200,380
292,1,3
292,2,11
292,3,45
292,4,146
292,5,309
292,6,374
292,7,368
292,8,373
292,9,366
292,10,387
292,11,380
292,12,373
292,13,371
292,14,383
292,15,379
292,16,376
292,17,375
292,18,383
292,19,361
292,20,366
292,21,372
292,22,377
292,23,375
292,24,378
292,25,376
292,26,365
292,27,375
292,28,381
292,29,365
292,30,380
292,31,382
292,32,376
292,33,370
292,34,374
292,35,372
292,36,369
292,37,378
292,38,376
292,39,387
292,40,381
292,41,377
292,42,368
292,43,381
292,44,370
292,45,375
292,46,381
292,47,369
292,48,369
292,49,377
292,50,367
292,51,376
292,52,382
292,53,373
292,54,356
292,55,374
292,56,370
292,57,377
292,58,365
292,59,367
292,60,379
292,61,374
292,62,372
292,63,369
292,64,381
292,65,377
292,66,368
292,67,374
292,68,368
292,69,362
292,70,369
292,71,379
292,72,379
292,73,385
292,74,364
292,75,355
292,76,373
292,77,375
292,78,370
292,79,376
292,80,368
292,81,375
292,82,385
292,83,376
292,84,375
292,85,378
292,86,374
292,87,373
292,88,371
292,89,380
292,90,370
292,91,375
292,92,385
292,93,367
292,94,375
292,95,371
292,96,364
292,97,378
292,98,382
292,99,377
292,100,367
292,101,376
292,102,377
292,103,390
292,104,375
292,105,387
292,106,369
292,107,364
292,108,370
292,109,369
292,110,376
292,111,367
292,112,374
292,113,366
292,114,354
292,115,362
292,116,381
292,117,381
292,118,370
292,119,383
292,120,362
292,121,368
292,122,378
292,123,370
292,124,370
292,125,378
292,126,379
292,127,380
292,128,379
292,129,391
292,130,368
292,131,381
292,132,387
292,133,361
292,134,369
292,135,367
292,136,368
292,137,361
292,138,368
292,139,378
292,140,377
292,141,378
292,142,389
292,143,386
292,144,375
292,145,388
292,146,368
292,147,383
292,148,378
292,149,380
292,150,379
292,151,365
292,152,361
292,153,366
292,154,392
292,155,378
292,156,381
292,157,375
292,158,379
292,159,386
292,160,391
292,161,369
292,162,390
292,163,375
292,164,382
292,165,378
292,166,378
292,167,392
292,168,360
292,169,363
292,170,391
292,171,377
292,172,367
292,173,374
292,174,379
292,175,376
292,176,380
292,177,380
292,178,376
292,179,366
292,180,366
292,181,383
292,182,371
292,183,371
292,184,370
292,185,367
292,186,368
292,187,371
292,188,377
292,189,367
292,190,376
292,191,370
292,192,383
292,193,385
292,194,376
292,195,364
292,196,372
292,197,363
292,198,379
292,199,365
292,200,363
293,1,5
293,2,21
293,3,71
293,4,210
293,5,346
293,6,371
293,7,379
293,8,366
293,9,367
293,10,373
293,11,372
293,12,378
293,13,379
293,14,373
293,15,373
293,16,377
293,17,373
293,18,383
293,19,375
293,20,368
293,21,381
293,22,376
293,23,384
293,24,373
293,25,371
293,26,380
293,27,366
293,28,367
293,29,375
293,30,385
293,31,366
293,32,381
293,33,378
293,34,381
293,35,378
293,36,376
293,37,371
293,38,367
293,39,388
293,40,365
293,41,370
293,42,374
293,43,385
293,44,371
293,45,381
293,46,376
293,47,378
293,48,363
293,49,375
293,50,374
293,51,380
293,52,384
293,53,373
293,54,374
293,55,364
293,56,387
293,57,375
293,58,384
293,59,385
293,60,375
293,61,374
293,62,373
293,63,385
293,64,377
293,65,373
293,66,374
293,67,367
293,68,382
293,69,370
293,70,364
293,71,377
293,72,371
293,73,375
293,74,384
293,75,374
293,76,372
293,77,368
293,78,379
293,79,359
293,80,384
293,81,381
293,82,366
293,83,374
293,84,375
293,85,366
293,86,388
293,87,379
293,88,368
293,89,375
293,90,387
293,91,376
293,92,386
293,93,383
293,94,365
293,95,378
293,96,384
293,97,383
293,98,375
293,99,370
293,100,369
293,101,375
293,102,381
293,103,384
293,104,355
293,105,383
293,106,372
293,107,373
293,108,371
293,109,382
293,110,380
293,111,372
293,112,375
293,113,372
293,114,372
293,115,373
293,116,373
293,117,378
293,118,386
293,119,376
293,120,372
293,121,372
293,122,369
293,123,371
293,124,371
293,125,381
293,126,379
293,127,366
293,128,378
293,129,375
293,130,369
293,131,374
293,132,373
293,133,370
293,134,357
293,135,383
293,136,399
293,137,376
293,138,374
293,139,376
293,140,358
293,141,380
293,142,369
293,143,372
293,144,370
293,145,388
293,146,379
293,147,389
293,148,385
293,149,387
293,150,373
293,151,385
293,152,384
293,153,383
293,154,383
293,155,375
293,156,374
293,157,377
293,158,383
293,159,354
293,160,373
293,161,387
293,162,375
293,163,375
293,164,384
293,165,374
293,166,376
293,167,389
293,168,377
293,169,376
293,170,369
293,171,379
293,172,394
293,173,379
293,174,366
293,175,375
293,176,362
293,177,377
293,178,391
293,179,381
293,180,379
293,181,384
293,182,368
293,183,372
293,184,371
293,185,383
293,186,375
293,187,368
293,188,376
293,189,377
293,190,372
293,191,387
293,192,371
293,193,375
293,194,373
293,195,370
293,196,380
293,197,368
293,198,373
293,199,374
293,200,393
294,1,6
294,2,30
294,3,97
294,4,236
294,5,342
294,6,374
294,7,381
294,8,374
294,9,371
294,10,378
294,11,377
294,12,379
294,13,358
294,14,367
294,15,381
294,16,377
294,17,368
294,18,370
294,19,375
294,20,370
294,21,370
294,22,375
294,23,365
294,24,387
294,25,379
294,26,372
294,27,391
294,28,376
294,29,378
294,30,374
294,31,365
294,32,376
294,33,369
294,34,375
294,35,374
294,36,370
294,37,369
294,38,362
294,39,386
294,40,377
294,41,373
294,42,378
294,43,373
294,44,394
294,45,363
294,46,373
294,47,364
294,48,395
294,49,381
294,50,377
294,51,376
294,52,357
294,53,377
294,54,375
294,55,378
294,56,369
294,57,368
294,58,366
294,59,375
294,60,371
294,61,386
294,62,376
294,63,365
294,64,379
294,65,385
294,66,371
294,67,363
294,68,349
294,69,374
294,70,377
294,71,385
294,72,377
294,73,368
294,74,380
294,75,373
294,76,384
294,77,379
294,78,380
294,79,380
294,80,365
294,81,369
294,82,372
294,83,377
294,84,363
294,85,374
294,86,384
294,87,377
294,88,369
294,89,366
294,90,372
294,91,379
294,92,372
294,93,374
294,94,379
294,95,370
294,96,377
294,97,374
294,98,372
294,99,369
294,100,383
294,101,372
294,102,368
294,103,375
294,104,381
294,105,382
294,106,370
294,107,364
294,108,383
294,109,382
294,110,384
294,111,375
294,112,367
294,113,373
294,114,370
294,115,372
294,116,378
294,117,377
294,118,372
294,119,370
294,120,355
294,121,377
294,122,370
294,123,373
294,124,386
294,125,377
294,126,372
294,127,378
294,128,380
294,129,369
294,130,370
294,131,363
294,132,366
294,133,371
294,134,368
294,135,374
294,136,368
294,137,378
294,138,369
294,139,374
294,140,373
294,141,376
294,142,366
294,143,371
294,144,387
294,145,366
294,146,379
294,147,385
294,148,374
294,149,383
294,150,371
294,151,374
294,152,381
294,153,372
294,154,380
294,155,375
294,156,377
294,157,389
294,158,364
294,159,363
294,160,370
294,161,376
294,162,373
294,163,374
294,164,386
294,165,378
294,166,384
294,167,377
294,168,366
294,169,375
294,170,360
294,171,375
294,172,382
294,173,377
294,174,384
294,175,365
294,176,362
294,177,378
294,178,375
294,179,372
294,180,376
294,181,371
294,182,379
294,183,370
294,184,368
294,185,365
294,186,378
294,187,370
294,188,376
294,189,370
294,190,368
294,191,374
294,192,385
294,193,358
294,194,377
294,195,358
294,196,380
294,197,376
294,198,372
294,199,373
294,200,369
295,1,6
295,2,32
295,3,120
295,4,260
295,5,370
295,6,366
295,7,367
295,8,381
295,9,375
295,10,378
295,11,380
295,12,384
295,13,378
295,14,370
295,15,365
295,16,376
295,17,376
295,18,378
295,19,379
295,20,377
295,21,380
295,22,364
295,23,370
295,24,367
295,25,375
295,26,371
295,27,368
295,28,384
295,29,369
295,30,368
295,31,379
295,32,367
295,33,372
295,34,383
295,35,366
295,36,376
295,37,369
295,38,373
295,39,374
295,40,379
295,41,363
295,42,364
295,43,382
295,44,369
295,45,372
295,46,381
295,47,367
295,48,391
295,49,374
295,50,372
295,51,387
295,52,374
295,53,371
295,54,368
295,55,375
295,56,369
295,57,373
295,58,377
295,59,378
295,60,382
295,61,374
295,62,390
295,63,373
295,64,376
295,65,358
295,66,371
295,67,381
295,68,396
295,69,380
295,70,368
295,71,374
295,72,364
295,73,373
295,74,380
295,75,367
295,76,367
295,77,369
295,78,372
295,79,371
295,80,367
295,81,375
295,82,366
295,83,360
295,84,377
295,85,376
295,86,367
295,87,373
295,88,367
295,89,379
295,90,382
295,91,372
295,92,369
295,93,369
295,94,391
295,95,374
295,96,374
295,97,384
295,98,386
295,99,372
295,100,382
295,101,366
295,102,370
295,103,385
295,104,376
295,105,368
295,106,375
295,107,372
295,108,373
295,109,375
295,110,356
295,111,367
295,112,377
295,113,358
295,114,376
295,115,372
295,116,378
295,117,381
295,118,374
295,119,377
295,120,384
295,121,365
295,122,377
295,123,374
295,124,370
295,125,378
295,126,383
295,127,383
295,128,360
295,129,388
295,130,375
295,131,376
295,132,366
295,133,380
295,134,385
295,135,377
295,136,373
295,137,373
295,138,384
295,139,375
295,140,382
295,141,369
295,142,370
295,143,373
295,144,372
295,145,371
295,146,369
295,147,384
295,148,374
295,149,375
295,150,368
295,151,363
295,152,368
295,153,386
295,154,369
295,155,369
295,156,361
295,157,371
295,158,380
295,159,361
295,160,375
295,161,367
295,162,377
295,163,366
295,164,367
295,165,365
295,166,379
295,167,371
295,168,376
295,169,369
295,170,372
295,171,373
295,172,377
295,173,363
295,174,381
295,175,379
295,176,372
295,177,371
295,178,383
295,179,372
295,180,373
295,181,374
295,182,374
295,183,379
295,184,381
295,185,365
295,186,373
295,187,383
295,188,371
295,189,375
295,190,363
295,191,382
295,192,374
295,193,364
295,194,364
295,195,364
295,196,381
295,197,370
295,198,373
295,199,383
295,200,384
296,1,6
296,2,19
296,3,70
296,4,210
296,5,353
296,6,379
296,7,385
296,8,374
296,9,367
296,10,376
296,11,380
296,12,378
296,13,376
296,14,364
296,15,386
296,16,374
296,17,375
296,18,380
296,19,367
296,20,374
296,21,375
296,22,373
296,23,385
296,24,365
296,25,364
296,26,360
296,27,384
296,28,378
296,29,377
296,30,388
296,31,368
296,32,371
296,33,376
296,34,363
296,35,380
296,36,382
296,37,373
296,38,365
296,39,380
296,40,377
296,41,368
296,42,367
296,43,371
296,44,373
296,45,383
296,46,369
296,47,367
296,48,388
296,49,383
296,50,384
296,51,376
296,52,369
296,53,382
296,54,363
296,55,377
296,56,374
296,57,380
296,58,368
296,59,360
296,60,367
296,61,377
296,62,364
296,63,375
296,64,378
296,65,379
296,66,375
296,67,375
296,68,375
296,69,380
296,70,376
296,71,371
296,72,372
296,73,376
296,74,380
296,75,383
296,76,367
296,77,375
296,78,364
296,79,372
296,80,374
296,81,374
296,82,376
296,83,355
296,84,377
296,85,369
296,86,380
296,87,377
296,88,384
296,89,372
296,90,385
296,91,378
296,92,373
296,93,368
296,94,376
296,95,370
296,96,376
296,97,368
296,98,381
296,99,368
296,100,375
296,101,354
296,102,375
296,103,371
296,104,376
296,105,378
296,106,382
296,107,375
296,108,367
296,109,378
296,110,369
296,111,372
296,112,372
296,113,375
296,114,374
296,115,381
296,116,378
296,117,386
296,118,380
296,119,370
296,120,361
296,121,370
296,122,383
296,123,368
296,124,376
296,125,373
296,126,381
296,127,373
296,128,377
296,129,385
296,130,379
296,131,386
296,132,388
296,133,369
296,134,376
296,135,363
296,136,366
296,137,377
296,138,377
296,139,382
296,140,371
296,141,379
296,142,357
296,143,375
296,144,381
296,145,373
296,146,367
296,147,375
296,148,398
296,149,375
296,150,376
296,151,387
296,152,385
296,153,368
296,154,373
296,155,377
296,156,366
296,157,385
296,158,379
296,159,374
296,160,380
296,161,389
296,162,379
296,163,370
296,164,375
296,165,377
296,166,362
296,167,380
296,168,373
296,169,378
296,170,376
296,171,380
296,172,381
296,173,379
296,174,376
296,175,376
296,176,374
296,177,379
296,178,373
296,179,373
296,180,368
296,181,376
296,182,369
296,183,382
296,184,376
296,185,380
296,186,370
296,187,380
296,188,371
296,189,374
296,190,382
296,191,369
296,192,382
296,193,387
296,194,378
296,195,372
296,196,379
296,197,377
296,198,373
296,199,366
296,200,370
297,1,1
297,2,8
297,3,33
297,4,132
297,5,296
297,6,349
297,7,360
297,8,370
297,9,375
297,10,369
297,11,384
297,12,368
297,13,389
297,14,388
297,15,393
297,16,377
297,17,364
297,18,387
297,19,376
297,20,364
297,21,370
297,22,376
297,23,382
297,24,382
297,25,386
297,26,379
297,27,373
297,28,386
297,29,385
297,30,377
297,31,371
297,32,374
297,33,360
297,34,370
297,35,381
297,36,390
297,37,379
297,38,364
297,39,375
297,40,367
297,41,372
297,42,377
297,43,373
297,44,377
297,45,380
297,46,361
297,47,368
297,48,370
297,49,372
297,50,373
297,51,378
297,52,375
297,53,367
297,54,373
297,55,379
297,56,378
297,57,376
297,58,381
297,59,376
297,60,385
297,61,372
297,62,367
297,63,372
297,64,368
297,65,375
297,66,382
297,67,370
297,68,379
297,69,371
297,70,369
297,71,375
297,72,376
297,73,359
297,74,376
297,75,372
297,76,364
297,77,378
297,78,366
297,79,366
297,80,377
297,81,376
297,82,379
297,83,362
297,84,380
297,85,375
297,86,363
297,87,387
297,88,386
297,89,368
297,90,375
297,91,373
297,92,371
297,93,371
297,94,370
297,95,363
297,96,372
297,97,372
297,98,357
297,99,372
297,100,370
297,101,371
297,102,371
297,103,366
297,104,371
297,105,371
297,106,376
297,107,373
297,108,377
297,109,378
297,110,385
297,111,370
297,112,364
297,113,375
297,114,376
297,115,371
297,116,372
297,117,386
297,118,367
297,119,382
297,120,377
297,121,370
297,122,385
297,123,368
297,124,370
297,125,377
297,126,373
297,127,372
297,128,373
297,129,377
297,130,371
297,131,374
297,132,372
297,133,376
297,134,374
297,135,384
297,136,377
297,137,386
297,138,379
297,139,381
297,140,378
297,141,374
297,142,386
297,143,368
297,144,366
297,145,360
297,146,362
297,147,381
297,148,376
297,149,373
297,150,382
297,151,377
297,152,374
297,153,390
297,154,370
297,155,372
297,156,364
297,157,365
297,158,372
297,159,372
297,160,385
297,161,368
297,162,378
297,163,363
297,164,369
297,165,379
297,166,367
297,167,364
297,168,376
297,169,377
297,170,383
297,171,369
297,172,364
297,173,382
297,174,377
297,175,366
297,176,366
297,177,395
297,178,372
297,179,383
297,180,378
297,181,374
297,182,366
297,183,383
297,184,365
297,185,379
297,186,370
297,187,379
297,188,376
297,189,365
297,190,375
297,191,375
297,192,383
297,193,370
297,194,369
297,195,370
297,196,368
297,197,372
297,198,385
297,199,384
297,200,377
298,1,6
298,2,29
298,3,99
298,4,275
298,5,380
298,6,368
298,7,371
298,8,367
298,9,374
298,10,379
298,11,383
298,12,383
298,13,372
298,14,371
298,15,383
298,16,367
298,17,373
298,18,376
298,19,381
298,20,384
298,21,377
298,22,391
298,23,375
298,24,374
298,25,374
298,26,375
298,27,372
298,28,388
298,29,372
298,30,376
298,31,360
298,32,380
298,33,369
298,34,374
298,35,376
298,36,379
298,37,374
298,38,374
298,39,371
298,40,380
298,41,370
298,42,355
298,43,361
298,44,368
298,45,379
298,46,389
298,47,376
298,48,361
298,49,368
298,50,361
298,51,359
298,52,384
298,53,358
298,54,379
298,55,377
298,56,380
298,57,376
298,58,389
298,59,361
298,60,376
298,61,359
298,62,377
298,63,357
298,64,372
298,65,375
298,66,383
298,67,372
298,68,394
298,69,380
298,70,378
298,71,366
298,72,362
298,73,372
298,74,383
298,75,384
298,76,360
298,77,376
298,78,389
298,79,379
298,80,381
298,81,375
298,82,372
298,83,375
298,84,384
298,85,381
298,86,368
298,87,379
298,88,375
298,89,371
298,90,373
298,91,383
298,92,380
298,93,379
298,94,371
298,95,374
298,96,379
298,97,375
298,98,374
298,99,361
298,100,375
298,101,380
298,102,378
298,103,375
298,104,386
298,105,382
298,106,378
298,107,369
298,108,365
298,109,366
298,110,367
298,111,358
298,112,364
298,113,376
298,114,374
298,115,373
298,116,377
298,117,365
298,118,374
298,119,366
298,120,384
298,121,379
298,122,383
298,123,375
298,124,382
298,125,361
298,126,382
298,127,388
298,128,369
298,129,376
298,130,369
298,131,373
298,132,387
298,133,364
298,134,385
298,135,382
298,136,382
298,137,363
298,138,368
298,139,372
298,140,374
298,141,377
298,142,376
298,143,381
298,144,384
298,145,381
298,146,384
298,147,363
298,148,383
298,149,377
298,150,375
298,151,384
298,152,381
298,153,384
298,154,374
298,155,375
298,156,376
298,157,376
298,158,386
298,159,381
298,160,386
298,161,376
298,162,382
298,163,379
298,164,371
298,165,367
298,166,362
298,167,367
298,168,370
298,169,378
298,170,359
298,171,379
298,172,364
298,173,366
298,174,374
298,175,381
298,176,371
298,177,381
298,178,390
298,179,370
298,180,371
298,181,376
298,182,360
298,183,375
298,184,364
298,185,368
298,186,381
298,187,369
298,188,379
298,189,370
298,190,379
298,191,369
298,192,369
298,193,371
298,194,378
298,195,380
298,196,360
298,197,378
298,198,388
298,199,372
298,200,369
299,1,4
299,2,21
299,3,76
299,4,227
299,5,357
299,6,366
299,7,374
299,8,370
299,9,373
299,10,383
299,11,376
299,12,375
299,13,369
299,14,370
299,15,367
299,16,367
299,17,379
299,18,375
299,19,384
299,20,374
299,21,381
299,22,369
299,23,374
299,24,373
299,25,378
299,26,373
299,27,382
299,28,365
299,29,379
299,30,364
299,31,369
299,32,376
299,33,382
299,34,376
299,35,372
299,36,374
299,37,367
299,38,379
299,39,381
299,40,359
299,41,379
299,42,378
299,43,381
299,44,383
299,45,363
299,46,380
299,47,373
299,48,367
299,49,371
299,50,383
299,51,371
299,52,372
299,53,373
299,54,364
299,55,372
299,56,383
299,57,374
299,58,376
299,59,371
299,60,372
299,61,381
299,62,367
299,63,355
299,64,352
299,65,377
299,66,367
299,67,376
299,68,377
299,69,370
299,70,384
299,71,367
299,72,368
299,73,386
299,74,377
299,75,371
299,76,370
299,77,369
299,78,382
299,79,365
299,80,381
299,81,375
299,82,376
299,83,380
299,84,383
299,85,388
299,86,382
299,87,365
299,88,385
299,89,368
299,90,376
299,91,380
299,92,376
299,93,365
299,94,387
299,95,381
299,96,374
299,97,365
299,98,384
299,99,371
299,100,366
299,101,366
299,102,373
299,103,370
299,104,375
299,105,385
299,106,376
299,107,378
299,108,369
299,109,383
299,110,364
299,111,376
299,112,377
299,113,369
299,114,383
299,115,377
299,116,388
299,117,371
299,118,376
299,119,377
299,120,363
299,121,377
299,122,367
299,123,363
299,124,361
299,125,363
299,126,366
299,127,380
299,128,383
299,129,373
299,130,380
299,131,371
299,132,368
299,133,380
299,134,372
299,135,381
299,136,376
299,137,370
299,138,369
299,139,366
299,140,376
299,141,378
299,142,375
299,143,366
299,144,372
299,145,371
299,146,369
299,147,374
299,148,373
299,149,360
299,150,381
299,151,386
299,152,378
299,153,371
299,154,388
299,155,373
299,156,374
299,157,365
299,158,367
299,159,373
299,160,375
299,161,376
299,162,371
299,163,379
299,164,369
299,165,378
299,166,380
299,167,376
299,168,362
299,169,383
299,170,373
299,171,374
299,172,364
299,173,375
299,174,375
299,175,365
299,176,358
299,177,387
299,178,360
299,179,370
299,180,374
299,181,381
299,182,371
299,183,381
299,184,372
299,185,365
299,186,360
299,187,366
299,188,378
299,189,375
299,190,372
299,191,392
299,192,386
299,193,370
299,194,377
299,195,372
299,196,369
299,197,384
299,198,377
299,199,357
299,200,367
300,1,1
300,2,4
300,3,17
300,4,59
300,5,171
300,6,319
300,7,361
300,8,357
300,9,372
300,10,371
300,11,373
300,12,377
300,13,381
300,14,381
300,15,372
300,16,359
300,17,372
300,18,363
300,19,388
300,20,376
300,21,381
300,22,380
300,23,371
300,24,394
300,25,372
300,26,382
300,27,367
300,28,384
300,29,374
300,30,379
300,31,381
300,32,370
300,33,374
300,34,372
300,35,369
300,36,377
300,37,373
300,38,381
300,39,378
300,40,381
300,41,368
300,42,373
300,43,379
300,44,365
300,45,376
300,46,371
300,47,392
300,48,365
300,49,376
300,50,382
300,51,368
300,52,366
300,53,358
300,54,386
300,55,387
300,56,373
300,57,386
300,58,362
300,59,375
300,60,365
300,61,365
300,62,379
300,63,378
300,64,373
300,65,380
300,66,371
300,67,382
300,68,365
300,69,376
300,70,379
300,71,376
300,72,380
300,73,371
300,74,375
300,75,374
300,76,373
300,77,363
300,78,375
300,79,373
300,80,375
300,81,361
300,82,371
300,83,367
300,84,369
300,85,378
300,86,376
300,87,387
300,88,372
300,89,379
300,90,369
300,91,364
300,92,368
300,93,384
300,94,376
300,95,361
300,96,369
300,97,371
300,98,376
300,99,388
300,100,380
300,101,374
300,102,376
300,103,372
300,104,365
300,105,370
300,106,377
300,107,366
300,108,379
300,109,367
300,110,372
300,111,375
300,112,363
300,113,363
300,114,373
300,115,384
300,116,378
300,117,371
300,118,381
300,119,375
300,120,371
300,121,361
300,122,379
300,123,385
300,124,377
300,125,380
300,126,380
300,127,362
300,128,369
300,129,378
300,130,383
300,131,365
300,132,377
300,133,380
300,134,379
300,135,367
300,136,376
300,137,377
300,138,384
300,139,369
300,140,374
300,141,378
300,142,375
300,143,364
300,144,370
300,145,377
300,146,371
300,147,380
300,148,386
300,149,373
300,150,365
300,151,376
300,152,382
300,153,370
300,154,390
300,155,378
300,156,365
300,157,373
300,158,370
300,159,371
300,160,372
300,161,368
300,162,364
300,163,376
300,164,369
300,165,378
300,166,370
300,167,390
300,168,379
300,169,362
300,170,369
300,171,384
300,172,359
300,173,379
300,174,387
300,175,368
300,176,377
300,177,362
300,178,367
300,179,374
300,180,372
300,181,378
300,182,378
300,183,367
300,184,374
300,185,374
300,186,370
300,187,382
300,188,355
300,189,371
300,190,377
300,191,374
300,192,368
300,193,367
300,194,367
300,195,385
300,196,389
300,197,368
300,198,377
300,199,390
300,200,375
